***** epoch: 0 ***** 
trn_loss: 0.021252378226729155 
tst_loss: 0.02125237822582515 
naive_trn_accuracy: 0.064654017857143 
naive_tst_accuracy: 0.06533658239415178  
pck_val_accuracy: 0.15824461861622943  
[0.0 0.0 0.0 0.0 0.0 0.0 0.0 0.0 0.0 0.0 0.0 0.0 0.0 0.0; 0.0 0.0 0.0 0.0 0.0 0.0 0.0 0.0 0.0 0.0 0.0 0.0 0.0 0.0; 0.0 0.0 0.0 0.0 0.0 0.0 0.0 0.0 0.0 0.0 0.0 0.0 0.0 0.0; 0.52 0.38 0.37 0.7 0.38 0.52 1.25 0.37 1.01 0.73 0.6 0.88 1.98 2.76; 0.7 0.31 0.28 0.37 0.21 0.12 0.73 0.36 0.91 0.73 1.19 0.46 2.66 2.84; 0.59 0.36 0.34 0.59 0.32 0.38 1.08 0.37 0.98 0.73 0.8 0.74 2.21 2.79; 1.57 1.21 1.59 2.62 1.15 2.13 4.16 2.26 3.72 2.89 2.16 3.2 8.8 9.35; 2.11 0.82 1.29 1.3 1.24 0.95 3.12 1.82 3.74 2.66 2.3 1.75 9.07 9.07; 1.76 1.07 1.49 2.18 1.18 1.72 3.82 2.11 3.73 2.81 2.21 2.71 8.89 9.26; 4.25 2.58 3.23 5.38 2.74 5.68 8.33 4.75 8.55 7.25 4.19 6.16 18.47 17.46; 4.58 2.57 3.14 3.62 2.16 3.46 6.15 3.38 8.2 5.95 3.67 3.97 17.49 17.95; 4.37 2.58 3.2 4.79 2.54 4.9 7.6 4.29 8.43 6.82 4.01 5.43 18.14 17.62; 6.54 4.5 5.81 8.33 4.66 9.23 12.91 7.71 12.73 12.94 6.85 10.1 29.71 27.31; 5.87 4.53 5.72 7.42 3.6 5.73 10.47 6.66 13.4 10.16 6.52 6.65 25.18 26.74; 6.3 4.51 5.78 8.03 4.29 8.0 12.09 7.36 12.95 12.01 6.74 8.95 28.19 27.12; 9.42 5.93 8.72 12.5 7.35 12.46 16.43 10.43 18.06 18.22 10.07 14.08 41.69 36.57; 7.98 6.59 7.66 10.02 6.28 8.59 13.59 9.31 17.59 14.84 9.18 10.16 33.88 34.8; 8.91 6.16 8.36 11.67 6.98 11.1 15.48 10.05 17.9 17.09 9.78 12.77 39.07 35.98; 13.02 8.73 11.95 16.29 9.98 16.07 19.76 13.8 22.93 23.63 13.71 18.02 51.73 44.13; 10.8 9.17 10.61 12.8 8.44 11.58 16.71 11.59 21.33 19.41 12.21 13.57 40.84 41.3; 12.23 8.88 11.5 15.12 9.45 14.5 18.74 13.06 22.4 22.23 13.21 16.53 48.08 43.18; 15.58 11.81 15.79 20.04 13.38 19.5 22.63 17.81 27.39 28.96 16.93 21.07 59.51 50.3; 12.79 11.33 13.93 15.96 10.3 13.84 19.1 14.23 24.52 22.44 14.97 16.44 46.52 47.53; 14.58 11.64 15.16 18.67 12.31 17.51 21.45 16.61 26.43 26.78 16.27 19.52 55.16 49.37; 18.52 14.5 19.63 24.86 16.73 22.4 25.78 22.01 31.53 34.28 20.33 24.92 65.68 55.64; 14.91 14.62 16.7 19.29 13.9 15.39 22.59 16.06 27.16 26.56 18.27 19.76 50.0 51.65; 17.23 14.54 18.65 22.99 15.75 19.94 24.71 20.01 30.06 31.7 19.64 23.2 60.44 54.31; 21.27 17.9 23.06 28.98 19.8 24.47 28.69 25.61 35.43 39.24 24.06 28.11 70.06 59.24; 16.9 16.37 20.39 23.01 16.48 17.9 24.61 18.8 30.17 30.95 20.84 22.25 53.85 54.03; 19.71 17.37 22.16 26.98 18.65 22.16 27.32 23.32 33.67 36.47 22.98 26.16 64.63 57.49; 23.76 20.98 27.27 33.33 23.04 26.21 31.47 29.49 38.6 44.52 27.0 31.45 73.24 62.46; 17.96 18.95 23.62 25.97 19.26 20.05 26.72 22.54 32.63 34.34 24.43 24.28 56.23 56.41; 21.68 20.27 26.04 30.86 21.73 24.05 29.88 27.15 36.6 41.12 26.14 29.06 67.55 60.44]
***** epoch: 1 ***** 
trn_loss: 0.01945522555789468 
tst_loss: 0.019455225555779287 
naive_trn_accuracy: 0.11164062499999995 
naive_tst_accuracy: 0.11313693921065215  
pck_val_accuracy: 0.23374313438279304  
[0.0 0.0 0.0 0.0 0.0 0.0 0.0 0.0 0.0 0.0 0.0 0.0 0.0 0.0; 0.0 0.0 0.0 0.0 0.0 0.0 0.0 0.0 0.0 0.0 0.0 0.0 0.0 0.0; 0.0 0.0 0.0 0.0 0.0 0.0 0.0 0.0 0.0 0.0 0.0 0.0 0.0 0.0; 1.37 0.66 0.94 1.17 0.6 1.29 1.25 0.78 1.75 2.02 0.97 0.88 3.68 3.68; 1.88 0.41 0.65 0.65 0.51 1.43 1.01 0.91 2.46 1.47 1.01 1.11 4.58 4.49; 1.55 0.57 0.84 1.0 0.57 1.34 1.17 0.83 1.99 1.83 0.98 0.96 3.98 3.95; 4.06 1.76 3.42 4.31 1.97 4.91 5.78 3.28 7.22 7.62 3.22 3.75 13.13 14.23; 4.81 1.85 3.23 2.69 1.75 4.18 5.23 2.83 7.93 6.68 2.94 4.16 14.38 14.93; 4.33 1.79 3.36 3.76 1.9 4.65 5.6 3.13 7.45 7.31 3.13 3.89 13.55 14.47; 9.69 3.84 6.51 7.58 4.5 9.43 11.24 6.69 14.57 15.51 7.73 8.38 26.9 27.91; 10.21 4.63 5.9 6.68 4.33 8.11 9.37 5.38 14.22 13.19 5.51 8.03 25.92 27.11; 9.87 4.12 6.31 7.28 4.44 8.97 10.62 6.25 14.45 14.74 6.99 8.27 26.57 27.64; 13.42 5.88 10.97 12.87 7.35 14.98 16.52 10.52 22.33 24.41 11.55 14.13 41.59 39.71; 13.85 6.9 9.96 11.13 7.21 12.29 12.58 9.67 20.51 20.33 9.73 12.47 38.0 38.46; 13.57 6.23 10.63 12.29 7.3 14.03 15.2 10.24 21.72 23.05 10.94 13.57 40.39 39.29; 18.52 8.35 15.89 18.77 10.53 20.72 21.89 14.58 29.64 32.54 15.5 18.94 53.43 48.96; 17.14 9.68 13.93 15.86 10.2 15.87 16.99 13.05 25.34 27.01 13.04 16.07 47.99 47.34; 18.03 8.81 15.23 17.8 10.42 19.02 20.25 14.07 28.2 30.69 14.68 17.98 51.61 48.42; 23.23 11.42 20.71 25.19 14.1 24.27 26.7 18.55 36.03 39.47 19.92 23.16 63.2 56.93; 20.42 13.39 18.27 20.69 13.18 18.62 20.84 16.33 29.54 31.68 16.16 20.22 54.3 53.21; 22.23 12.11 19.89 23.68 13.78 22.29 24.74 17.81 33.85 36.87 18.66 22.18 60.22 55.68; 26.57 14.83 25.3 30.85 17.11 27.89 30.17 23.35 40.58 45.3 23.51 27.51 71.21 62.46; 22.65 16.37 22.05 24.58 15.86 20.88 23.42 19.98 33.27 35.62 20.11 23.82 59.07 58.61; 25.17 15.37 24.21 28.75 16.68 25.43 27.91 22.22 38.13 42.07 22.37 26.28 67.15 61.17; 29.91 18.56 30.18 35.63 21.01 31.57 33.69 27.55 44.99 49.52 27.64 30.99 75.86 67.62; 26.06 19.26 25.83 29.96 18.43 23.03 26.17 22.81 37.01 39.47 24.43 26.69 62.36 62.27; 28.53 18.8 28.71 33.73 20.11 28.57 31.17 25.96 42.32 46.16 26.57 29.55 71.35 65.83; 32.85 21.53 35.33 40.82 24.57 34.86 36.79 31.33 48.81 54.06 31.0 34.18 79.32 70.84; 28.4 22.04 29.24 34.42 21.63 24.7 27.92 26.28 40.02 43.04 27.92 29.18 64.65 64.38; 31.26 21.7 33.28 38.67 23.55 31.29 33.82 29.64 45.86 50.38 29.97 32.51 74.41 68.68; 34.75 24.33 40.11 45.27 27.98 37.25 39.29 35.12 52.71 58.01 33.58 37.52 81.48 73.61; 29.46 24.92 33.39 37.57 23.27 27.8 29.94 29.74 41.48 46.15 31.22 32.41 66.21 66.39; 32.86 24.53 37.85 42.69 26.34 33.93 36.15 33.31 48.95 54.05 32.79 35.81 76.37 71.19]
***** epoch: 2 ***** 
trn_loss: 0.01823750658898286 
tst_loss: 0.018237506585188416 
naive_trn_accuracy: 0.1430552455357138 
naive_tst_accuracy: 0.1437274270049166  
pck_val_accuracy: 0.27993558122251433  
[0.0 0.0 0.0 0.0 0.0 0.0 0.0 0.0 0.0 0.0 0.0 0.0 0.0 0.0; 0.0 0.0 0.0 0.0 0.0 0.0 0.0 0.0 0.0 0.0 0.0 0.0 0.0 0.0; 0.0 0.0 0.0 0.0 0.0 0.0 0.0 0.0 0.0 0.0 0.0 0.0 0.0 0.0; 1.9 0.66 1.31 1.31 0.88 2.0 1.67 0.97 2.62 2.75 1.47 1.71 4.51 4.15; 2.93 0.51 1.29 1.21 0.82 2.39 1.84 1.28 3.56 2.93 0.92 1.94 4.4 4.76; 2.27 0.61 1.31 1.28 0.86 2.14 1.72 1.07 2.93 2.81 1.29 1.79 4.47 4.35; 6.61 2.14 5.67 4.87 3.35 6.84 6.94 4.48 7.77 9.64 4.28 5.7 15.71 15.89; 7.98 2.47 4.34 3.99 2.57 6.68 5.69 3.92 9.3 10.26 4.13 6.19 16.85 17.49; 7.1 2.26 5.22 4.57 3.08 6.79 6.52 4.29 8.28 9.84 4.23 5.86 16.09 16.43; 13.87 5.05 9.98 9.74 6.69 13.23 13.19 9.6 15.9 19.14 9.75 12.09 30.77 31.28; 15.14 5.66 8.58 9.0 5.05 12.29 9.92 8.03 16.77 19.05 7.9 10.43 31.87 31.78; 14.33 5.27 9.51 9.49 6.12 12.9 12.09 9.07 16.19 19.11 9.13 11.54 31.14 31.44; 20.42 8.18 15.46 15.26 10.37 19.82 19.67 14.91 25.18 29.83 16.01 18.57 46.34 43.8; 21.6 8.34 14.11 14.19 8.75 18.14 15.43 12.04 23.61 27.11 12.03 15.6 44.78 41.48; 20.84 8.24 15.01 14.9 9.81 19.23 18.25 13.94 24.66 28.92 14.68 17.58 45.82 43.03; 25.92 11.97 20.9 22.24 14.76 25.31 25.45 20.07 34.01 38.32 20.79 23.85 60.06 53.43; 25.0 12.36 19.93 19.2 12.05 21.12 19.65 15.97 29.35 33.52 16.8 20.5 54.58 48.9; 25.59 12.11 20.57 21.22 13.82 23.84 23.51 18.69 32.45 36.72 19.46 22.73 58.23 51.92; 30.3 15.1 26.8 28.6 18.65 30.08 30.5 24.41 41.31 46.26 25.48 28.11 69.37 61.81; 28.17 14.83 26.01 24.12 15.14 25.78 22.77 18.7 34.28 38.0 20.57 24.01 61.26 56.32; 29.54 15.01 26.54 27.1 17.43 28.57 27.91 22.49 38.96 43.5 23.84 26.74 66.66 59.98; 34.36 19.44 32.71 34.74 22.33 33.18 33.87 28.7 46.78 51.95 30.08 32.24 75.82 68.03; 31.22 18.33 30.35 29.87 18.54 29.36 25.71 23.27 38.92 42.77 24.79 27.33 66.03 61.63; 33.24 19.05 31.91 33.11 21.01 31.84 31.14 26.88 44.15 48.88 28.32 30.6 72.54 65.89; 38.35 23.28 38.28 40.54 26.71 36.93 36.93 32.95 52.02 56.4 34.5 36.31 79.87 72.32; 33.45 22.25 33.95 35.06 21.94 31.26 28.93 26.92 41.84 46.34 28.01 30.93 69.32 65.48; 36.6 22.92 36.82 38.71 25.05 34.94 34.25 30.92 48.61 53.04 32.33 34.52 76.34 70.03; 41.03 27.24 42.69 45.27 31.16 39.9 40.26 37.33 55.74 60.95 37.99 39.69 82.59 76.09; 35.8 25.75 38.28 40.26 26.47 33.05 31.77 29.65 44.21 49.91 31.96 32.96 71.7 68.04; 39.16 26.72 41.21 43.59 29.53 37.49 37.42 34.75 51.88 57.26 35.98 37.45 78.95 73.4; 43.06 30.92 48.08 50.19 35.16 42.35 42.02 40.79 58.59 64.3 41.31 42.47 84.8 78.77; 37.09 28.73 42.71 44.81 29.15 35.32 34.16 32.94 46.86 52.56 35.08 35.92 73.08 70.42; 40.92 30.16 46.27 48.38 33.07 39.88 39.38 38.16 54.66 60.38 39.23 40.28 80.88 75.97]
***** epoch: 3 ***** 
trn_loss: 0.017682825209545654 
tst_loss: 0.017682825211429224 
naive_trn_accuracy: 0.16445033482142798 
naive_tst_accuracy: 0.16674644271354538  
pck_val_accuracy: 0.31335166170682494  
[0.0 0.0 0.0 0.0 0.0 0.0 0.0 0.0 0.0 0.0 0.0 0.0 0.0 0.0; 0.0 0.0 0.0 0.0 0.0 0.0 0.0 0.0 0.0 0.0 0.0 0.0 0.0 0.0; 0.0 0.0 0.0 0.0 0.0 0.0 0.0 0.0 0.0 0.0 0.0 0.0 0.0 0.0; 2.03 1.04 1.36 1.54 1.04 2.45 2.59 1.75 3.17 3.76 1.56 2.27 4.38 5.11; 3.52 0.62 1.57 0.93 0.62 1.55 2.75 1.82 3.28 3.48 1.56 2.22 5.22 6.59; 2.56 0.9 1.43 1.34 0.89 2.14 2.65 1.78 3.21 3.67 1.56 2.25 4.66 5.61; 7.4 3.73 5.53 5.85 4.39 7.3 9.44 4.94 10.8 11.66 6.16 7.5 17.18 17.64; 9.51 2.57 5.63 4.17 2.78 6.92 8.36 5.11 10.03 10.62 5.6 8.03 18.68 18.5; 8.15 3.33 5.56 5.29 3.83 7.16 9.08 5.0 10.54 11.31 5.98 7.68 17.68 17.93; 15.77 7.25 11.67 10.91 7.79 14.53 15.96 10.75 20.91 23.31 12.19 14.64 33.95 32.66; 16.78 6.18 11.07 9.18 7.0 13.72 14.42 9.12 18.87 21.7 10.84 13.76 34.07 32.6; 16.13 6.88 11.47 10.33 7.52 14.24 15.45 10.21 20.23 22.78 11.74 14.34 33.99 32.64; 22.64 11.15 18.32 16.99 13.66 21.17 22.86 15.78 30.84 33.78 18.81 21.68 48.78 45.69; 23.94 9.89 17.8 16.33 11.64 19.33 19.56 14.78 26.44 31.41 15.43 18.56 47.71 43.68; 23.11 10.71 18.15 16.77 12.96 20.53 21.75 15.45 29.36 32.99 17.68 20.64 48.42 45.02; 28.47 16.31 24.79 24.91 19.2 27.18 29.34 20.44 40.07 42.31 25.44 26.91 61.77 55.64; 27.82 14.01 23.62 23.1 14.73 23.99 23.32 18.8 32.91 38.1 20.39 23.27 57.33 53.21; 28.24 15.51 24.39 24.3 17.64 26.06 27.32 19.89 37.67 40.9 23.75 25.69 60.28 54.83; 33.38 20.76 31.58 31.74 23.31 31.96 33.64 26.3 46.32 49.01 30.73 32.05 71.3 62.87; 31.1 17.4 30.17 28.85 18.23 26.97 27.36 22.72 38.2 42.12 24.7 27.24 64.65 59.34; 32.56 19.59 31.11 30.77 21.55 30.21 31.54 25.1 43.6 46.71 28.72 30.44 69.08 61.69; 37.04 25.15 37.68 37.83 28.47 34.8 37.48 30.92 51.06 54.43 35.14 36.31 77.38 69.18; 33.69 21.52 34.59 34.51 21.42 29.47 30.58 26.73 42.48 45.51 28.37 31.12 68.32 64.01; 35.84 23.89 36.64 36.71 26.02 32.93 35.17 29.51 48.18 51.45 32.88 34.58 74.35 67.45; 39.92 29.21 43.25 43.96 32.47 38.22 40.31 35.26 54.92 59.8 39.83 40.81 80.93 73.98; 36.27 25.03 38.47 39.8 24.92 32.82 32.87 29.38 44.94 48.63 32.42 34.35 71.7 67.03; 38.61 27.76 41.64 42.56 29.85 36.32 37.82 33.28 51.57 56.07 37.36 38.65 77.84 71.65; 42.28 33.55 48.69 48.64 37.58 40.87 42.9 39.27 58.32 63.74 43.84 43.58 83.46 77.52; 37.68 27.91 43.08 43.51 28.53 35.92 34.99 33.12 48.22 51.47 36.18 36.84 73.72 69.6; 40.63 31.59 46.8 46.92 34.43 39.13 40.25 37.21 54.93 59.65 41.28 41.33 80.2 74.87; 44.57 36.24 53.66 53.37 41.25 44.16 45.07 43.19 61.17 66.45 47.47 45.58 85.03 80.29; 39.32 31.72 47.23 48.7 31.1 37.59 38.02 36.04 51.05 53.66 38.48 39.24 74.82 72.16; 42.69 34.67 51.49 51.8 37.72 41.85 42.71 40.79 57.78 62.18 44.47 43.46 81.61 77.57]
***** epoch: 4 ***** 
trn_loss: 0.017027664585774774 
tst_loss: 0.017027664586253054 
naive_trn_accuracy: 0.18687779017857079 
naive_tst_accuracy: 0.18993951525172906  
pck_val_accuracy: 0.340620167729519  
[0.0 0.0 0.0 0.0 0.0 0.0 0.0 0.0 0.0 0.0 0.0 0.0 0.0 0.0; 0.0 0.0 0.0 0.0 0.0 0.0 0.0 0.0 0.0 0.0 0.0 0.0 0.0 0.0; 0.0 0.0 0.0 0.0 0.0 0.0 0.0 0.0 0.0 0.0 0.0 0.0 0.0 0.0; 2.75 1.04 2.11 1.69 1.43 2.19 2.73 1.48 3.45 3.67 2.85 2.96 6.22 5.8; 3.87 1.85 1.85 1.48 1.13 1.79 2.85 2.1 3.46 4.12 1.65 2.12 4.95 5.04; 3.15 1.33 2.02 1.62 1.32 2.05 2.77 1.69 3.45 3.82 2.45 2.68 5.79 5.55; 8.9 4.78 7.45 6.41 4.72 7.49 10.37 6.41 13.05 14.09 7.41 9.63 19.94 20.27; 9.98 4.22 6.0 5.47 3.71 7.04 8.72 6.66 10.94 11.72 5.88 9.05 21.06 18.96; 9.29 4.58 6.96 6.1 4.37 7.33 9.82 6.5 12.34 13.3 6.9 9.44 20.32 19.83; 18.0 9.77 14.43 11.99 9.0 15.24 17.45 11.91 24.72 26.98 14.49 17.6 36.99 35.42; 18.43 8.14 12.55 11.32 7.42 14.56 14.51 11.04 21.42 23.53 11.75 15.6 36.45 33.42; 18.15 9.2 13.8 11.76 8.45 15.0 16.46 11.62 23.62 25.83 13.58 16.93 36.81 34.75; 24.35 14.44 21.7 18.73 14.48 21.82 25.13 18.0 35.02 37.82 21.67 24.97 52.97 47.77; 24.06 12.67 21.03 17.53 11.02 20.29 20.11 16.51 29.54 33.88 17.63 20.68 50.37 45.33; 24.24 13.83 21.47 18.33 13.28 21.28 23.45 17.5 33.18 36.5 20.32 23.53 52.1 46.95; 31.54 19.17 28.35 25.51 19.97 28.21 31.1 23.86 44.35 46.17 28.61 31.08 66.79 59.05; 29.46 16.37 27.86 24.4 15.86 25.42 23.78 21.26 35.82 41.03 23.23 25.3 61.45 53.66; 30.8 18.19 28.19 25.14 18.54 27.23 28.65 22.98 41.49 44.45 26.82 29.15 65.0 57.25; 36.32 23.5 34.49 32.96 24.52 31.89 35.08 29.3 50.83 53.05 34.45 36.73 75.73 66.47; 32.75 21.01 34.59 29.96 19.77 29.59 27.64 26.0 40.11 44.23 28.1 29.46 68.59 59.89; 35.04 22.64 34.52 31.95 22.87 31.09 32.58 28.19 47.23 50.11 32.33 34.3 73.34 64.27; 39.73 28.39 41.0 39.09 29.35 36.86 39.47 35.03 54.46 58.1 38.87 40.57 81.62 73.05; 35.56 24.61 39.58 36.27 24.2 33.17 31.13 29.29 44.39 47.8 32.05 33.06 71.89 64.56; 38.24 27.08 40.52 38.15 27.56 35.57 36.68 33.1 51.08 54.66 36.59 38.06 78.36 70.21; 42.87 32.67 46.53 45.46 34.5 40.03 42.99 39.13 58.27 62.14 42.92 43.72 84.25 77.48; 37.91 27.81 43.08 41.0 26.67 35.92 33.43 31.93 46.86 50.92 35.45 35.55 74.27 67.77; 41.09 30.98 45.37 43.96 31.78 38.58 39.78 36.71 54.45 58.39 40.42 40.99 80.91 74.23; 45.75 36.63 52.06 50.61 38.29 42.61 45.67 42.78 61.99 65.76 46.14 46.27 86.55 80.7; 39.44 32.13 47.6 44.9 29.56 37.95 35.54 34.95 49.5 53.48 38.29 37.95 75.82 71.06; 43.49 35.06 50.56 48.69 35.25 40.97 42.28 40.15 57.81 61.66 43.52 43.49 82.96 77.47; 47.71 39.87 57.03 55.66 41.8 44.61 47.89 45.92 64.11 68.43 49.17 48.96 87.66 83.33; 40.61 34.19 52.21 49.72 32.75 40.1 38.11 37.68 52.42 55.31 40.77 40.63 77.47 73.44; 45.17 37.89 55.41 53.67 38.65 43.02 44.62 43.15 60.19 64.05 46.37 46.18 84.25 80.02]
***** epoch: 5 ***** 
trn_loss: 0.01654971187365484 
tst_loss: 0.01654971187417331 
naive_trn_accuracy: 0.2056473214285708 
naive_tst_accuracy: 0.20932509464340046  
pck_val_accuracy: 0.3661726392536629  
[0.0 0.0 0.0 0.0 0.0 0.0 0.0 0.0 0.0 0.0 0.0 0.0 0.0 0.0; 0.0 0.0 0.0 0.0 0.0 0.0 0.0 0.0 0.0 0.0 0.0 0.0 0.0 0.0; 0.0 0.0 0.0 0.0 0.0 0.0 0.0 0.0 0.0 0.0 0.0 0.0 0.0 0.0; 2.49 1.26 1.69 2.01 0.93 2.45 3.75 1.85 3.81 3.9 2.67 3.15 7.09 5.16; 4.69 1.34 2.21 1.76 1.44 2.63 3.67 1.37 4.83 4.3 2.3 2.49 4.76 7.14; 3.28 1.29 1.86 1.93 1.11 2.51 3.72 1.69 4.16 4.04 2.54 2.93 6.31 5.82; 9.42 5.22 7.64 6.74 4.66 7.3 10.87 7.94 14.61 14.46 9.25 9.96 23.12 19.48; 13.15 5.25 8.21 5.38 3.71 8.35 10.19 6.75 14.59 13.92 7.16 9.7 20.79 20.51; 10.76 5.23 7.83 6.29 4.33 7.67 10.65 7.54 14.6 14.28 8.55 9.87 22.34 19.83; 18.65 10.54 14.85 13.34 10.15 14.98 19.76 14.77 29.73 29.19 16.93 18.9 41.09 35.33; 21.01 9.89 15.87 11.6 7.72 16.71 16.07 12.14 24.61 25.09 12.95 16.71 37.91 34.07; 19.5 10.32 15.2 12.76 9.31 15.58 18.52 13.88 28.02 27.82 15.6 18.17 40.02 34.91; 27.03 15.6 23.06 21.21 15.14 23.18 27.44 21.6 39.71 41.44 24.29 27.28 58.68 47.77; 27.7 14.21 22.88 19.2 13.18 22.2 22.59 17.7 33.27 36.08 20.29 21.98 53.85 46.52; 27.27 15.11 23.0 20.54 14.46 22.83 25.82 20.29 37.55 39.65 22.95 25.51 57.06 47.35; 32.85 21.58 31.54 27.95 21.12 29.63 33.41 28.56 48.25 50.11 31.37 34.04 71.58 59.42; 31.81 18.64 29.34 25.7 17.1 25.66 27.27 21.99 40.2 43.41 27.36 26.5 63.74 55.77; 32.48 20.56 30.8 27.19 19.72 28.24 31.35 26.36 45.55 47.88 30.03 31.52 68.95 58.2; 38.22 27.02 38.38 35.58 25.89 34.09 38.45 34.52 53.54 56.59 37.9 39.14 80.38 67.71; 34.15 23.07 35.7 32.37 21.52 29.95 30.58 25.36 44.67 47.8 32.6 29.92 69.32 61.72; 36.76 25.64 37.48 34.51 24.37 32.64 35.82 31.44 50.57 53.65 36.13 36.06 76.68 65.71; 42.28 31.58 44.33 42.23 31.05 38.41 42.48 39.22 57.95 61.91 43.1 43.08 85.35 74.21; 37.09 26.57 40.96 38.68 25.54 33.53 33.15 30.38 48.5 51.92 36.27 33.24 72.71 66.67; 40.42 29.84 43.19 41.04 29.13 36.7 39.35 36.25 54.78 58.58 40.82 39.79 81.12 71.68; 44.96 35.48 49.2 47.38 35.55 41.32 45.72 43.61 62.18 65.81 47.15 46.09 87.75 78.63; 39.91 29.56 45.11 44.25 28.94 35.44 34.62 32.94 51.05 54.85 40.31 37.03 75.82 69.96; 43.15 33.42 47.82 46.33 33.25 39.25 42.0 40.02 58.45 62.15 44.87 43.06 83.76 75.73; 47.58 39.04 54.4 52.62 39.22 43.83 47.99 46.84 64.52 68.75 50.69 48.82 89.13 82.08; 41.67 33.16 48.99 48.79 31.41 38.31 37.01 35.58 53.69 57.05 41.97 39.61 77.93 72.25; 45.46 37.0 52.58 51.34 36.51 41.89 44.31 43.06 60.89 64.84 47.78 45.74 85.38 78.79; 48.76 41.79 59.04 58.01 42.95 46.03 50.49 49.38 66.73 71.68 53.63 51.09 90.37 84.48; 42.96 35.94 53.87 53.25 34.6 40.21 39.39 38.41 55.79 58.97 44.9 43.12 78.94 74.18; 46.68 39.76 57.3 56.41 40.05 43.99 46.77 45.69 63.06 67.44 50.72 48.43 86.55 81.03]
