***** epoch: 0 ***** 
trn_loss: 0 
tst_loss: 0 
naive_trn_accuracy: 0 
naive_tst_accuracy: 0  
pck_val_accuracy: 0.5502132534132539  
[0.0 0.0 0.0 0.0 0.0 0.0 0.0 0.0 0.0 0.0 0.0 0.0 0.0 0.0; NaN NaN NaN NaN NaN NaN NaN NaN NaN NaN NaN NaN NaN NaN; 0.0 0.0 0.0 0.0 0.0 0.0 0.0 0.0 0.0 0.0 0.0 0.0 0.0 0.0; 4.17 3.34 3.81 4.1 3.11 3.23 7.03 7.84 7.78 9.49 5.88 4.98 20.39 11.1; NaN NaN NaN NaN NaN NaN NaN NaN NaN NaN NaN NaN NaN NaN; 4.17 3.34 3.81 4.1 3.11 3.23 7.03 7.84 7.78 9.49 5.88 4.98 20.39 11.1; 13.04 12.43 13.59 14.65 11.29 13.57 20.59 20.47 27.98 28.99 18.86 15.97 51.68 36.35; NaN NaN NaN NaN NaN NaN NaN NaN NaN NaN NaN NaN NaN NaN; 13.04 12.43 13.59 14.65 11.29 13.57 20.59 20.47 27.98 28.99 18.86 15.97 51.68 36.35; 23.86 23.01 26.67 28.18 21.89 22.35 33.54 35.13 47.17 48.89 34.99 27.37 71.97 57.13; NaN NaN NaN NaN NaN NaN NaN NaN NaN NaN NaN NaN NaN NaN; 23.86 23.01 26.67 28.18 21.89 22.35 33.54 35.13 47.17 48.89 34.99 27.37 71.97 57.13; 32.99 29.8 40.06 40.27 30.3 30.49 43.02 47.76 61.62 61.41 46.55 38.05 81.35 68.43; NaN NaN NaN NaN NaN NaN NaN NaN NaN NaN NaN NaN NaN NaN; 32.99 29.8 40.06 40.27 30.3 30.49 43.02 47.76 61.62 61.41 46.55 38.05 81.35 68.43; 38.46 36.36 49.54 49.39 36.87 37.47 49.03 56.11 70.1 70.91 53.85 45.68 85.93 76.17; NaN NaN NaN NaN NaN NaN NaN NaN NaN NaN NaN NaN NaN NaN; 38.46 36.36 49.54 49.39 36.87 37.47 49.03 56.11 70.1 70.91 53.85 45.68 85.93 76.17; 43.42 41.66 56.23 56.86 41.47 43.54 53.62 61.61 75.35 75.15 59.84 50.46 88.18 80.65; NaN NaN NaN NaN NaN NaN NaN NaN NaN NaN NaN NaN NaN NaN; 43.42 41.66 56.23 56.86 41.47 43.54 53.62 61.61 75.35 75.15 59.84 50.46 88.18 80.65; 47.85 46.38 62.51 62.4 46.31 46.77 56.68 65.27 78.48 77.88 64.71 54.12 89.19 83.81; NaN NaN NaN NaN NaN NaN NaN NaN NaN NaN NaN NaN NaN NaN; 47.85 46.38 62.51 62.4 46.31 46.77 56.68 65.27 78.48 77.88 64.71 54.12 89.19 83.81; 50.59 50.63 66.53 66.8 48.96 51.42 59.94 69.04 80.61 79.6 68.46 56.46 90.72 85.64; NaN NaN NaN NaN NaN NaN NaN NaN NaN NaN NaN NaN NaN NaN; 50.59 50.63 66.53 66.8 48.96 51.42 59.94 69.04 80.61 79.6 68.46 56.46 90.72 85.64; 53.59 53.39 70.55 71.93 52.42 53.36 61.57 70.88 82.12 81.82 70.39 58.9 91.34 87.68; NaN NaN NaN NaN NaN NaN NaN NaN NaN NaN NaN NaN NaN NaN; 53.59 53.39 70.55 71.93 52.42 53.36 61.57 70.88 82.12 81.82 70.39 58.9 91.34 87.68; 56.71 57.19 75.18 77.05 55.76 55.68 63.71 72.51 83.33 82.63 72.01 61.34 91.64 88.59; NaN NaN NaN NaN NaN NaN NaN NaN NaN NaN NaN NaN NaN NaN; 56.71 57.19 75.18 77.05 55.76 55.68 63.71 72.51 83.33 82.63 72.01 61.34 91.64 88.59]
***** epoch: 1 ***** 
trn_loss: 0 
tst_loss: 0 
naive_trn_accuracy: 0 
naive_tst_accuracy: 0  
pck_val_accuracy: 0.554232245532246  
[0.0 0.0 0.0 0.0 0.0 0.0 0.0 0.0 0.0 0.0 0.0 0.0 0.0 0.0; NaN NaN NaN NaN NaN NaN NaN NaN NaN NaN NaN NaN NaN NaN; 0.0 0.0 0.0 0.0 0.0 0.0 0.0 0.0 0.0 0.0 0.0 0.0 0.0 0.0; 4.3 3.22 4.12 4.0 3.23 3.49 7.54 8.25 8.48 9.7 6.09 4.88 19.98 11.0; NaN NaN NaN NaN NaN NaN NaN NaN NaN NaN NaN NaN NaN NaN; 4.3 3.22 4.12 4.0 3.23 3.49 7.54 8.25 8.48 9.7 6.09 4.88 19.98 11.0; 12.26 12.89 14.21 15.68 11.52 13.57 21.61 21.28 28.28 29.29 18.97 16.58 50.97 35.85; NaN NaN NaN NaN NaN NaN NaN NaN NaN NaN NaN NaN NaN NaN; 12.26 12.89 14.21 15.68 11.52 13.57 21.61 21.28 28.28 29.29 18.97 16.58 50.97 35.85; 23.47 23.71 27.29 28.69 22.0 23.13 34.25 36.35 47.98 49.29 34.69 27.06 71.66 57.84; NaN NaN NaN NaN NaN NaN NaN NaN NaN NaN NaN NaN NaN NaN; 23.47 23.71 27.29 28.69 22.0 23.13 34.25 36.35 47.98 49.29 34.69 27.06 71.66 57.84; 32.86 31.19 41.09 40.88 30.07 31.01 44.04 48.68 63.03 61.21 46.55 38.25 81.24 68.64; NaN NaN NaN NaN NaN NaN NaN NaN NaN NaN NaN NaN NaN NaN; 32.86 31.19 41.09 40.88 30.07 31.01 44.04 48.68 63.03 61.21 46.55 38.25 81.24 68.64; 38.2 37.17 49.85 50.0 36.87 37.6 49.44 56.31 71.62 70.81 54.77 45.78 85.93 75.97; NaN NaN NaN NaN NaN NaN NaN NaN NaN NaN NaN NaN NaN NaN; 38.2 37.17 49.85 50.0 36.87 37.6 49.44 56.31 71.62 70.81 54.77 45.78 85.93 75.97; 43.55 42.23 56.64 58.3 41.47 43.54 54.33 61.91 76.06 75.45 60.65 50.36 88.28 80.55; NaN NaN NaN NaN NaN NaN NaN NaN NaN NaN NaN NaN NaN NaN; 43.55 42.23 56.64 58.3 41.47 43.54 54.33 61.91 76.06 75.45 60.65 50.36 88.28 80.55; 47.85 46.95 63.03 63.52 46.08 46.77 57.49 65.17 79.29 78.18 65.11 53.61 89.19 83.71; NaN NaN NaN NaN NaN NaN NaN NaN NaN NaN NaN NaN NaN NaN; 47.85 46.95 63.03 63.52 46.08 46.77 57.49 65.17 79.29 78.18 65.11 53.61 89.19 83.71; 50.59 51.09 67.56 67.83 48.85 50.65 60.65 69.04 81.41 79.6 68.56 55.95 90.72 85.64; NaN NaN NaN NaN NaN NaN NaN NaN NaN NaN NaN NaN NaN NaN; 50.59 51.09 67.56 67.83 48.85 50.65 60.65 69.04 81.41 79.6 68.56 55.95 90.72 85.64; 53.46 53.97 71.16 72.64 52.07 53.1 62.28 70.57 82.93 81.92 70.69 58.9 91.13 87.47; NaN NaN NaN NaN NaN NaN NaN NaN NaN NaN NaN NaN NaN NaN; 53.46 53.97 71.16 72.64 52.07 53.1 62.28 70.57 82.93 81.92 70.69 58.9 91.13 87.47; 56.19 57.42 75.39 77.25 55.18 55.3 64.42 72.51 84.04 83.03 72.41 60.94 91.34 88.29; NaN NaN NaN NaN NaN NaN NaN NaN NaN NaN NaN NaN NaN NaN; 56.19 57.42 75.39 77.25 55.18 55.3 64.42 72.51 84.04 83.03 72.41 60.94 91.34 88.29]
***** epoch: 2 ***** 
trn_loss: 0 
tst_loss: 0 
naive_trn_accuracy: 0 
naive_tst_accuracy: 0  
pck_val_accuracy: 0.5566426601176607  
[0.0 0.0 0.0 0.0 0.0 0.0 0.0 0.0 0.0 0.0 0.0 0.0 0.0 0.0; NaN NaN NaN NaN NaN NaN NaN NaN NaN NaN NaN NaN NaN NaN; 0.0 0.0 0.0 0.0 0.0 0.0 0.0 0.0 0.0 0.0 0.0 0.0 0.0 0.0; 4.95 3.57 4.02 3.69 3.23 3.49 7.65 8.04 8.28 9.29 6.19 4.98 20.08 11.2; NaN NaN NaN NaN NaN NaN NaN NaN NaN NaN NaN NaN NaN NaN; 4.95 3.57 4.02 3.69 3.23 3.49 7.65 8.04 8.28 9.29 6.19 4.98 20.08 11.2; 12.26 13.69 14.83 15.68 11.75 12.92 21.71 21.69 28.69 29.8 19.57 16.89 51.07 36.56; NaN NaN NaN NaN NaN NaN NaN NaN NaN NaN NaN NaN NaN NaN; 12.26 13.69 14.83 15.68 11.75 12.92 21.71 21.69 28.69 29.8 19.57 16.89 51.07 36.56; 22.95 24.17 27.6 28.79 22.35 23.13 34.66 36.97 48.59 50.3 34.38 27.77 72.07 57.74; NaN NaN NaN NaN NaN NaN NaN NaN NaN NaN NaN NaN NaN NaN; 22.95 24.17 27.6 28.79 22.35 23.13 34.66 36.97 48.59 50.3 34.38 27.77 72.07 57.74; 32.86 32.22 40.99 41.19 30.76 31.01 44.04 49.29 63.33 61.92 46.65 38.45 81.35 68.43; NaN NaN NaN NaN NaN NaN NaN NaN NaN NaN NaN NaN NaN NaN; 32.86 32.22 40.99 41.19 30.76 31.01 44.04 49.29 63.33 61.92 46.65 38.45 81.35 68.43; 38.07 37.86 49.74 50.72 37.79 38.5 49.95 56.52 71.21 71.11 54.56 45.88 85.93 76.17; NaN NaN NaN NaN NaN NaN NaN NaN NaN NaN NaN NaN NaN NaN; 38.07 37.86 49.74 50.72 37.79 38.5 49.95 56.52 71.21 71.11 54.56 45.88 85.93 76.17; 43.81 43.38 56.54 58.91 42.05 44.19 54.54 62.32 75.96 75.86 60.75 50.36 88.48 81.06; NaN NaN NaN NaN NaN NaN NaN NaN NaN NaN NaN NaN NaN NaN; 43.81 43.38 56.54 58.91 42.05 44.19 54.54 62.32 75.96 75.86 60.75 50.36 88.48 81.06; 48.37 47.76 63.34 65.06 46.31 47.03 57.29 65.78 79.39 78.38 65.01 53.71 89.4 84.11; NaN NaN NaN NaN NaN NaN NaN NaN NaN NaN NaN NaN NaN NaN; 48.37 47.76 63.34 65.06 46.31 47.03 57.29 65.78 79.39 78.38 65.01 53.71 89.4 84.11; 50.98 51.67 67.77 68.85 49.19 50.9 60.24 69.35 81.52 80.1 68.86 56.15 90.72 85.95; NaN NaN NaN NaN NaN NaN NaN NaN NaN NaN NaN NaN NaN NaN; 50.98 51.67 67.77 68.85 49.19 50.9 60.24 69.35 81.52 80.1 68.86 56.15 90.72 85.95; 53.72 54.66 71.37 73.46 52.42 53.1 61.88 70.88 82.93 82.42 70.89 59.21 91.23 87.27; NaN NaN NaN NaN NaN NaN NaN NaN NaN NaN NaN NaN NaN NaN; 53.72 54.66 71.37 73.46 52.42 53.1 61.88 70.88 82.93 82.42 70.89 59.21 91.23 87.27; 56.45 57.77 75.8 77.25 55.53 55.3 64.02 72.61 84.04 83.54 72.62 61.44 91.44 88.09; NaN NaN NaN NaN NaN NaN NaN NaN NaN NaN NaN NaN NaN NaN; 56.45 57.77 75.8 77.25 55.53 55.3 64.02 72.61 84.04 83.54 72.62 61.44 91.44 88.09]
***** epoch: 3 ***** 
trn_loss: 0 
tst_loss: 0 
naive_trn_accuracy: 0 
naive_tst_accuracy: 0  
pck_val_accuracy: 0.5591449911199916  
[0.0 0.0 0.0 0.0 0.0 0.0 0.0 0.0 0.0 0.0 0.0 0.0 0.0 0.0; NaN NaN NaN NaN NaN NaN NaN NaN NaN NaN NaN NaN NaN NaN; 0.0 0.0 0.0 0.0 0.0 0.0 0.0 0.0 0.0 0.0 0.0 0.0 0.0 0.0; 5.22 3.68 4.33 3.89 3.23 3.23 7.44 7.74 8.79 9.39 6.8 4.98 19.57 10.79; NaN NaN NaN NaN NaN NaN NaN NaN NaN NaN NaN NaN NaN NaN; 5.22 3.68 4.33 3.89 3.23 3.23 7.44 7.74 8.79 9.39 6.8 4.98 19.57 10.79; 12.65 13.58 15.24 16.8 11.98 12.4 21.92 21.89 29.19 29.7 20.39 16.79 50.76 36.66; NaN NaN NaN NaN NaN NaN NaN NaN NaN NaN NaN NaN NaN NaN; 12.65 13.58 15.24 16.8 11.98 12.4 21.92 21.89 29.19 29.7 20.39 16.79 50.76 36.66; 23.34 24.28 28.32 30.02 22.7 23.13 35.07 37.17 49.09 50.61 34.58 28.28 71.87 57.74; NaN NaN NaN NaN NaN NaN NaN NaN NaN NaN NaN NaN NaN NaN; 23.34 24.28 28.32 30.02 22.7 23.13 35.07 37.17 49.09 50.61 34.58 28.28 71.87 57.74; 32.86 31.99 41.81 42.42 30.76 30.88 44.34 49.39 63.74 62.12 47.16 38.86 81.24 68.33; NaN NaN NaN NaN NaN NaN NaN NaN NaN NaN NaN NaN NaN NaN; 32.86 31.99 41.81 42.42 30.76 30.88 44.34 49.39 63.74 62.12 47.16 38.86 81.24 68.33; 38.2 37.63 50.26 51.33 38.02 38.63 50.15 56.72 71.82 71.11 55.17 46.39 85.73 76.27; NaN NaN NaN NaN NaN NaN NaN NaN NaN NaN NaN NaN NaN NaN; 38.2 37.63 50.26 51.33 38.02 38.63 50.15 56.72 71.82 71.11 55.17 46.39 85.73 76.27; 44.59 43.73 57.16 59.22 42.63 44.57 54.74 62.73 76.16 75.96 61.46 50.86 88.18 81.26; NaN NaN NaN NaN NaN NaN NaN NaN NaN NaN NaN NaN NaN NaN; 44.59 43.73 57.16 59.22 42.63 44.57 54.74 62.73 76.16 75.96 61.46 50.86 88.18 81.26; 48.76 48.1 63.85 64.55 46.54 47.29 57.7 66.09 79.8 78.28 65.62 54.43 89.09 84.22; NaN NaN NaN NaN NaN NaN NaN NaN NaN NaN NaN NaN NaN NaN; 48.76 48.1 63.85 64.55 46.54 47.29 57.7 66.09 79.8 78.28 65.62 54.43 89.09 84.22; 51.63 51.55 68.28 68.65 49.31 50.9 60.45 69.25 81.82 80.1 68.66 56.77 90.52 86.05; NaN NaN NaN NaN NaN NaN NaN NaN NaN NaN NaN NaN NaN NaN; 51.63 51.55 68.28 68.65 49.31 50.9 60.45 69.25 81.82 80.1 68.66 56.77 90.52 86.05; 54.24 55.01 71.37 73.36 52.53 53.1 62.18 70.77 82.83 82.42 70.89 59.92 91.03 87.27; NaN NaN NaN NaN NaN NaN NaN NaN NaN NaN NaN NaN NaN NaN; 54.24 55.01 71.37 73.36 52.53 53.1 62.18 70.77 82.83 82.42 70.89 59.92 91.03 87.27; 56.84 58.0 76.0 77.46 56.34 55.56 64.02 72.81 84.04 83.23 72.72 61.85 91.23 87.98; NaN NaN NaN NaN NaN NaN NaN NaN NaN NaN NaN NaN NaN NaN; 56.84 58.0 76.0 77.46 56.34 55.56 64.02 72.81 84.04 83.23 72.72 61.85 91.23 87.98]
***** epoch: 4 ***** 
trn_loss: 0 
tst_loss: 0 
naive_trn_accuracy: 0 
naive_tst_accuracy: 0  
pck_val_accuracy: 0.5628849844599841  
[0.0 0.0 0.0 0.0 0.0 0.0 0.0 0.0 0.0 0.0 0.0 0.0 0.0 0.0; NaN NaN NaN NaN NaN NaN NaN NaN NaN NaN NaN NaN NaN NaN; 0.0 0.0 0.0 0.0 0.0 0.0 0.0 0.0 0.0 0.0 0.0 0.0 0.0 0.0; 5.22 3.57 4.33 3.89 3.11 3.36 8.05 7.54 9.09 8.79 6.69 4.98 19.98 10.9; NaN NaN NaN NaN NaN NaN NaN NaN NaN NaN NaN NaN NaN NaN; 5.22 3.57 4.33 3.89 3.11 3.36 8.05 7.54 9.09 8.79 6.69 4.98 19.98 10.9; 13.43 14.15 15.86 17.62 12.1 12.02 23.04 22.2 30.4 29.49 20.39 16.89 51.68 37.27; NaN NaN NaN NaN NaN NaN NaN NaN NaN NaN NaN NaN NaN NaN; 13.43 14.15 15.86 17.62 12.1 12.02 23.04 22.2 30.4 29.49 20.39 16.89 51.68 37.27; 23.86 24.28 28.63 30.33 22.7 23.0 35.98 37.68 49.29 50.3 34.58 28.38 72.17 57.94; NaN NaN NaN NaN NaN NaN NaN NaN NaN NaN NaN NaN NaN NaN; 23.86 24.28 28.63 30.33 22.7 23.0 35.98 37.68 49.29 50.3 34.58 28.38 72.17 57.94; 33.38 32.57 42.53 42.62 31.45 31.65 44.44 50.31 63.64 62.32 47.77 38.96 81.24 68.94; NaN NaN NaN NaN NaN NaN NaN NaN NaN NaN NaN NaN NaN NaN; 33.38 32.57 42.53 42.62 31.45 31.65 44.44 50.31 63.64 62.32 47.77 38.96 81.24 68.94; 38.85 38.43 50.57 51.64 38.59 39.66 50.66 57.64 72.02 71.11 55.88 46.49 85.63 76.07; NaN NaN NaN NaN NaN NaN NaN NaN NaN NaN NaN NaN NaN NaN; 38.85 38.43 50.57 51.64 38.59 39.66 50.66 57.64 72.02 71.11 55.88 46.49 85.63 76.07; 45.24 44.07 57.78 59.53 43.09 45.09 55.05 63.44 76.16 76.16 61.76 51.37 87.87 81.36; NaN NaN NaN NaN NaN NaN NaN NaN NaN NaN NaN NaN NaN NaN; 45.24 44.07 57.78 59.53 43.09 45.09 55.05 63.44 76.16 76.16 61.76 51.37 87.87 81.36; 49.28 48.22 63.95 64.96 47.0 47.42 57.7 66.7 80.0 78.59 65.82 54.83 89.09 84.32; NaN NaN NaN NaN NaN NaN NaN NaN NaN NaN NaN NaN NaN NaN; 49.28 48.22 63.95 64.96 47.0 47.42 57.7 66.7 80.0 78.59 65.82 54.83 89.09 84.32; 51.89 51.32 68.49 68.75 49.77 51.16 60.55 69.96 81.82 80.4 68.46 56.77 90.32 86.25; NaN NaN NaN NaN NaN NaN NaN NaN NaN NaN NaN NaN NaN NaN; 51.89 51.32 68.49 68.75 49.77 51.16 60.55 69.96 81.82 80.4 68.46 56.77 90.32 86.25; 54.24 54.78 71.68 73.05 53.0 53.1 62.28 71.59 82.83 82.53 70.69 60.12 90.83 87.47; NaN NaN NaN NaN NaN NaN NaN NaN NaN NaN NaN NaN NaN NaN; 54.24 54.78 71.68 73.05 53.0 53.1 62.28 71.59 82.83 82.53 70.69 60.12 90.83 87.47; 56.98 57.88 75.9 76.95 56.91 55.56 64.12 73.93 83.94 83.13 72.41 61.95 91.03 88.09; NaN NaN NaN NaN NaN NaN NaN NaN NaN NaN NaN NaN NaN NaN; 56.98 57.88 75.9 76.95 56.91 55.56 64.12 73.93 83.94 83.13 72.41 61.95 91.03 88.09]
***** epoch: 5 ***** 
trn_loss: 0 
tst_loss: 0 
naive_trn_accuracy: 0 
naive_tst_accuracy: 0  
pck_val_accuracy: 0.5648974025974025  
[0.0 0.0 0.0 0.0 0.0 0.0 0.0 0.0 0.0 0.0 0.0 0.0 0.0 0.0; NaN NaN NaN NaN NaN NaN NaN NaN NaN NaN NaN NaN NaN NaN; 0.0 0.0 0.0 0.0 0.0 0.0 0.0 0.0 0.0 0.0 0.0 0.0 0.0 0.0; 5.74 3.68 4.43 4.2 3.34 3.1 8.26 7.64 9.29 9.6 6.9 5.29 19.57 11.1; NaN NaN NaN NaN NaN NaN NaN NaN NaN NaN NaN NaN NaN NaN; 5.74 3.68 4.43 4.2 3.34 3.1 8.26 7.64 9.29 9.6 6.9 5.29 19.57 11.1; 13.82 14.27 15.55 17.21 12.21 12.14 22.94 23.01 30.51 30.51 20.59 16.99 50.87 37.58; NaN NaN NaN NaN NaN NaN NaN NaN NaN NaN NaN NaN NaN NaN; 13.82 14.27 15.55 17.21 12.21 12.14 22.94 23.01 30.51 30.51 20.59 16.99 50.87 37.58; 24.25 24.51 28.94 30.33 22.81 23.9 36.7 38.59 49.7 50.61 35.09 28.69 71.76 58.86; NaN NaN NaN NaN NaN NaN NaN NaN NaN NaN NaN NaN NaN NaN; 24.25 24.51 28.94 30.33 22.81 23.9 36.7 38.59 49.7 50.61 35.09 28.69 71.76 58.86; 33.51 32.68 43.05 42.32 31.68 32.3 45.16 50.92 63.43 62.63 47.77 39.27 80.73 69.45; NaN NaN NaN NaN NaN NaN NaN NaN NaN NaN NaN NaN NaN NaN; 33.51 32.68 43.05 42.32 31.68 32.3 45.16 50.92 63.43 62.63 47.77 39.27 80.73 69.45; 39.11 38.78 50.88 52.36 38.82 39.92 51.58 58.04 71.82 71.11 55.58 46.69 85.22 76.07; NaN NaN NaN NaN NaN NaN NaN NaN NaN NaN NaN NaN NaN NaN; 39.11 38.78 50.88 52.36 38.82 39.92 51.58 58.04 71.82 71.11 55.58 46.69 85.22 76.07; 45.63 44.42 57.78 60.25 43.09 45.74 55.76 64.77 76.06 76.36 60.45 51.58 87.46 81.77; NaN NaN NaN NaN NaN NaN NaN NaN NaN NaN NaN NaN NaN NaN; 45.63 44.42 57.78 60.25 43.09 45.74 55.76 64.77 76.06 76.36 60.45 51.58 87.46 81.77; 49.54 48.22 63.75 65.68 47.12 48.06 58.41 67.52 80.0 78.69 64.71 54.93 88.69 84.52; NaN NaN NaN NaN NaN NaN NaN NaN NaN NaN NaN NaN NaN NaN; 49.54 48.22 63.75 65.68 47.12 48.06 58.41 67.52 80.0 78.69 64.71 54.93 88.69 84.52; 52.28 51.32 68.28 69.47 50.46 51.29 60.75 70.57 81.72 80.3 67.65 57.27 89.81 86.46; NaN NaN NaN NaN NaN NaN NaN NaN NaN NaN NaN NaN NaN NaN; 52.28 51.32 68.28 69.47 50.46 51.29 60.75 70.57 81.72 80.3 67.65 57.27 89.81 86.46; 54.76 54.78 71.58 73.87 53.8 53.62 62.28 72.4 82.73 82.12 70.08 60.43 90.32 87.68; NaN NaN NaN NaN NaN NaN NaN NaN NaN NaN NaN NaN NaN NaN; 54.76 54.78 71.58 73.87 53.8 53.62 62.28 72.4 82.73 82.12 70.08 60.43 90.32 87.68; 56.98 58.11 75.7 77.46 57.14 55.56 64.02 74.64 83.84 82.83 71.91 62.56 90.62 88.29; NaN NaN NaN NaN NaN NaN NaN NaN NaN NaN NaN NaN NaN NaN; 56.98 58.11 75.7 77.46 57.14 55.56 64.02 74.64 83.84 82.83 71.91 62.56 90.62 88.29]
***** epoch: 6 ***** 
trn_loss: 0 
tst_loss: 0 
naive_trn_accuracy: 0 
naive_tst_accuracy: 0  
pck_val_accuracy: 0.5661926767676762  
[0.0 0.0 0.0 0.0 0.0 0.0 0.0 0.0 0.0 0.0 0.0 0.0 0.0 0.0; NaN NaN NaN NaN NaN NaN NaN NaN NaN NaN NaN NaN NaN NaN; 0.0 0.0 0.0 0.0 0.0 0.0 0.0 0.0 0.0 0.0 0.0 0.0 0.0 0.0; 5.61 4.03 4.12 4.2 3.69 3.1 8.26 7.84 9.39 10.0 6.9 5.39 19.06 11.91; NaN NaN NaN NaN NaN NaN NaN NaN NaN NaN NaN NaN NaN NaN; 5.61 4.03 4.12 4.2 3.69 3.1 8.26 7.84 9.39 10.0 6.9 5.39 19.06 11.91; 14.34 14.5 15.14 17.21 12.9 11.76 23.55 24.13 30.81 30.51 20.28 16.99 50.76 38.29; NaN NaN NaN NaN NaN NaN NaN NaN NaN NaN NaN NaN NaN NaN; 14.34 14.5 15.14 17.21 12.9 11.76 23.55 24.13 30.81 30.51 20.28 16.99 50.76 38.29; 24.77 24.17 28.63 30.53 23.5 23.64 36.7 39.1 50.3 50.81 35.09 28.69 72.48 58.86; NaN NaN NaN NaN NaN NaN NaN NaN NaN NaN NaN NaN NaN NaN; 24.77 24.17 28.63 30.53 23.5 23.64 36.7 39.1 50.3 50.81 35.09 28.69 72.48 58.86; 34.16 32.45 42.84 42.42 32.03 32.56 45.67 51.32 63.84 63.03 47.97 39.67 80.94 69.65; NaN NaN NaN NaN NaN NaN NaN NaN NaN NaN NaN NaN NaN NaN; 34.16 32.45 42.84 42.42 32.03 32.56 45.67 51.32 63.84 63.03 47.97 39.67 80.94 69.65; 39.9 39.36 51.08 51.84 38.82 40.18 51.58 58.25 72.12 71.41 55.38 46.9 85.22 75.87; NaN NaN NaN NaN NaN NaN NaN NaN NaN NaN NaN NaN NaN NaN; 39.9 39.36 51.08 51.84 38.82 40.18 51.58 58.25 72.12 71.41 55.38 46.9 85.22 75.87; 46.02 44.76 58.39 60.35 43.2 45.99 55.45 65.07 76.16 76.16 60.34 51.68 87.46 81.36; NaN NaN NaN NaN NaN NaN NaN NaN NaN NaN NaN NaN NaN NaN; 46.02 44.76 58.39 60.35 43.2 45.99 55.45 65.07 76.16 76.16 60.34 51.68 87.46 81.36; 50.07 48.33 63.75 65.57 47.47 48.06 58.21 67.82 80.1 78.89 64.81 55.24 88.58 84.32; NaN NaN NaN NaN NaN NaN NaN NaN NaN NaN NaN NaN NaN NaN; 50.07 48.33 63.75 65.57 47.47 48.06 58.21 67.82 80.1 78.89 64.81 55.24 88.58 84.32; 52.93 51.21 68.28 69.26 50.92 51.68 60.35 70.67 81.72 80.61 67.55 57.58 89.7 86.25; NaN NaN NaN NaN NaN NaN NaN NaN NaN NaN NaN NaN NaN NaN; 52.93 51.21 68.28 69.26 50.92 51.68 60.35 70.67 81.72 80.61 67.55 57.58 89.7 86.25; 55.15 54.89 71.58 73.46 54.26 53.88 61.88 72.3 82.73 82.63 69.88 60.53 90.21 87.58; NaN NaN NaN NaN NaN NaN NaN NaN NaN NaN NaN NaN NaN NaN; 55.15 54.89 71.58 73.46 54.26 53.88 61.88 72.3 82.73 82.63 69.88 60.53 90.21 87.58; 57.24 58.34 75.59 77.36 57.37 56.2 63.51 74.54 83.64 83.23 71.81 62.67 90.52 88.09; NaN NaN NaN NaN NaN NaN NaN NaN NaN NaN NaN NaN NaN NaN; 57.24 58.34 75.59 77.36 57.37 56.2 63.51 74.54 83.64 83.23 71.81 62.67 90.52 88.09]
***** epoch: 7 ***** 
trn_loss: 0 
tst_loss: 0 
naive_trn_accuracy: 0 
naive_tst_accuracy: 0  
pck_val_accuracy: 0.5697127677877679  
[0.0 0.0 0.0 0.0 0.0 0.0 0.0 0.0 0.0 0.0 0.0 0.0 0.0 0.0; NaN NaN NaN NaN NaN NaN NaN NaN NaN NaN NaN NaN NaN NaN; 0.0 0.0 0.0 0.0 0.0 0.0 0.0 0.0 0.0 0.0 0.0 0.0 0.0 0.0; 5.61 4.26 4.33 4.3 3.8 2.71 7.95 7.94 9.39 9.9 7.3 5.29 19.88 11.91; NaN NaN NaN NaN NaN NaN NaN NaN NaN NaN NaN NaN NaN NaN; 5.61 4.26 4.33 4.3 3.8 2.71 7.95 7.94 9.39 9.9 7.3 5.29 19.88 11.91; 14.99 14.84 15.76 17.42 12.9 12.02 23.45 25.15 31.72 30.71 21.3 17.09 50.97 38.59; NaN NaN NaN NaN NaN NaN NaN NaN NaN NaN NaN NaN NaN NaN; 14.99 14.84 15.76 17.42 12.9 12.02 23.45 25.15 31.72 30.71 21.3 17.09 50.97 38.59; 25.55 24.63 29.25 31.05 23.16 23.77 37.0 40.33 50.4 51.21 36.0 29.2 72.58 59.47; NaN NaN NaN NaN NaN NaN NaN NaN NaN NaN NaN NaN NaN NaN; 25.55 24.63 29.25 31.05 23.16 23.77 37.0 40.33 50.4 51.21 36.0 29.2 72.58 59.47; 34.55 32.8 43.36 42.93 31.8 33.2 46.18 52.55 64.14 63.23 48.38 39.88 80.84 70.06; NaN NaN NaN NaN NaN NaN NaN NaN NaN NaN NaN NaN NaN NaN; 34.55 32.8 43.36 42.93 31.8 33.2 46.18 52.55 64.14 63.23 48.38 39.88 80.84 70.06; 40.16 39.7 51.7 52.46 39.17 40.7 51.58 58.96 72.53 71.62 55.68 47.3 85.22 76.17; NaN NaN NaN NaN NaN NaN NaN NaN NaN NaN NaN NaN NaN NaN; 40.16 39.7 51.7 52.46 39.17 40.7 51.58 58.96 72.53 71.62 55.68 47.3 85.22 76.17; 46.68 45.57 59.11 60.55 43.43 46.64 55.66 65.07 75.96 76.36 60.65 52.19 87.46 81.47; NaN NaN NaN NaN NaN NaN NaN NaN NaN NaN NaN NaN NaN NaN; 46.68 45.57 59.11 60.55 43.43 46.64 55.66 65.07 75.96 76.36 60.65 52.19 87.46 81.47; 50.46 48.79 64.26 65.47 47.81 49.1 58.31 68.53 79.9 78.89 64.81 55.54 88.69 84.62; NaN NaN NaN NaN NaN NaN NaN NaN NaN NaN NaN NaN NaN NaN; 50.46 48.79 64.26 65.47 47.81 49.1 58.31 68.53 79.9 78.89 64.81 55.54 88.69 84.62; 53.46 51.44 68.07 69.16 51.15 51.94 60.35 71.08 81.31 80.51 67.85 58.09 89.81 86.25; NaN NaN NaN NaN NaN NaN NaN NaN NaN NaN NaN NaN NaN NaN; 53.46 51.44 68.07 69.16 51.15 51.94 60.35 71.08 81.31 80.51 67.85 58.09 89.81 86.25; 55.8 55.35 71.47 73.36 54.61 54.13 62.08 72.81 82.42 82.22 70.18 61.04 90.32 87.68; NaN NaN NaN NaN NaN NaN NaN NaN NaN NaN NaN NaN NaN NaN; 55.8 55.35 71.47 73.36 54.61 54.13 62.08 72.81 82.42 82.22 70.18 61.04 90.32 87.68; 57.63 58.69 75.39 77.05 57.6 56.33 63.51 74.85 83.64 82.93 71.91 63.38 90.62 88.19; NaN NaN NaN NaN NaN NaN NaN NaN NaN NaN NaN NaN NaN NaN; 57.63 58.69 75.39 77.05 57.6 56.33 63.51 74.85 83.64 82.93 71.91 63.38 90.62 88.19]
***** epoch: 8 ***** 
trn_loss: 0 
tst_loss: 0 
naive_trn_accuracy: 0 
naive_tst_accuracy: 0  
pck_val_accuracy: 0.5717513458763457  
[0.0 0.0 0.0 0.0 0.0 0.0 0.0 0.0 0.0 0.0 0.0 0.0 0.0 0.0; NaN NaN NaN NaN NaN NaN NaN NaN NaN NaN NaN NaN NaN NaN; 0.0 0.0 0.0 0.0 0.0 0.0 0.0 0.0 0.0 0.0 0.0 0.0 0.0 0.0; 5.61 4.72 4.33 4.61 3.57 2.58 8.15 8.04 9.49 10.3 7.71 5.39 20.08 11.71; NaN NaN NaN NaN NaN NaN NaN NaN NaN NaN NaN NaN NaN NaN; 5.61 4.72 4.33 4.61 3.57 2.58 8.15 8.04 9.49 10.3 7.71 5.39 20.08 11.71; 15.12 15.07 15.86 17.42 12.79 11.89 23.45 25.46 31.11 32.12 21.3 17.8 51.78 38.59; NaN NaN NaN NaN NaN NaN NaN NaN NaN NaN NaN NaN NaN NaN; 15.12 15.07 15.86 17.42 12.79 11.89 23.45 25.46 31.11 32.12 21.3 17.8 51.78 38.59; 25.95 25.43 29.25 31.66 23.27 24.29 37.21 40.33 49.7 52.12 35.9 29.3 72.48 59.37; NaN NaN NaN NaN NaN NaN NaN NaN NaN NaN NaN NaN NaN NaN; 25.95 25.43 29.25 31.66 23.27 24.29 37.21 40.33 49.7 52.12 35.9 29.3 72.48 59.37; 34.81 33.72 42.64 43.95 31.8 33.72 46.59 52.34 63.64 63.74 48.48 40.39 80.84 70.16; NaN NaN NaN NaN NaN NaN NaN NaN NaN NaN NaN NaN NaN NaN; 34.81 33.72 42.64 43.95 31.8 33.72 46.59 52.34 63.64 63.74 48.48 40.39 80.84 70.16; 40.81 39.93 51.39 52.77 39.4 41.09 51.68 59.27 72.42 72.12 56.09 47.51 85.32 76.37; NaN NaN NaN NaN NaN NaN NaN NaN NaN NaN NaN NaN NaN NaN; 40.81 39.93 51.39 52.77 39.4 41.09 51.68 59.27 72.42 72.12 56.09 47.51 85.32 76.37; 46.81 45.8 58.81 61.07 43.78 46.77 55.56 65.27 76.06 76.77 60.75 52.29 87.56 81.57; NaN NaN NaN NaN NaN NaN NaN NaN NaN NaN NaN NaN NaN NaN; 46.81 45.8 58.81 61.07 43.78 46.77 55.56 65.27 76.06 76.77 60.75 52.29 87.56 81.57; 50.59 48.91 64.26 66.19 47.93 49.35 58.21 68.64 79.8 79.09 64.81 55.85 88.58 84.62; NaN NaN NaN NaN NaN NaN NaN NaN NaN NaN NaN NaN NaN NaN; 50.59 48.91 64.26 66.19 47.93 49.35 58.21 68.64 79.8 79.09 64.81 55.85 88.58 84.62; 53.32 51.67 67.66 69.98 51.04 52.2 60.35 71.38 81.31 80.81 67.95 58.39 89.6 86.56; NaN NaN NaN NaN NaN NaN NaN NaN NaN NaN NaN NaN NaN NaN; 53.32 51.67 67.66 69.98 51.04 52.2 60.35 71.38 81.31 80.81 67.95 58.39 89.6 86.56; 55.41 55.24 71.06 74.18 54.72 54.52 61.98 73.32 82.53 82.53 70.59 61.24 90.32 87.78; NaN NaN NaN NaN NaN NaN NaN NaN NaN NaN NaN NaN NaN NaN; 55.41 55.24 71.06 74.18 54.72 54.52 61.98 73.32 82.53 82.53 70.59 61.24 90.32 87.78; 57.5 58.34 75.18 77.77 57.72 56.72 63.3 75.15 83.64 83.43 72.21 63.48 90.62 88.29; NaN NaN NaN NaN NaN NaN NaN NaN NaN NaN NaN NaN NaN NaN; 57.5 58.34 75.18 77.77 57.72 56.72 63.3 75.15 83.64 83.43 72.21 63.48 90.62 88.29]
***** epoch: 9 ***** 
trn_loss: 0 
tst_loss: 0 
naive_trn_accuracy: 0 
naive_tst_accuracy: 0  
pck_val_accuracy: 0.5727956931956928  
[0.0 0.0 0.0 0.0 0.0 0.0 0.0 0.0 0.0 0.0 0.0 0.0 0.0 0.0; NaN NaN NaN NaN NaN NaN NaN NaN NaN NaN NaN NaN NaN NaN; 0.0 0.0 0.0 0.0 0.0 0.0 0.0 0.0 0.0 0.0 0.0 0.0 0.0 0.0; 6.13 4.72 4.43 4.61 3.8 2.97 8.26 8.35 9.6 10.4 7.71 5.39 20.29 11.51; NaN NaN NaN NaN NaN NaN NaN NaN NaN NaN NaN NaN NaN NaN; 6.13 4.72 4.43 4.61 3.8 2.97 8.26 8.35 9.6 10.4 7.71 5.39 20.29 11.51; 15.78 15.19 16.27 17.83 13.59 12.27 23.45 25.87 31.21 31.72 21.3 18.21 51.48 38.59; NaN NaN NaN NaN NaN NaN NaN NaN NaN NaN NaN NaN NaN NaN; 15.78 15.19 16.27 17.83 13.59 12.27 23.45 25.87 31.21 31.72 21.3 18.21 51.48 38.59; 25.95 25.55 29.25 31.05 23.39 24.29 37.31 40.94 50.1 51.72 36.41 29.6 72.48 59.37; NaN NaN NaN NaN NaN NaN NaN NaN NaN NaN NaN NaN NaN NaN; 25.95 25.55 29.25 31.05 23.39 24.29 37.31 40.94 50.1 51.72 36.41 29.6 72.48 59.37; 34.68 33.83 42.74 43.24 32.6 34.11 46.48 52.44 63.33 63.54 48.99 40.49 80.73 70.26; NaN NaN NaN NaN NaN NaN NaN NaN NaN NaN NaN NaN NaN NaN; 34.68 33.83 42.74 43.24 32.6 34.11 46.48 52.44 63.33 63.54 48.99 40.49 80.73 70.26; 40.94 40.05 51.39 52.77 39.4 41.6 51.68 59.78 72.22 71.82 56.49 47.81 85.22 76.58; NaN NaN NaN NaN NaN NaN NaN NaN NaN NaN NaN NaN NaN NaN; 40.94 40.05 51.39 52.77 39.4 41.6 51.68 59.78 72.22 71.82 56.49 47.81 85.22 76.58; 46.81 45.8 58.6 60.86 43.55 47.16 55.66 65.27 76.16 76.67 61.36 52.7 87.56 81.36; NaN NaN NaN NaN NaN NaN NaN NaN NaN NaN NaN NaN NaN NaN; 46.81 45.8 58.6 60.86 43.55 47.16 55.66 65.27 76.16 76.67 61.36 52.7 87.56 81.36; 50.33 48.56 64.26 65.98 47.58 50.0 58.61 68.74 80.0 78.99 65.31 56.05 88.69 84.62; NaN NaN NaN NaN NaN NaN NaN NaN NaN NaN NaN NaN NaN NaN; 50.33 48.56 64.26 65.98 47.58 50.0 58.61 68.74 80.0 78.99 65.31 56.05 88.69 84.62; 53.19 51.32 67.77 70.08 50.58 52.45 60.86 71.59 81.11 80.71 68.46 58.39 89.6 86.35; NaN NaN NaN NaN NaN NaN NaN NaN NaN NaN NaN NaN NaN NaN; 53.19 51.32 67.77 70.08 50.58 52.45 60.86 71.59 81.11 80.71 68.46 58.39 89.6 86.35; 55.15 54.78 71.16 74.08 54.38 54.52 62.28 73.52 82.42 82.42 71.1 60.83 90.32 87.68; NaN NaN NaN NaN NaN NaN NaN NaN NaN NaN NaN NaN NaN NaN; 55.15 54.78 71.16 74.08 54.38 54.52 62.28 73.52 82.42 82.42 71.1 60.83 90.32 87.68; 57.37 57.65 74.97 77.56 57.95 56.59 63.51 75.05 83.54 83.33 72.52 62.97 90.62 88.19; NaN NaN NaN NaN NaN NaN NaN NaN NaN NaN NaN NaN NaN NaN; 57.37 57.65 74.97 77.56 57.95 56.59 63.51 75.05 83.54 83.33 72.52 62.97 90.62 88.19]
***** epoch: 10 ***** 
trn_loss: 0 
tst_loss: 0 
naive_trn_accuracy: 0 
naive_tst_accuracy: 0  
pck_val_accuracy: 0.5723241425241418  
[0.0 0.0 0.0 0.0 0.0 0.0 0.0 0.0 0.0 0.0 0.0 0.0 0.0 0.0; NaN NaN NaN NaN NaN NaN NaN NaN NaN NaN NaN NaN NaN NaN; 0.0 0.0 0.0 0.0 0.0 0.0 0.0 0.0 0.0 0.0 0.0 0.0 0.0 0.0; 6.13 4.83 4.12 4.41 3.8 3.23 8.26 8.25 9.29 10.61 7.91 5.09 20.49 12.42; NaN NaN NaN NaN NaN NaN NaN NaN NaN NaN NaN NaN NaN NaN; 6.13 4.83 4.12 4.41 3.8 3.23 8.26 8.25 9.29 10.61 7.91 5.09 20.49 12.42; 16.3 14.84 16.27 17.73 13.25 12.66 23.45 25.66 31.11 30.91 21.2 18.01 52.5 39.0; NaN NaN NaN NaN NaN NaN NaN NaN NaN NaN NaN NaN NaN NaN; 16.3 14.84 16.27 17.73 13.25 12.66 23.45 25.66 31.11 30.91 21.2 18.01 52.5 39.0; 26.73 25.2 28.53 30.43 23.39 24.55 37.92 40.53 50.2 51.72 36.31 30.01 72.48 59.47; NaN NaN NaN NaN NaN NaN NaN NaN NaN NaN NaN NaN NaN NaN; 26.73 25.2 28.53 30.43 23.39 24.55 37.92 40.53 50.2 51.72 36.31 30.01 72.48 59.47; 35.2 33.49 42.02 42.83 33.41 34.37 46.59 52.55 63.13 63.43 48.68 41.1 81.04 70.57; NaN NaN NaN NaN NaN NaN NaN NaN NaN NaN NaN NaN NaN NaN; 35.2 33.49 42.02 42.83 33.41 34.37 46.59 52.55 63.13 63.43 48.68 41.1 81.04 70.57; 41.33 39.82 50.36 52.25 39.63 41.6 51.68 60.08 72.02 72.12 56.49 48.02 85.22 76.68; NaN NaN NaN NaN NaN NaN NaN NaN NaN NaN NaN NaN NaN NaN; 41.33 39.82 50.36 52.25 39.63 41.6 51.68 60.08 72.02 72.12 56.49 48.02 85.22 76.68; 46.94 45.45 57.98 60.04 43.78 47.03 55.76 65.27 76.06 76.67 61.46 53.0 87.46 81.16; NaN NaN NaN NaN NaN NaN NaN NaN NaN NaN NaN NaN NaN NaN; 46.94 45.45 57.98 60.04 43.78 47.03 55.76 65.27 76.06 76.67 61.46 53.0 87.46 81.16; 50.33 48.33 63.85 65.57 48.16 50.0 58.31 68.53 79.8 79.29 65.72 56.77 88.48 84.22; NaN NaN NaN NaN NaN NaN NaN NaN NaN NaN NaN NaN NaN NaN; 50.33 48.33 63.85 65.57 48.16 50.0 58.31 68.53 79.8 79.29 65.72 56.77 88.48 84.22; 53.32 51.44 67.46 69.77 50.81 52.33 60.65 71.38 81.01 80.91 68.56 58.8 89.4 86.05; NaN NaN NaN NaN NaN NaN NaN NaN NaN NaN NaN NaN NaN NaN; 53.32 51.44 67.46 69.77 50.81 52.33 60.65 71.38 81.01 80.91 68.56 58.8 89.4 86.05; 55.41 54.66 70.65 74.08 54.49 54.65 61.98 73.32 82.53 82.63 71.3 61.34 90.11 87.58; NaN NaN NaN NaN NaN NaN NaN NaN NaN NaN NaN NaN NaN NaN; 55.41 54.66 70.65 74.08 54.49 54.65 61.98 73.32 82.53 82.63 71.3 61.34 90.11 87.58; 57.5 57.54 74.77 77.56 57.83 56.72 63.1 75.15 83.54 83.43 72.82 63.58 90.42 88.09; NaN NaN NaN NaN NaN NaN NaN NaN NaN NaN NaN NaN NaN NaN; 57.5 57.54 74.77 77.56 57.83 56.72 63.1 75.15 83.54 83.43 72.82 63.58 90.42 88.09]
***** epoch: 11 ***** 
trn_loss: 0 
tst_loss: 0 
naive_trn_accuracy: 0 
naive_tst_accuracy: 0  
pck_val_accuracy: 0.5740293012543005  
[0.0 0.0 0.0 0.0 0.0 0.0 0.0 0.0 0.0 0.0 0.0 0.0 0.0 0.0; NaN NaN NaN NaN NaN NaN NaN NaN NaN NaN NaN NaN NaN NaN; 0.0 0.0 0.0 0.0 0.0 0.0 0.0 0.0 0.0 0.0 0.0 0.0 0.0 0.0; 6.26 5.06 3.91 4.51 3.8 3.62 8.46 8.15 9.19 10.91 7.81 5.09 20.39 12.93; NaN NaN NaN NaN NaN NaN NaN NaN NaN NaN NaN NaN NaN NaN; 6.26 5.06 3.91 4.51 3.8 3.62 8.46 8.15 9.19 10.91 7.81 5.09 20.39 12.93; 16.56 15.07 16.58 17.73 13.36 12.92 23.85 25.66 31.52 32.12 20.79 17.9 53.01 38.49; NaN NaN NaN NaN NaN NaN NaN NaN NaN NaN NaN NaN NaN NaN; 16.56 15.07 16.58 17.73 13.36 12.92 23.85 25.66 31.52 32.12 20.79 17.9 53.01 38.49; 26.86 24.74 29.04 30.94 23.96 24.81 38.23 40.73 50.0 51.62 35.9 30.01 72.78 59.57; NaN NaN NaN NaN NaN NaN NaN NaN NaN NaN NaN NaN NaN NaN; 26.86 24.74 29.04 30.94 23.96 24.81 38.23 40.73 50.0 51.62 35.9 30.01 72.78 59.57; 34.94 33.37 42.74 42.73 33.76 34.5 47.2 52.95 62.93 63.64 49.19 41.0 80.94 70.47; NaN NaN NaN NaN NaN NaN NaN NaN NaN NaN NaN NaN NaN NaN; 34.94 33.37 42.74 42.73 33.76 34.5 47.2 52.95 62.93 63.64 49.19 41.0 80.94 70.47; 41.46 40.05 51.08 52.36 40.09 41.47 52.29 60.29 71.72 72.22 56.69 48.32 85.12 76.58; NaN NaN NaN NaN NaN NaN NaN NaN NaN NaN NaN NaN NaN NaN; 41.46 40.05 51.08 52.36 40.09 41.47 52.29 60.29 71.72 72.22 56.69 48.32 85.12 76.58; 47.2 45.11 57.88 59.94 44.47 47.03 56.27 65.27 75.66 76.36 61.87 53.31 87.36 80.96; NaN NaN NaN NaN NaN NaN NaN NaN NaN NaN NaN NaN NaN NaN; 47.2 45.11 57.88 59.94 44.47 47.03 56.27 65.27 75.66 76.36 61.87 53.31 87.36 80.96; 50.59 48.22 63.95 65.78 48.16 49.87 58.51 68.33 79.7 78.79 65.72 57.07 88.28 84.11; NaN NaN NaN NaN NaN NaN NaN NaN NaN NaN NaN NaN NaN NaN; 50.59 48.22 63.95 65.78 48.16 49.87 58.51 68.33 79.7 78.79 65.72 57.07 88.28 84.11; 53.06 51.32 67.35 70.39 50.92 52.58 61.16 71.28 80.91 80.4 68.66 59.31 89.19 85.95; NaN NaN NaN NaN NaN NaN NaN NaN NaN NaN NaN NaN NaN NaN; 53.06 51.32 67.35 70.39 50.92 52.58 61.16 71.28 80.91 80.4 68.66 59.31 89.19 85.95; 55.28 54.43 70.85 74.39 54.61 54.52 62.39 73.01 82.53 82.12 71.4 61.65 89.91 87.47; NaN NaN NaN NaN NaN NaN NaN NaN NaN NaN NaN NaN NaN NaN; 55.28 54.43 70.85 74.39 54.61 54.52 62.39 73.01 82.53 82.12 71.4 61.65 89.91 87.47; 57.37 57.54 74.77 77.56 57.95 56.59 63.4 74.85 83.54 83.23 72.72 63.68 90.21 87.98; NaN NaN NaN NaN NaN NaN NaN NaN NaN NaN NaN NaN NaN NaN; 57.37 57.54 74.77 77.56 57.95 56.59 63.4 74.85 83.54 83.23 72.72 63.68 90.21 87.98]
***** epoch: 12 ***** 
trn_loss: 0 
tst_loss: 0 
naive_trn_accuracy: 0 
naive_tst_accuracy: 0  
pck_val_accuracy: 0.5760238067488059  
[0.0 0.0 0.0 0.0 0.0 0.0 0.0 0.0 0.0 0.0 0.0 0.0 0.0 0.0; NaN NaN NaN NaN NaN NaN NaN NaN NaN NaN NaN NaN NaN NaN; 0.0 0.0 0.0 0.0 0.0 0.0 0.0 0.0 0.0 0.0 0.0 0.0 0.0 0.0; 5.74 5.06 3.81 4.2 4.38 4.01 8.56 8.25 9.29 10.91 8.22 4.88 20.59 13.44; NaN NaN NaN NaN NaN NaN NaN NaN NaN NaN NaN NaN NaN NaN; 5.74 5.06 3.81 4.2 4.38 4.01 8.56 8.25 9.29 10.91 8.22 4.88 20.59 13.44; 16.69 15.07 17.1 17.62 13.82 13.18 24.16 25.25 32.12 32.42 21.3 17.5 53.21 39.1; NaN NaN NaN NaN NaN NaN NaN NaN NaN NaN NaN NaN NaN NaN; 16.69 15.07 17.1 17.62 13.82 13.18 24.16 25.25 32.12 32.42 21.3 17.5 53.21 39.1; 27.12 24.97 29.87 30.53 24.77 24.55 38.63 41.04 50.1 51.72 36.41 30.42 72.48 59.78; NaN NaN NaN NaN NaN NaN NaN NaN NaN NaN NaN NaN NaN NaN; 27.12 24.97 29.87 30.53 24.77 24.55 38.63 41.04 50.1 51.72 36.41 30.42 72.48 59.78; 35.59 33.6 43.36 42.73 34.68 34.88 47.09 52.65 63.13 63.84 49.19 41.1 81.04 70.26; NaN NaN NaN NaN NaN NaN NaN NaN NaN NaN NaN NaN NaN NaN; 35.59 33.6 43.36 42.73 34.68 34.88 47.09 52.65 63.13 63.84 49.19 41.1 81.04 70.26; 41.85 40.16 51.7 52.36 41.24 41.99 52.4 59.98 71.82 72.32 57.0 48.73 84.81 76.48; NaN NaN NaN NaN NaN NaN NaN NaN NaN NaN NaN NaN NaN NaN; 41.85 40.16 51.7 52.36 41.24 41.99 52.4 59.98 71.82 72.32 57.0 48.73 84.81 76.48; 47.33 44.88 58.7 59.53 45.28 47.16 56.27 65.07 75.76 76.36 61.97 53.71 87.05 80.75; NaN NaN NaN NaN NaN NaN NaN NaN NaN NaN NaN NaN NaN NaN; 47.33 44.88 58.7 59.53 45.28 47.16 56.27 65.07 75.76 76.36 61.97 53.71 87.05 80.75; 50.59 48.1 64.78 65.78 48.85 50.26 58.51 68.02 79.7 78.69 65.82 57.07 88.07 84.11; NaN NaN NaN NaN NaN NaN NaN NaN NaN NaN NaN NaN NaN NaN; 50.59 48.1 64.78 65.78 48.85 50.26 58.51 68.02 79.7 78.69 65.82 57.07 88.07 84.11; 53.06 51.32 67.77 70.18 51.61 53.23 61.06 71.08 81.11 80.51 68.86 59.41 88.89 85.74; NaN NaN NaN NaN NaN NaN NaN NaN NaN NaN NaN NaN NaN NaN; 53.06 51.32 67.77 70.18 51.61 53.23 61.06 71.08 81.11 80.51 68.86 59.41 88.89 85.74; 55.54 54.55 71.16 74.49 55.53 54.91 62.18 73.01 82.73 82.22 71.5 61.65 89.6 87.27; NaN NaN NaN NaN NaN NaN NaN NaN NaN NaN NaN NaN NaN NaN; 55.54 54.55 71.16 74.49 55.53 54.91 62.18 73.01 82.73 82.22 71.5 61.65 89.6 87.27; 57.5 57.65 75.18 77.36 58.41 56.98 63.2 74.85 83.74 83.33 72.82 63.68 90.01 87.88; NaN NaN NaN NaN NaN NaN NaN NaN NaN NaN NaN NaN NaN NaN; 57.5 57.65 75.18 77.36 58.41 56.98 63.2 74.85 83.74 83.33 72.82 63.68 90.01 87.88]
***** epoch: 13 ***** 
trn_loss: 0 
tst_loss: 0 
naive_trn_accuracy: 0 
naive_tst_accuracy: 0  
pck_val_accuracy: 0.5762887085137078  
[0.0 0.0 0.0 0.0 0.0 0.0 0.0 0.0 0.0 0.0 0.0 0.0 0.0 0.0; NaN NaN NaN NaN NaN NaN NaN NaN NaN NaN NaN NaN NaN NaN; 0.0 0.0 0.0 0.0 0.0 0.0 0.0 0.0 0.0 0.0 0.0 0.0 0.0 0.0; 5.74 5.18 4.02 4.0 4.15 4.13 8.87 8.55 9.49 11.31 8.32 5.09 20.59 13.95; NaN NaN NaN NaN NaN NaN NaN NaN NaN NaN NaN NaN NaN NaN; 5.74 5.18 4.02 4.0 4.15 4.13 8.87 8.55 9.49 11.31 8.32 5.09 20.59 13.95; 16.95 15.3 16.99 17.52 14.17 13.44 24.57 24.95 32.53 32.93 21.6 17.6 53.21 39.21; NaN NaN NaN NaN NaN NaN NaN NaN NaN NaN NaN NaN NaN NaN; 16.95 15.3 16.99 17.52 14.17 13.44 24.57 24.95 32.53 32.93 21.6 17.6 53.21 39.21; 27.12 24.97 30.18 30.53 24.77 24.42 38.53 41.45 50.91 52.12 36.71 30.82 72.58 59.98; NaN NaN NaN NaN NaN NaN NaN NaN NaN NaN NaN NaN NaN NaN; 27.12 24.97 30.18 30.53 24.77 24.42 38.53 41.45 50.91 52.12 36.71 30.82 72.58 59.98; 35.98 33.95 43.87 43.14 34.56 35.27 46.99 52.55 63.74 63.94 48.88 41.3 80.73 70.47; NaN NaN NaN NaN NaN NaN NaN NaN NaN NaN NaN NaN NaN NaN; 35.98 33.95 43.87 43.14 34.56 35.27 46.99 52.55 63.74 63.94 48.88 41.3 80.73 70.47; 41.46 40.39 52.32 52.46 40.78 41.99 52.09 60.29 71.92 72.53 56.8 48.52 84.61 77.09; NaN NaN NaN NaN NaN NaN NaN NaN NaN NaN NaN NaN NaN NaN; 41.46 40.39 52.32 52.46 40.78 41.99 52.09 60.29 71.92 72.53 56.8 48.52 84.61 77.09; 46.81 44.99 58.91 59.32 45.16 47.16 55.96 65.38 75.56 76.77 62.37 53.51 87.05 80.86; NaN NaN NaN NaN NaN NaN NaN NaN NaN NaN NaN NaN NaN NaN; 46.81 44.99 58.91 59.32 45.16 47.16 55.96 65.38 75.56 76.77 62.37 53.51 87.05 80.86; 49.67 48.1 65.19 65.57 48.5 50.26 58.72 68.33 79.39 78.79 66.13 56.77 88.07 84.22; NaN NaN NaN NaN NaN NaN NaN NaN NaN NaN NaN NaN NaN NaN; 49.67 48.1 65.19 65.57 48.5 50.26 58.72 68.33 79.39 78.79 66.13 56.77 88.07 84.22; 52.67 51.21 68.18 70.08 51.5 53.1 61.16 71.18 81.01 80.71 69.27 59.41 88.89 85.85; NaN NaN NaN NaN NaN NaN NaN NaN NaN NaN NaN NaN NaN NaN; 52.67 51.21 68.18 70.08 51.5 53.1 61.16 71.18 81.01 80.71 69.27 59.41 88.89 85.85; 55.02 54.55 71.47 74.08 55.3 54.78 62.39 73.12 82.63 82.42 71.6 61.44 89.6 87.37; NaN NaN NaN NaN NaN NaN NaN NaN NaN NaN NaN NaN NaN NaN; 55.02 54.55 71.47 74.08 55.3 54.78 62.39 73.12 82.63 82.42 71.6 61.44 89.6 87.37; 57.11 57.77 75.18 77.05 58.29 56.59 63.51 74.85 83.64 83.43 73.02 63.17 90.01 87.88; NaN NaN NaN NaN NaN NaN NaN NaN NaN NaN NaN NaN NaN NaN; 57.11 57.77 75.18 77.05 58.29 56.59 63.51 74.85 83.64 83.43 73.02 63.17 90.01 87.88]
***** epoch: 14 ***** 
trn_loss: 0 
tst_loss: 0 
naive_trn_accuracy: 0 
naive_tst_accuracy: 0  
pck_val_accuracy: 0.5769045454545448  
[0.0 0.0 0.0 0.0 0.0 0.0 0.0 0.0 0.0 0.0 0.0 0.0 0.0 0.0; NaN NaN NaN NaN NaN NaN NaN NaN NaN NaN NaN NaN NaN NaN; 0.0 0.0 0.0 0.0 0.0 0.0 0.0 0.0 0.0 0.0 0.0 0.0 0.0 0.0; 5.48 5.29 3.91 3.59 4.38 4.01 8.26 8.86 9.9 11.01 8.42 4.88 21.41 14.26; NaN NaN NaN NaN NaN NaN NaN NaN NaN NaN NaN NaN NaN NaN; 5.48 5.29 3.91 3.59 4.38 4.01 8.26 8.86 9.9 11.01 8.42 4.88 21.41 14.26; 16.82 15.3 17.1 17.42 14.29 13.31 24.46 25.05 32.93 33.33 21.3 17.9 53.62 39.82; NaN NaN NaN NaN NaN NaN NaN NaN NaN NaN NaN NaN NaN NaN; 16.82 15.3 17.1 17.42 14.29 13.31 24.46 25.05 32.93 33.33 21.3 17.9 53.62 39.82; 26.86 24.97 30.18 30.12 24.77 24.29 38.23 41.04 51.52 52.42 36.71 31.54 72.99 60.39; NaN NaN NaN NaN NaN NaN NaN NaN NaN NaN NaN NaN NaN NaN; 26.86 24.97 30.18 30.12 24.77 24.29 38.23 41.04 51.52 52.42 36.71 31.54 72.99 60.39; 36.25 34.06 43.67 43.24 34.33 35.27 47.4 52.24 64.34 64.34 48.48 42.01 80.94 71.38; NaN NaN NaN NaN NaN NaN NaN NaN NaN NaN NaN NaN NaN NaN; 36.25 34.06 43.67 43.24 34.33 35.27 47.4 52.24 64.34 64.34 48.48 42.01 80.94 71.38; 41.46 40.74 51.91 52.56 40.21 41.99 52.5 60.29 72.22 72.73 56.29 49.34 84.61 77.6; NaN NaN NaN NaN NaN NaN NaN NaN NaN NaN NaN NaN NaN NaN; 41.46 40.74 51.91 52.56 40.21 41.99 52.5 60.29 72.22 72.73 56.29 49.34 84.61 77.6; 46.68 45.34 58.7 60.04 44.93 47.42 56.57 65.17 75.76 76.67 62.07 53.81 87.05 81.36; NaN NaN NaN NaN NaN NaN NaN NaN NaN NaN NaN NaN NaN NaN; 46.68 45.34 58.7 60.04 44.93 47.42 56.57 65.17 75.76 76.67 62.07 53.81 87.05 81.36; 49.67 48.56 64.98 65.57 48.16 50.26 59.43 68.33 79.49 78.69 66.02 57.27 88.07 84.62; NaN NaN NaN NaN NaN NaN NaN NaN NaN NaN NaN NaN NaN NaN; 49.67 48.56 64.98 65.57 48.16 50.26 59.43 68.33 79.49 78.69 66.02 57.27 88.07 84.62; 52.54 51.55 67.97 69.88 51.5 52.97 61.57 70.98 81.21 80.71 69.27 59.51 88.89 85.95; NaN NaN NaN NaN NaN NaN NaN NaN NaN NaN NaN NaN NaN NaN; 52.54 51.55 67.97 69.88 51.5 52.97 61.57 70.98 81.21 80.71 69.27 59.51 88.89 85.95; 55.02 54.66 71.16 74.28 55.3 54.52 62.79 73.01 82.73 82.32 71.6 61.65 89.6 87.58; NaN NaN NaN NaN NaN NaN NaN NaN NaN NaN NaN NaN NaN NaN; 55.02 54.66 71.16 74.28 55.3 54.52 62.79 73.01 82.73 82.32 71.6 61.65 89.6 87.58; 56.84 58.23 74.56 76.95 58.06 56.46 63.91 74.75 83.74 83.43 73.02 63.38 90.01 88.09; NaN NaN NaN NaN NaN NaN NaN NaN NaN NaN NaN NaN NaN NaN; 56.84 58.23 74.56 76.95 58.06 56.46 63.91 74.75 83.74 83.43 73.02 63.38 90.01 88.09]
***** epoch: 15 ***** 
trn_loss: 0 
tst_loss: 0 
naive_trn_accuracy: 0 
naive_tst_accuracy: 0  
pck_val_accuracy: 0.5761574453324451  
[0.0 0.0 0.0 0.0 0.0 0.0 0.0 0.0 0.0 0.0 0.0 0.0 0.0 0.0; NaN NaN NaN NaN NaN NaN NaN NaN NaN NaN NaN NaN NaN NaN; 0.0 0.0 0.0 0.0 0.0 0.0 0.0 0.0 0.0 0.0 0.0 0.0 0.0 0.0; 5.22 5.41 4.43 3.38 4.26 3.88 8.56 9.27 10.2 10.91 8.32 4.78 21.3 14.15; NaN NaN NaN NaN NaN NaN NaN NaN NaN NaN NaN NaN NaN NaN; 5.22 5.41 4.43 3.38 4.26 3.88 8.56 9.27 10.2 10.91 8.32 4.78 21.3 14.15; 16.69 15.54 17.61 17.42 14.29 12.92 24.46 25.46 33.33 33.54 21.2 18.11 53.72 40.12; NaN NaN NaN NaN NaN NaN NaN NaN NaN NaN NaN NaN NaN NaN; 16.69 15.54 17.61 17.42 14.29 12.92 24.46 25.46 33.33 33.54 21.2 18.11 53.72 40.12; 26.47 25.32 30.48 30.23 25.0 24.55 38.33 41.45 52.02 52.32 36.51 32.04 73.29 60.08; NaN NaN NaN NaN NaN NaN NaN NaN NaN NaN NaN NaN NaN NaN; 26.47 25.32 30.48 30.23 25.0 24.55 38.33 41.45 52.02 52.32 36.51 32.04 73.29 60.08; 35.59 34.18 43.67 43.24 34.1 35.53 47.6 52.34 64.34 64.34 48.38 41.51 80.94 71.28; NaN NaN NaN NaN NaN NaN NaN NaN NaN NaN NaN NaN NaN NaN; 35.59 34.18 43.67 43.24 34.1 35.53 47.6 52.34 64.34 64.34 48.38 41.51 80.94 71.28; 40.94 40.05 51.91 52.36 40.32 41.73 52.6 60.29 72.12 72.42 56.19 49.64 84.81 77.7; NaN NaN NaN NaN NaN NaN NaN NaN NaN NaN NaN NaN NaN NaN; 40.94 40.05 51.91 52.36 40.32 41.73 52.6 60.29 72.12 72.42 56.19 49.64 84.81 77.7; 46.02 44.76 58.5 60.14 45.05 47.55 56.88 65.27 75.86 76.57 62.07 53.92 87.26 81.57; NaN NaN NaN NaN NaN NaN NaN NaN NaN NaN NaN NaN NaN NaN; 46.02 44.76 58.5 60.14 45.05 47.55 56.88 65.27 75.86 76.57 62.07 53.92 87.26 81.57; 49.28 48.22 64.47 65.37 48.5 50.65 59.63 68.33 79.29 78.38 65.92 57.17 88.07 84.52; NaN NaN NaN NaN NaN NaN NaN NaN NaN NaN NaN NaN NaN NaN; 49.28 48.22 64.47 65.37 48.5 50.65 59.63 68.33 79.29 78.38 65.92 57.17 88.07 84.52; 51.89 51.44 67.46 69.77 51.73 53.23 61.57 71.18 81.01 80.4 69.07 59.41 88.79 85.74; NaN NaN NaN NaN NaN NaN NaN NaN NaN NaN NaN NaN NaN NaN; 51.89 51.44 67.46 69.77 51.73 53.23 61.57 71.18 81.01 80.4 69.07 59.41 88.79 85.74; 54.24 54.89 70.85 74.18 55.53 54.91 62.9 73.12 82.53 82.22 70.99 61.24 89.5 87.47; NaN NaN NaN NaN NaN NaN NaN NaN NaN NaN NaN NaN NaN NaN; 54.24 54.89 70.85 74.18 55.53 54.91 62.9 73.12 82.53 82.22 70.99 61.24 89.5 87.47; 56.19 58.11 74.15 76.74 58.18 56.72 64.12 74.95 83.74 83.23 72.72 63.38 89.91 87.98; NaN NaN NaN NaN NaN NaN NaN NaN NaN NaN NaN NaN NaN NaN; 56.19 58.11 74.15 76.74 58.18 56.72 64.12 74.95 83.74 83.23 72.72 63.38 89.91 87.98]
***** epoch: 16 ***** 
trn_loss: 0 
tst_loss: 0 
naive_trn_accuracy: 0 
naive_tst_accuracy: 0  
pck_val_accuracy: 0.5767546425796426  
[0.0 0.0 0.0 0.0 0.0 0.0 0.0 0.0 0.0 0.0 0.0 0.0 0.0 0.0; NaN NaN NaN NaN NaN NaN NaN NaN NaN NaN NaN NaN NaN NaN; 0.0 0.0 0.0 0.0 0.0 0.0 0.0 0.0 0.0 0.0 0.0 0.0 0.0 0.0; 5.22 5.52 4.53 3.18 4.61 3.88 8.56 9.27 10.2 10.91 8.01 4.88 21.81 13.75; NaN NaN NaN NaN NaN NaN NaN NaN NaN NaN NaN NaN NaN NaN; 5.22 5.52 4.53 3.18 4.61 3.88 8.56 9.27 10.2 10.91 8.01 4.88 21.81 13.75; 16.43 15.65 17.4 17.11 14.29 12.53 24.36 24.85 33.33 34.14 21.2 18.11 54.23 40.22; NaN NaN NaN NaN NaN NaN NaN NaN NaN NaN NaN NaN NaN NaN; 16.43 15.65 17.4 17.11 14.29 12.53 24.36 24.85 33.33 34.14 21.2 18.11 54.23 40.22; 26.08 25.66 30.18 30.23 24.77 24.29 38.23 41.34 51.72 52.93 36.92 32.25 72.99 60.18; NaN NaN NaN NaN NaN NaN NaN NaN NaN NaN NaN NaN NaN NaN; 26.08 25.66 30.18 30.23 24.77 24.29 38.23 41.34 51.72 52.93 36.92 32.25 72.99 60.18; 35.46 34.41 43.15 42.73 34.45 35.79 47.71 52.85 64.34 64.65 48.28 41.81 81.04 71.28; NaN NaN NaN NaN NaN NaN NaN NaN NaN NaN NaN NaN NaN NaN; 35.46 34.41 43.15 42.73 34.45 35.79 47.71 52.85 64.34 64.65 48.28 41.81 81.04 71.28; 41.07 40.28 51.6 52.46 40.55 42.12 52.8 60.18 72.22 72.63 55.78 50.05 84.61 77.8; NaN NaN NaN NaN NaN NaN NaN NaN NaN NaN NaN NaN NaN NaN; 41.07 40.28 51.6 52.46 40.55 42.12 52.8 60.18 72.22 72.63 55.78 50.05 84.61 77.8; 46.68 44.88 58.39 59.73 45.51 47.67 57.08 65.07 75.96 76.77 61.66 54.02 86.95 81.47; NaN NaN NaN NaN NaN NaN NaN NaN NaN NaN NaN NaN NaN NaN; 46.68 44.88 58.39 59.73 45.51 47.67 57.08 65.07 75.96 76.77 61.66 54.02 86.95 81.47; 49.67 48.22 64.16 64.86 48.73 50.9 59.84 68.23 79.29 78.59 65.82 57.38 87.77 84.42; NaN NaN NaN NaN NaN NaN NaN NaN NaN NaN NaN NaN NaN NaN; 49.67 48.22 64.16 64.86 48.73 50.9 59.84 68.23 79.29 78.59 65.82 57.38 87.77 84.42; 52.28 51.78 67.46 69.16 51.96 53.23 61.67 70.88 81.21 80.61 69.07 60.02 88.48 85.64; NaN NaN NaN NaN NaN NaN NaN NaN NaN NaN NaN NaN NaN NaN; 52.28 51.78 67.46 69.16 51.96 53.23 61.67 70.88 81.21 80.61 69.07 60.02 88.48 85.64; 54.5 55.12 71.06 73.67 55.41 54.91 63.1 72.91 82.63 82.32 70.89 61.85 89.09 87.37; NaN NaN NaN NaN NaN NaN NaN NaN NaN NaN NaN NaN NaN NaN; 54.5 55.12 71.06 73.67 55.41 54.91 63.1 72.91 82.63 82.32 70.89 61.85 89.09 87.37; 56.32 58.23 74.25 76.54 57.83 56.72 64.32 74.75 83.84 83.33 72.62 64.29 89.6 87.98; NaN NaN NaN NaN NaN NaN NaN NaN NaN NaN NaN NaN NaN NaN; 56.32 58.23 74.25 76.54 57.83 56.72 64.32 74.75 83.84 83.33 72.62 64.29 89.6 87.98]
***** epoch: 0 ***** 
trn_loss: 0 
tst_loss: 0 
naive_trn_accuracy: 0 
naive_tst_accuracy: 0  
pck_val_accuracy: 0.5761378177378176  
[0.0 0.0 0.0 0.0 0.0 0.0 0.0 0.0 0.0 0.0 0.0 0.0 0.0 0.0; NaN NaN NaN NaN NaN NaN NaN NaN NaN NaN NaN NaN NaN NaN; 0.0 0.0 0.0 0.0 0.0 0.0 0.0 0.0 0.0 0.0 0.0 0.0 0.0 0.0; 5.35 5.18 4.63 3.18 4.49 4.01 8.66 9.06 10.51 10.91 7.61 4.88 21.3 13.65; NaN NaN NaN NaN NaN NaN NaN NaN NaN NaN NaN NaN NaN NaN; 5.35 5.18 4.63 3.18 4.49 4.01 8.66 9.06 10.51 10.91 7.61 4.88 21.3 13.65; 15.91 15.3 16.58 17.21 14.29 13.18 24.26 25.25 33.13 34.34 21.1 18.92 53.72 40.43; NaN NaN NaN NaN NaN NaN NaN NaN NaN NaN NaN NaN NaN NaN; 15.91 15.3 16.58 17.21 14.29 13.18 24.26 25.25 33.13 34.34 21.1 18.92 53.72 40.43; 25.55 24.86 29.15 30.23 25.0 24.55 38.33 41.14 51.72 52.63 37.42 32.35 73.39 60.59; NaN NaN NaN NaN NaN NaN NaN NaN NaN NaN NaN NaN NaN NaN; 25.55 24.86 29.15 30.23 25.0 24.55 38.33 41.14 51.72 52.63 37.42 32.35 73.39 60.59; 35.2 34.18 42.64 43.03 34.22 36.05 47.81 52.55 64.34 64.55 48.58 42.22 81.35 71.28; NaN NaN NaN NaN NaN NaN NaN NaN NaN NaN NaN NaN NaN NaN; 35.2 34.18 42.64 43.03 34.22 36.05 47.81 52.55 64.34 64.55 48.58 42.22 81.35 71.28; 41.2 40.16 50.98 52.56 40.21 42.51 53.31 59.88 71.82 72.42 55.78 49.85 84.91 77.6; NaN NaN NaN NaN NaN NaN NaN NaN NaN NaN NaN NaN NaN NaN; 41.2 40.16 50.98 52.56 40.21 42.51 53.31 59.88 71.82 72.42 55.78 49.85 84.91 77.6; 46.94 44.53 57.47 59.53 45.28 47.8 57.29 64.97 75.96 76.57 61.56 54.02 87.26 81.47; NaN NaN NaN NaN NaN NaN NaN NaN NaN NaN NaN NaN NaN NaN; 46.94 44.53 57.47 59.53 45.28 47.8 57.29 64.97 75.96 76.57 61.56 54.02 87.26 81.47; 49.8 47.76 63.54 64.24 48.62 51.03 59.94 68.23 79.39 78.38 65.62 57.38 87.97 84.32; NaN NaN NaN NaN NaN NaN NaN NaN NaN NaN NaN NaN NaN NaN; 49.8 47.76 63.54 64.24 48.62 51.03 59.94 68.23 79.39 78.38 65.62 57.38 87.97 84.32; 52.28 51.55 66.74 68.75 51.84 53.36 61.67 70.77 81.21 80.51 69.27 60.12 88.58 85.64; NaN NaN NaN NaN NaN NaN NaN NaN NaN NaN NaN NaN NaN NaN; 52.28 51.55 66.74 68.75 51.84 53.36 61.67 70.77 81.21 80.51 69.27 60.12 88.58 85.64; 54.63 54.78 70.34 73.46 55.3 55.17 63.1 72.91 82.53 82.22 70.79 61.85 89.3 87.17; NaN NaN NaN NaN NaN NaN NaN NaN NaN NaN NaN NaN NaN NaN; 54.63 54.78 70.34 73.46 55.3 55.17 63.1 72.91 82.53 82.22 70.79 61.85 89.3 87.17; 56.45 57.65 73.64 76.64 57.72 56.98 64.22 74.75 83.74 83.03 72.52 64.19 89.7 87.78; NaN NaN NaN NaN NaN NaN NaN NaN NaN NaN NaN NaN NaN NaN; 56.45 57.65 73.64 76.64 57.72 56.98 64.22 74.75 83.74 83.03 72.52 64.19 89.7 87.78]
***** epoch: 1 ***** 
trn_loss: 0 
tst_loss: 0 
naive_trn_accuracy: 0 
naive_tst_accuracy: 0  
pck_val_accuracy: 0.5763871822621823  
[0.0 0.0 0.0 0.0 0.0 0.0 0.0 0.0 0.0 0.0 0.0 0.0 0.0 0.0; NaN NaN NaN NaN NaN NaN NaN NaN NaN NaN NaN NaN NaN NaN; 0.0 0.0 0.0 0.0 0.0 0.0 0.0 0.0 0.0 0.0 0.0 0.0 0.0 0.0; 5.35 5.29 4.43 3.69 4.61 4.01 8.46 9.16 10.81 10.91 7.4 5.19 21.41 13.65; NaN NaN NaN NaN NaN NaN NaN NaN NaN NaN NaN NaN NaN NaN; 5.35 5.29 4.43 3.69 4.61 4.01 8.46 9.16 10.81 10.91 7.4 5.19 21.41 13.65; 16.3 15.65 16.79 17.62 14.29 13.18 24.26 25.05 32.93 34.24 21.3 19.53 53.62 40.53; NaN NaN NaN NaN NaN NaN NaN NaN NaN NaN NaN NaN NaN NaN; 16.3 15.65 16.79 17.62 14.29 13.18 24.26 25.05 32.93 34.24 21.3 19.53 53.62 40.53; 26.08 25.09 29.35 30.64 25.12 24.68 38.12 41.14 51.82 52.93 37.83 32.45 72.78 60.39; NaN NaN NaN NaN NaN NaN NaN NaN NaN NaN NaN NaN NaN NaN; 26.08 25.09 29.35 30.64 25.12 24.68 38.12 41.14 51.82 52.93 37.83 32.45 72.78 60.39; 35.46 34.06 42.64 43.14 34.1 35.14 47.6 52.95 63.84 64.95 49.29 42.73 81.04 71.38; NaN NaN NaN NaN NaN NaN NaN NaN NaN NaN NaN NaN NaN NaN; 35.46 34.06 42.64 43.14 34.1 35.14 47.6 52.95 63.84 64.95 49.29 42.73 81.04 71.38; 41.07 39.82 51.18 52.97 40.32 42.25 53.11 60.29 71.72 72.63 56.09 49.75 84.61 77.39; NaN NaN NaN NaN NaN NaN NaN NaN NaN NaN NaN NaN NaN NaN; 41.07 39.82 51.18 52.97 40.32 42.25 53.11 60.29 71.72 72.63 56.09 49.75 84.61 77.39; 46.94 44.42 57.36 59.32 45.28 47.16 56.98 65.27 75.66 76.57 61.97 53.81 87.16 81.06; NaN NaN NaN NaN NaN NaN NaN NaN NaN NaN NaN NaN NaN NaN; 46.94 44.42 57.36 59.32 45.28 47.16 56.98 65.27 75.66 76.57 61.97 53.81 87.16 81.06; 50.07 47.64 63.54 64.14 48.85 50.26 59.63 68.43 79.09 78.48 65.82 56.97 87.87 84.11; NaN NaN NaN NaN NaN NaN NaN NaN NaN NaN NaN NaN NaN NaN; 50.07 47.64 63.54 64.14 48.85 50.26 59.63 68.43 79.09 78.48 65.82 56.97 87.87 84.11; 52.54 51.55 66.94 68.55 52.19 52.84 61.37 70.98 81.21 80.4 69.37 59.61 88.69 85.44; NaN NaN NaN NaN NaN NaN NaN NaN NaN NaN NaN NaN NaN NaN; 52.54 51.55 66.94 68.55 52.19 52.84 61.37 70.98 81.21 80.4 69.37 59.61 88.69 85.44; 55.02 54.78 70.13 73.16 55.41 54.91 62.79 72.91 82.53 82.22 70.99 61.55 89.3 86.86; NaN NaN NaN NaN NaN NaN NaN NaN NaN NaN NaN NaN NaN NaN; 55.02 54.78 70.13 73.16 55.41 54.91 62.79 72.91 82.53 82.22 70.99 61.55 89.3 86.86; 56.71 58.0 73.33 76.43 57.95 56.72 64.02 74.85 83.64 83.03 72.62 64.09 89.7 87.47; NaN NaN NaN NaN NaN NaN NaN NaN NaN NaN NaN NaN NaN NaN; 56.71 58.0 73.33 76.43 57.95 56.72 64.02 74.85 83.64 83.03 72.62 64.09 89.7 87.47]
***** epoch: 2 ***** 
trn_loss: 0 
tst_loss: 0 
naive_trn_accuracy: 0 
naive_tst_accuracy: 0  
pck_val_accuracy: 0.5774422438672439  
[0.0 0.0 0.0 0.0 0.0 0.0 0.0 0.0 0.0 0.0 0.0 0.0 0.0 0.0; NaN NaN NaN NaN NaN NaN NaN NaN NaN NaN NaN NaN NaN NaN; 0.0 0.0 0.0 0.0 0.0 0.0 0.0 0.0 0.0 0.0 0.0 0.0 0.0 0.0; 5.22 5.41 4.33 4.0 4.72 3.88 8.77 9.47 10.71 11.11 7.61 4.88 22.02 13.44; NaN NaN NaN NaN NaN NaN NaN NaN NaN NaN NaN NaN NaN NaN; 5.22 5.41 4.33 4.0 4.72 3.88 8.77 9.47 10.71 11.11 7.61 4.88 22.02 13.44; 16.69 15.65 16.89 17.62 13.82 13.57 24.06 25.46 33.13 34.24 20.99 19.23 53.62 40.94; NaN NaN NaN NaN NaN NaN NaN NaN NaN NaN NaN NaN NaN NaN; 16.69 15.65 16.89 17.62 13.82 13.57 24.06 25.46 33.13 34.24 20.99 19.23 53.62 40.94; 26.6 25.32 30.07 31.25 25.35 24.94 38.23 41.34 51.62 53.13 37.12 32.04 72.99 60.59; NaN NaN NaN NaN NaN NaN NaN NaN NaN NaN NaN NaN NaN NaN; 26.6 25.32 30.07 31.25 25.35 24.94 38.23 41.34 51.62 53.13 37.12 32.04 72.99 60.59; 35.85 34.29 42.64 43.44 34.22 35.27 47.6 52.95 63.94 64.75 49.39 42.83 81.04 72.0; NaN NaN NaN NaN NaN NaN NaN NaN NaN NaN NaN NaN NaN NaN; 35.85 34.29 42.64 43.44 34.22 35.27 47.6 52.95 63.94 64.75 49.39 42.83 81.04 72.0; 41.59 40.05 51.08 53.18 40.32 41.86 53.31 60.18 72.22 72.53 56.09 49.85 84.51 77.6; NaN NaN NaN NaN NaN NaN NaN NaN NaN NaN NaN NaN NaN NaN; 41.59 40.05 51.08 53.18 40.32 41.86 53.31 60.18 72.22 72.53 56.09 49.85 84.51 77.6; 46.81 44.65 57.88 59.32 45.16 46.9 56.98 65.58 75.96 76.67 61.87 53.61 86.95 81.36; NaN NaN NaN NaN NaN NaN NaN NaN NaN NaN NaN NaN NaN NaN; 46.81 44.65 57.88 59.32 45.16 46.9 56.98 65.58 75.96 76.67 61.87 53.61 86.95 81.36; 50.33 48.1 63.85 64.24 48.73 50.39 59.84 68.64 79.39 78.28 65.72 56.66 87.56 84.11; NaN NaN NaN NaN NaN NaN NaN NaN NaN NaN NaN NaN NaN NaN; 50.33 48.1 63.85 64.24 48.73 50.39 59.84 68.64 79.39 78.28 65.72 56.66 87.56 84.11; 52.67 51.67 67.04 68.65 51.84 52.71 61.67 71.08 81.52 80.2 69.27 59.41 88.38 85.44; NaN NaN NaN NaN NaN NaN NaN NaN NaN NaN NaN NaN NaN NaN; 52.67 51.67 67.04 68.65 51.84 52.71 61.67 71.08 81.52 80.2 69.27 59.41 88.38 85.44; 55.02 55.01 70.34 73.36 55.3 54.52 63.3 73.01 82.53 82.12 70.99 61.75 89.09 86.86; NaN NaN NaN NaN NaN NaN NaN NaN NaN NaN NaN NaN NaN NaN; 55.02 55.01 70.34 73.36 55.3 54.52 63.3 73.01 82.53 82.12 70.99 61.75 89.09 86.86; 56.98 58.23 73.43 76.43 57.83 56.2 64.63 74.95 83.54 82.83 72.62 63.99 89.5 87.47; NaN NaN NaN NaN NaN NaN NaN NaN NaN NaN NaN NaN NaN NaN; 56.98 58.23 73.43 76.43 57.83 56.2 64.63 74.95 83.54 82.83 72.62 63.99 89.5 87.47]
***** epoch: 3 ***** 
trn_loss: 0 
tst_loss: 0 
naive_trn_accuracy: 0 
naive_tst_accuracy: 0  
pck_val_accuracy: 0.5781692279942277  
[0.0 0.0 0.0 0.0 0.0 0.0 0.0 0.0 0.0 0.0 0.0 0.0 0.0 0.0; NaN NaN NaN NaN NaN NaN NaN NaN NaN NaN NaN NaN NaN NaN; 0.0 0.0 0.0 0.0 0.0 0.0 0.0 0.0 0.0 0.0 0.0 0.0 0.0 0.0; 5.22 5.29 4.43 4.3 4.49 3.62 8.77 9.78 10.71 11.11 7.51 4.98 22.02 12.93; NaN NaN NaN NaN NaN NaN NaN NaN NaN NaN NaN NaN NaN NaN; 5.22 5.29 4.43 4.3 4.49 3.62 8.77 9.78 10.71 11.11 7.51 4.98 22.02 12.93; 16.56 15.65 17.51 17.32 13.82 13.82 23.85 26.07 33.54 33.94 21.4 19.23 53.62 41.04; NaN NaN NaN NaN NaN NaN NaN NaN NaN NaN NaN NaN NaN NaN; 16.56 15.65 17.51 17.32 13.82 13.82 23.85 26.07 33.54 33.94 21.4 19.23 53.62 41.04; 26.6 25.89 30.28 30.94 25.58 25.32 38.23 41.45 51.82 53.03 37.63 32.04 72.99 60.49; NaN NaN NaN NaN NaN NaN NaN NaN NaN NaN NaN NaN NaN NaN; 26.6 25.89 30.28 30.94 25.58 25.32 38.23 41.45 51.82 53.03 37.63 32.04 72.99 60.49; 35.85 34.52 42.74 43.55 34.33 35.14 47.4 52.95 64.04 64.85 50.1 43.03 81.35 71.49; NaN NaN NaN NaN NaN NaN NaN NaN NaN NaN NaN NaN NaN NaN; 35.85 34.52 42.74 43.55 34.33 35.14 47.4 52.95 64.04 64.85 50.1 43.03 81.35 71.49; 41.59 40.51 51.18 52.97 39.98 41.6 53.21 60.39 72.53 72.53 56.69 49.85 84.61 77.39; NaN NaN NaN NaN NaN NaN NaN NaN NaN NaN NaN NaN NaN NaN; 41.59 40.51 51.18 52.97 39.98 41.6 53.21 60.39 72.53 72.53 56.69 49.85 84.61 77.39; 46.81 44.88 57.67 59.32 44.93 46.64 56.68 65.68 76.36 76.77 62.07 53.71 86.85 81.06; NaN NaN NaN NaN NaN NaN NaN NaN NaN NaN NaN NaN NaN NaN; 46.81 44.88 57.67 59.32 44.93 46.64 56.68 65.68 76.36 76.77 62.07 53.71 86.85 81.06; 50.2 48.22 63.13 64.55 48.62 50.39 59.73 68.74 79.49 78.38 65.82 56.66 87.56 83.81; NaN NaN NaN NaN NaN NaN NaN NaN NaN NaN NaN NaN NaN NaN; 50.2 48.22 63.13 64.55 48.62 50.39 59.73 68.74 79.49 78.38 65.82 56.66 87.56 83.81; 52.41 51.67 66.32 68.85 51.38 52.71 61.47 70.98 81.52 80.3 68.97 59.82 88.38 85.23; NaN NaN NaN NaN NaN NaN NaN NaN NaN NaN NaN NaN NaN NaN; 52.41 51.67 66.32 68.85 51.38 52.71 61.47 70.98 81.52 80.3 68.97 59.82 88.38 85.23; 54.5 55.01 69.62 73.36 55.3 54.52 63.1 72.91 82.73 82.12 70.69 61.95 89.09 86.56; NaN NaN NaN NaN NaN NaN NaN NaN NaN NaN NaN NaN NaN NaN; 54.5 55.01 69.62 73.36 55.3 54.52 63.1 72.91 82.73 82.12 70.69 61.95 89.09 86.56; 56.71 58.34 72.81 76.43 57.83 56.2 64.53 74.85 83.74 82.83 72.41 63.99 89.5 87.37; NaN NaN NaN NaN NaN NaN NaN NaN NaN NaN NaN NaN NaN NaN; 56.71 58.34 72.81 76.43 57.83 56.2 64.53 74.85 83.74 82.83 72.41 63.99 89.5 87.37]
***** epoch: 4 ***** 
trn_loss: 0 
tst_loss: 0 
naive_trn_accuracy: 0 
naive_tst_accuracy: 0  
pck_val_accuracy: 0.5782207792207792  
[0.0 0.0 0.0 0.0 0.0 0.0 0.0 0.0 0.0 0.0 0.0 0.0 0.0 0.0; NaN NaN NaN NaN NaN NaN NaN NaN NaN NaN NaN NaN NaN NaN; 0.0 0.0 0.0 0.0 0.0 0.0 0.0 0.0 0.0 0.0 0.0 0.0 0.0 0.0; 5.35 5.29 4.33 4.71 4.61 3.75 8.77 9.16 10.81 10.91 7.4 4.98 21.81 12.93; NaN NaN NaN NaN NaN NaN NaN NaN NaN NaN NaN NaN NaN NaN; 5.35 5.29 4.33 4.71 4.61 3.75 8.77 9.16 10.81 10.91 7.4 4.98 21.81 12.93; 16.56 15.77 17.4 17.42 13.25 14.47 24.46 25.87 33.54 33.74 21.7 19.74 53.62 40.53; NaN NaN NaN NaN NaN NaN NaN NaN NaN NaN NaN NaN NaN NaN; 16.56 15.77 17.4 17.42 13.25 14.47 24.46 25.87 33.54 33.74 21.7 19.74 53.62 40.53; 26.47 26.12 30.38 30.64 25.35 25.71 38.53 41.34 52.02 53.03 37.63 32.66 72.99 60.69; NaN NaN NaN NaN NaN NaN NaN NaN NaN NaN NaN NaN NaN NaN; 26.47 26.12 30.38 30.64 25.35 25.71 38.53 41.34 52.02 53.03 37.63 32.66 72.99 60.69; 35.46 34.52 42.64 43.03 34.22 34.88 48.11 52.75 64.24 64.75 50.3 43.54 81.14 71.89; NaN NaN NaN NaN NaN NaN NaN NaN NaN NaN NaN NaN NaN NaN; 35.46 34.52 42.64 43.03 34.22 34.88 48.11 52.75 64.24 64.75 50.3 43.54 81.14 71.89; 41.33 40.39 51.08 52.77 39.75 41.86 53.72 60.59 72.32 72.42 57.0 50.25 84.4 77.39; NaN NaN NaN NaN NaN NaN NaN NaN NaN NaN NaN NaN NaN NaN; 41.33 40.39 51.08 52.77 39.75 41.86 53.72 60.59 72.32 72.42 57.0 50.25 84.4 77.39; 46.68 44.65 57.78 59.43 44.59 46.9 56.78 65.99 76.46 76.77 61.76 54.02 86.54 81.06; NaN NaN NaN NaN NaN NaN NaN NaN NaN NaN NaN NaN NaN NaN; 46.68 44.65 57.78 59.43 44.59 46.9 56.78 65.99 76.46 76.77 61.76 54.02 86.54 81.06; 49.8 47.87 63.03 64.24 48.27 50.65 59.94 68.64 79.49 78.48 65.52 56.66 87.36 83.71; NaN NaN NaN NaN NaN NaN NaN NaN NaN NaN NaN NaN NaN NaN; 49.8 47.87 63.03 64.24 48.27 50.65 59.94 68.64 79.49 78.48 65.52 56.66 87.36 83.71; 52.02 51.21 66.43 68.44 51.04 53.1 61.77 70.67 81.41 80.3 68.76 59.92 88.07 85.23; NaN NaN NaN NaN NaN NaN NaN NaN NaN NaN NaN NaN NaN NaN; 52.02 51.21 66.43 68.44 51.04 53.1 61.77 70.67 81.41 80.3 68.76 59.92 88.07 85.23; 54.24 54.89 69.82 72.95 54.84 55.04 63.3 72.61 82.53 82.12 70.49 62.16 88.79 86.66; NaN NaN NaN NaN NaN NaN NaN NaN NaN NaN NaN NaN NaN NaN; 54.24 54.89 69.82 72.95 54.84 55.04 63.3 72.61 82.53 82.12 70.49 62.16 88.79 86.66; 56.45 58.23 72.71 76.23 57.83 56.59 64.73 74.44 83.54 82.83 72.31 63.89 89.19 87.47; NaN NaN NaN NaN NaN NaN NaN NaN NaN NaN NaN NaN NaN NaN; 56.45 58.23 72.71 76.23 57.83 56.59 64.73 74.44 83.54 82.83 72.31 63.89 89.19 87.47]
***** epoch: 5 ***** 
trn_loss: 0 
tst_loss: 0 
naive_trn_accuracy: 0 
naive_tst_accuracy: 0  
pck_val_accuracy: 0.5781442529692531  
[0.0 0.0 0.0 0.0 0.0 0.0 0.0 0.0 0.0 0.0 0.0 0.0 0.0 0.0; NaN NaN NaN NaN NaN NaN NaN NaN NaN NaN NaN NaN NaN NaN; 0.0 0.0 0.0 0.0 0.0 0.0 0.0 0.0 0.0 0.0 0.0 0.0 0.0 0.0; 5.35 5.18 4.53 4.51 4.49 3.88 8.97 9.27 10.71 11.41 7.81 5.09 22.02 13.24; NaN NaN NaN NaN NaN NaN NaN NaN NaN NaN NaN NaN NaN NaN; 5.35 5.18 4.53 4.51 4.49 3.88 8.97 9.27 10.71 11.41 7.81 5.09 22.02 13.24; 17.08 15.77 17.71 17.42 13.02 14.08 24.97 26.17 34.14 34.44 21.7 19.02 53.52 40.63; NaN NaN NaN NaN NaN NaN NaN NaN NaN NaN NaN NaN NaN NaN; 17.08 15.77 17.71 17.42 13.02 14.08 24.97 26.17 34.14 34.44 21.7 19.02 53.52 40.63; 27.12 26.12 30.79 30.33 24.77 26.23 39.14 41.45 51.92 53.94 37.63 32.15 72.99 60.79; NaN NaN NaN NaN NaN NaN NaN NaN NaN NaN NaN NaN NaN NaN; 27.12 26.12 30.79 30.33 24.77 26.23 39.14 41.45 51.92 53.94 37.63 32.15 72.99 60.79; 35.59 34.18 42.64 43.03 34.1 35.27 48.62 52.85 63.94 65.05 50.61 43.54 80.84 72.1; NaN NaN NaN NaN NaN NaN NaN NaN NaN NaN NaN NaN NaN NaN; 35.59 34.18 42.64 43.03 34.1 35.27 48.62 52.85 63.94 65.05 50.61 43.54 80.84 72.1; 41.85 40.16 51.49 52.56 39.4 41.86 54.03 60.59 72.02 72.53 57.0 50.15 84.4 77.39; NaN NaN NaN NaN NaN NaN NaN NaN NaN NaN NaN NaN NaN NaN; 41.85 40.16 51.49 52.56 39.4 41.86 54.03 60.59 72.02 72.53 57.0 50.15 84.4 77.39; 46.81 44.65 58.19 59.22 44.24 47.03 57.19 65.89 76.26 76.57 61.97 54.02 86.54 80.96; NaN NaN NaN NaN NaN NaN NaN NaN NaN NaN NaN NaN NaN NaN; 46.81 44.65 58.19 59.22 44.24 47.03 57.19 65.89 76.26 76.57 61.97 54.02 86.54 80.96; 49.8 48.1 63.44 64.24 48.16 50.9 60.24 68.53 79.39 78.38 65.72 56.87 87.36 83.81; NaN NaN NaN NaN NaN NaN NaN NaN NaN NaN NaN NaN NaN NaN; 49.8 48.1 63.44 64.24 48.16 50.9 60.24 68.53 79.39 78.38 65.72 56.87 87.36 83.81; 52.02 51.32 66.74 68.24 50.92 53.1 61.77 70.47 81.41 80.0 69.17 60.02 87.97 85.34; NaN NaN NaN NaN NaN NaN NaN NaN NaN NaN NaN NaN NaN NaN; 52.02 51.32 66.74 68.24 50.92 53.1 61.77 70.47 81.41 80.0 69.17 60.02 87.97 85.34; 53.98 55.24 70.24 72.95 54.49 55.04 63.3 72.2 82.42 81.92 70.69 62.26 88.69 86.46; NaN NaN NaN NaN NaN NaN NaN NaN NaN NaN NaN NaN NaN NaN; 53.98 55.24 70.24 72.95 54.49 55.04 63.3 72.2 82.42 81.92 70.69 62.26 88.69 86.46; 56.19 58.34 73.12 76.33 57.6 56.85 64.83 73.83 83.33 82.73 72.21 64.09 89.09 87.37; NaN NaN NaN NaN NaN NaN NaN NaN NaN NaN NaN NaN NaN NaN; 56.19 58.34 73.12 76.33 57.6 56.85 64.83 73.83 83.33 82.73 72.21 64.09 89.09 87.37]
***** epoch: 6 ***** 
trn_loss: 0 
tst_loss: 0 
naive_trn_accuracy: 0 
naive_tst_accuracy: 0  
pck_val_accuracy: 0.5772351259851259  
[0.0 0.0 0.0 0.0 0.0 0.0 0.0 0.0 0.0 0.0 0.0 0.0 0.0 0.0; NaN NaN NaN NaN NaN NaN NaN NaN NaN NaN NaN NaN NaN NaN; 0.0 0.0 0.0 0.0 0.0 0.0 0.0 0.0 0.0 0.0 0.0 0.0 0.0 0.0; 5.22 5.29 4.33 4.61 4.61 3.75 8.97 9.57 11.21 11.62 8.01 4.98 21.51 12.83; NaN NaN NaN NaN NaN NaN NaN NaN NaN NaN NaN NaN NaN NaN; 5.22 5.29 4.33 4.61 4.61 3.75 8.97 9.57 11.21 11.62 8.01 4.98 21.51 12.83; 16.82 16.0 17.51 18.03 13.02 14.21 25.08 25.97 34.85 34.55 22.52 19.23 53.82 40.43; NaN NaN NaN NaN NaN NaN NaN NaN NaN NaN NaN NaN NaN NaN; 16.82 16.0 17.51 18.03 13.02 14.21 25.08 25.97 34.85 34.55 22.52 19.23 53.82 40.43; 26.99 26.01 30.69 31.15 24.08 25.58 39.25 41.34 52.42 54.14 38.24 32.25 72.68 60.59; NaN NaN NaN NaN NaN NaN NaN NaN NaN NaN NaN NaN NaN NaN; 26.99 26.01 30.69 31.15 24.08 25.58 39.25 41.34 52.42 54.14 38.24 32.25 72.68 60.59; 35.85 33.95 41.81 43.65 33.76 34.63 49.03 52.75 64.34 65.05 50.81 43.13 80.84 72.51; NaN NaN NaN NaN NaN NaN NaN NaN NaN NaN NaN NaN NaN NaN; 35.85 33.95 41.81 43.65 33.76 34.63 49.03 52.75 64.34 65.05 50.81 43.13 80.84 72.51; 41.98 39.82 50.88 52.87 39.06 41.34 54.03 60.49 72.02 72.22 57.1 49.95 84.3 77.6; NaN NaN NaN NaN NaN NaN NaN NaN NaN NaN NaN NaN NaN NaN; 41.98 39.82 50.88 52.87 39.06 41.34 54.03 60.49 72.02 72.22 57.1 49.95 84.3 77.6; 46.94 44.65 57.88 59.22 43.89 47.03 57.39 65.78 75.96 76.36 62.17 53.81 86.34 81.06; NaN NaN NaN NaN NaN NaN NaN NaN NaN NaN NaN NaN NaN NaN; 46.94 44.65 57.88 59.22 43.89 47.03 57.39 65.78 75.96 76.36 62.17 53.81 86.34 81.06; 49.41 48.22 63.03 64.14 47.7 50.52 60.14 68.53 79.39 78.28 65.82 56.66 87.05 83.81; NaN NaN NaN NaN NaN NaN NaN NaN NaN NaN NaN NaN NaN NaN; 49.41 48.22 63.03 64.14 47.7 50.52 60.14 68.53 79.39 78.28 65.82 56.66 87.05 83.81; 51.89 51.09 66.32 68.34 50.58 52.71 61.98 70.37 81.41 80.0 68.86 59.61 87.77 85.34; NaN NaN NaN NaN NaN NaN NaN NaN NaN NaN NaN NaN NaN NaN; 51.89 51.09 66.32 68.34 50.58 52.71 61.98 70.37 81.41 80.0 68.86 59.61 87.77 85.34; 53.98 55.12 69.93 72.85 54.38 54.78 63.61 72.2 82.53 81.72 70.39 61.85 88.58 86.56; NaN NaN NaN NaN NaN NaN NaN NaN NaN NaN NaN NaN NaN NaN; 53.98 55.12 69.93 72.85 54.38 54.78 63.61 72.2 82.53 81.72 70.39 61.85 88.58 86.56; 56.19 58.23 72.71 76.33 57.37 56.59 64.93 73.73 83.13 82.53 72.21 63.68 89.09 87.37; NaN NaN NaN NaN NaN NaN NaN NaN NaN NaN NaN NaN NaN NaN; 56.19 58.23 72.71 76.33 57.37 56.59 64.93 73.73 83.13 82.53 72.21 63.68 89.09 87.37]
***** epoch: 7 ***** 
trn_loss: 0 
tst_loss: 0 
naive_trn_accuracy: 0 
naive_tst_accuracy: 0  
pck_val_accuracy: 0.5769503274503277  
[0.0 0.0 0.0 0.0 0.0 0.0 0.0 0.0 0.0 0.0 0.0 0.0 0.0 0.0; NaN NaN NaN NaN NaN NaN NaN NaN NaN NaN NaN NaN NaN NaN; 0.0 0.0 0.0 0.0 0.0 0.0 0.0 0.0 0.0 0.0 0.0 0.0 0.0 0.0; 5.35 5.41 4.63 4.82 4.49 4.01 8.77 9.67 11.82 11.41 7.81 5.49 21.1 13.03; NaN NaN NaN NaN NaN NaN NaN NaN NaN NaN NaN NaN NaN NaN; 5.35 5.41 4.63 4.82 4.49 4.01 8.77 9.67 11.82 11.41 7.81 5.49 21.1 13.03; 17.47 16.11 17.4 17.52 12.79 14.08 24.97 26.58 34.55 34.65 22.21 18.72 53.62 41.04; NaN NaN NaN NaN NaN NaN NaN NaN NaN NaN NaN NaN NaN NaN; 17.47 16.11 17.4 17.52 12.79 14.08 24.97 26.58 34.55 34.65 22.21 18.72 53.62 41.04; 27.25 26.35 31.1 30.74 23.62 25.84 39.86 41.55 52.83 54.55 38.95 32.15 72.68 60.79; NaN NaN NaN NaN NaN NaN NaN NaN NaN NaN NaN NaN NaN NaN; 27.25 26.35 31.1 30.74 23.62 25.84 39.86 41.55 52.83 54.55 38.95 32.15 72.68 60.79; 35.98 34.52 41.5 43.24 33.29 35.27 49.03 52.85 64.44 65.15 50.91 43.13 80.63 72.51; NaN NaN NaN NaN NaN NaN NaN NaN NaN NaN NaN NaN NaN NaN; 35.98 34.52 41.5 43.24 33.29 35.27 49.03 52.85 64.44 65.15 50.91 43.13 80.63 72.51; 41.98 40.51 50.88 52.36 38.71 41.34 54.03 60.29 71.92 72.32 57.3 49.85 84.3 77.49; NaN NaN NaN NaN NaN NaN NaN NaN NaN NaN NaN NaN NaN NaN; 41.98 40.51 50.88 52.36 38.71 41.34 54.03 60.29 71.92 72.32 57.3 49.85 84.3 77.49; 46.81 44.99 57.57 59.12 43.66 47.03 57.29 65.68 75.86 76.46 62.37 53.92 86.24 80.96; NaN NaN NaN NaN NaN NaN NaN NaN NaN NaN NaN NaN NaN NaN; 46.81 44.99 57.57 59.12 43.66 47.03 57.29 65.68 75.86 76.46 62.37 53.92 86.24 80.96; 49.54 48.56 62.72 63.83 47.47 50.52 60.14 68.84 79.19 78.38 65.72 56.97 87.05 83.81; NaN NaN NaN NaN NaN NaN NaN NaN NaN NaN NaN NaN NaN NaN; 49.54 48.56 62.72 63.83 47.47 50.52 60.14 68.84 79.19 78.38 65.72 56.97 87.05 83.81; 52.02 51.21 65.81 68.34 50.58 52.45 61.88 70.26 81.21 80.0 68.76 59.72 87.67 85.23; NaN NaN NaN NaN NaN NaN NaN NaN NaN NaN NaN NaN NaN NaN; 52.02 51.21 65.81 68.34 50.58 52.45 61.88 70.26 81.21 80.0 68.76 59.72 87.67 85.23; 53.98 55.24 69.62 72.64 54.61 54.78 63.51 72.0 82.42 81.92 70.39 61.55 88.38 86.46; NaN NaN NaN NaN NaN NaN NaN NaN NaN NaN NaN NaN NaN NaN; 53.98 55.24 69.62 72.64 54.61 54.78 63.51 72.0 82.42 81.92 70.39 61.55 88.38 86.46; 56.32 58.46 72.4 76.13 57.49 56.59 64.83 73.52 83.13 82.63 72.11 63.38 88.79 87.27; NaN NaN NaN NaN NaN NaN NaN NaN NaN NaN NaN NaN NaN NaN; 56.32 58.46 72.4 76.13 57.49 56.59 64.83 73.52 83.13 82.63 72.11 63.38 88.79 87.27]
***** epoch: 8 ***** 
trn_loss: 0 
tst_loss: 0 
naive_trn_accuracy: 0 
naive_tst_accuracy: 0  
pck_val_accuracy: 0.5762742951492953  
[0.0 0.0 0.0 0.0 0.0 0.0 0.0 0.0 0.0 0.0 0.0 0.0 0.0 0.0; NaN NaN NaN NaN NaN NaN NaN NaN NaN NaN NaN NaN NaN NaN; 0.0 0.0 0.0 0.0 0.0 0.0 0.0 0.0 0.0 0.0 0.0 0.0 0.0 0.0; 5.35 5.64 5.05 4.82 4.61 4.26 8.87 9.67 11.62 11.21 8.22 5.7 21.1 13.03; NaN NaN NaN NaN NaN NaN NaN NaN NaN NaN NaN NaN NaN NaN; 5.35 5.64 5.05 4.82 4.61 4.26 8.87 9.67 11.62 11.21 8.22 5.7 21.1 13.03; 17.73 15.88 17.71 17.42 12.9 14.86 24.87 26.27 34.24 34.95 22.41 18.92 53.72 41.75; NaN NaN NaN NaN NaN NaN NaN NaN NaN NaN NaN NaN NaN NaN; 17.73 15.88 17.71 17.42 12.9 14.86 24.87 26.27 34.24 34.95 22.41 18.92 53.72 41.75; 27.25 26.35 31.2 30.64 23.5 26.36 39.65 41.75 52.53 54.65 39.45 32.15 72.68 61.3; NaN NaN NaN NaN NaN NaN NaN NaN NaN NaN NaN NaN NaN NaN; 27.25 26.35 31.2 30.64 23.5 26.36 39.65 41.75 52.53 54.65 39.45 32.15 72.68 61.3; 36.11 34.64 41.4 43.34 33.87 35.92 48.93 52.65 64.34 65.05 50.71 43.13 80.33 72.51; NaN NaN NaN NaN NaN NaN NaN NaN NaN NaN NaN NaN NaN NaN; 36.11 34.64 41.4 43.34 33.87 35.92 48.93 52.65 64.34 65.05 50.71 43.13 80.33 72.51; 41.46 40.97 50.26 52.36 38.94 41.47 53.92 60.39 71.82 72.32 57.2 49.64 84.1 77.7; NaN NaN NaN NaN NaN NaN NaN NaN NaN NaN NaN NaN NaN NaN; 41.46 40.97 50.26 52.36 38.94 41.47 53.92 60.39 71.82 72.32 57.2 49.64 84.1 77.7; 46.54 45.11 57.05 59.02 44.01 47.42 57.29 65.27 75.96 76.46 62.07 54.02 86.03 81.26; NaN NaN NaN NaN NaN NaN NaN NaN NaN NaN NaN NaN NaN NaN; 46.54 45.11 57.05 59.02 44.01 47.42 57.29 65.27 75.96 76.46 62.07 54.02 86.03 81.26; 49.28 48.45 62.41 63.73 47.81 50.78 60.14 68.43 79.19 78.38 65.72 57.07 86.85 83.81; NaN NaN NaN NaN NaN NaN NaN NaN NaN NaN NaN NaN NaN NaN; 49.28 48.45 62.41 63.73 47.81 50.78 60.14 68.43 79.19 78.38 65.72 57.07 86.85 83.81; 51.5 51.21 65.81 68.03 50.69 52.71 62.08 70.06 81.31 80.0 68.66 59.61 87.46 85.23; NaN NaN NaN NaN NaN NaN NaN NaN NaN NaN NaN NaN NaN NaN; 51.5 51.21 65.81 68.03 50.69 52.71 62.08 70.06 81.31 80.0 68.66 59.61 87.46 85.23; 53.72 54.89 69.52 72.13 54.61 55.04 63.61 71.79 82.22 82.02 70.39 61.34 88.07 86.35; NaN NaN NaN NaN NaN NaN NaN NaN NaN NaN NaN NaN NaN NaN; 53.72 54.89 69.52 72.13 54.61 55.04 63.61 71.79 82.22 82.02 70.39 61.34 88.07 86.35; 56.19 58.11 72.09 75.82 57.72 56.85 64.93 73.22 83.13 82.73 72.11 63.28 88.38 87.17; NaN NaN NaN NaN NaN NaN NaN NaN NaN NaN NaN NaN NaN NaN; 56.19 58.11 72.09 75.82 57.72 56.85 64.93 73.22 83.13 82.73 72.11 63.28 88.38 87.17]
***** epoch: 9 ***** 
trn_loss: 0 
tst_loss: 0 
naive_trn_accuracy: 0 
naive_tst_accuracy: 0  
pck_val_accuracy: 0.5762286491286491  
[0.0 0.0 0.0 0.0 0.0 0.0 0.0 0.0 0.0 0.0 0.0 0.0 0.0 0.0; NaN NaN NaN NaN NaN NaN NaN NaN NaN NaN NaN NaN NaN NaN; 0.0 0.0 0.0 0.0 0.0 0.0 0.0 0.0 0.0 0.0 0.0 0.0 0.0 0.0; 5.08 5.64 5.25 4.82 4.61 4.26 8.77 9.78 11.52 11.31 8.82 5.49 21.0 12.93; NaN NaN NaN NaN NaN NaN NaN NaN NaN NaN NaN NaN NaN NaN; 5.08 5.64 5.25 4.82 4.61 4.26 8.77 9.78 11.52 11.31 8.82 5.49 21.0 12.93; 17.47 15.88 17.51 17.62 13.13 14.47 24.77 26.48 34.14 35.15 22.72 18.72 54.03 41.65; NaN NaN NaN NaN NaN NaN NaN NaN NaN NaN NaN NaN NaN NaN; 17.47 15.88 17.51 17.62 13.13 14.47 24.77 26.48 34.14 35.15 22.72 18.72 54.03 41.65; 27.12 26.24 31.31 30.94 23.96 25.71 40.16 41.65 52.42 54.24 39.76 32.25 72.88 61.51; NaN NaN NaN NaN NaN NaN NaN NaN NaN NaN NaN NaN NaN NaN; 27.12 26.24 31.31 30.94 23.96 25.71 40.16 41.65 52.42 54.24 39.76 32.25 72.88 61.51; 36.38 34.41 41.3 43.55 33.76 35.79 49.44 52.85 64.34 65.15 50.3 43.23 80.33 72.61; NaN NaN NaN NaN NaN NaN NaN NaN NaN NaN NaN NaN NaN NaN; 36.38 34.41 41.3 43.55 33.76 35.79 49.44 52.85 64.34 65.15 50.3 43.23 80.33 72.61; 41.46 40.62 50.67 52.66 38.94 41.34 54.23 60.08 71.82 72.22 57.4 49.64 83.89 77.49; NaN NaN NaN NaN NaN NaN NaN NaN NaN NaN NaN NaN NaN NaN; 41.46 40.62 50.67 52.66 38.94 41.34 54.23 60.08 71.82 72.22 57.4 49.64 83.89 77.49; 46.68 44.65 57.16 59.12 43.66 47.03 57.8 64.87 76.26 76.26 62.17 54.12 85.83 80.86; NaN NaN NaN NaN NaN NaN NaN NaN NaN NaN NaN NaN NaN NaN; 46.68 44.65 57.16 59.12 43.66 47.03 57.8 64.87 76.26 76.26 62.17 54.12 85.83 80.86; 49.28 48.1 62.41 63.63 47.7 50.65 60.45 68.33 79.8 78.18 65.62 57.27 86.65 83.3; NaN NaN NaN NaN NaN NaN NaN NaN NaN NaN NaN NaN NaN NaN; 49.28 48.1 62.41 63.63 47.7 50.65 60.45 68.33 79.8 78.18 65.62 57.27 86.65 83.3; 51.37 51.09 65.71 67.83 50.92 52.71 62.49 70.06 81.52 79.9 68.26 60.22 87.16 84.93; NaN NaN NaN NaN NaN NaN NaN NaN NaN NaN NaN NaN NaN NaN; 51.37 51.09 65.71 67.83 50.92 52.71 62.49 70.06 81.52 79.9 68.26 60.22 87.16 84.93; 53.72 54.43 69.41 71.93 54.38 54.91 63.91 71.79 82.42 81.92 70.18 61.85 87.87 86.05; NaN NaN NaN NaN NaN NaN NaN NaN NaN NaN NaN NaN NaN NaN; 53.72 54.43 69.41 71.93 54.38 54.91 63.91 71.79 82.42 81.92 70.18 61.85 87.87 86.05; 56.19 58.11 72.09 75.51 57.26 56.72 65.14 73.22 83.43 82.63 72.21 63.89 88.18 86.86; NaN NaN NaN NaN NaN NaN NaN NaN NaN NaN NaN NaN NaN NaN; 56.19 58.11 72.09 75.51 57.26 56.72 65.14 73.22 83.43 82.63 72.21 63.89 88.18 86.86]
***** epoch: 10 ***** 
trn_loss: 0 
tst_loss: 0 
naive_trn_accuracy: 0 
naive_tst_accuracy: 0  
pck_val_accuracy: 0.5762495226995228  
[0.0 0.0 0.0 0.0 0.0 0.0 0.0 0.0 0.0 0.0 0.0 0.0 0.0 0.0; NaN NaN NaN NaN NaN NaN NaN NaN NaN NaN NaN NaN NaN NaN; 0.0 0.0 0.0 0.0 0.0 0.0 0.0 0.0 0.0 0.0 0.0 0.0 0.0 0.0; 4.95 5.75 4.84 4.71 4.38 4.39 8.66 9.67 11.82 11.72 8.82 5.49 21.0 13.34; NaN NaN NaN NaN NaN NaN NaN NaN NaN NaN NaN NaN NaN NaN; 4.95 5.75 4.84 4.71 4.38 4.39 8.66 9.67 11.82 11.72 8.82 5.49 21.0 13.34; 17.73 16.23 17.3 17.32 13.13 14.73 24.87 26.17 34.44 35.35 23.23 18.82 54.54 41.96; NaN NaN NaN NaN NaN NaN NaN NaN NaN NaN NaN NaN NaN NaN; 17.73 16.23 17.3 17.32 13.13 14.73 24.87 26.17 34.44 35.35 23.23 18.82 54.54 41.96; 27.25 26.58 31.41 30.84 23.85 25.71 40.06 41.85 52.73 54.24 40.37 32.66 72.99 61.71; NaN NaN NaN NaN NaN NaN NaN NaN NaN NaN NaN NaN NaN NaN; 27.25 26.58 31.41 30.84 23.85 25.71 40.06 41.85 52.73 54.24 40.37 32.66 72.99 61.71; 36.25 34.87 40.89 43.03 33.76 36.05 49.44 53.26 64.44 65.05 50.2 43.44 80.43 72.51; NaN NaN NaN NaN NaN NaN NaN NaN NaN NaN NaN NaN NaN NaN; 36.25 34.87 40.89 43.03 33.76 36.05 49.44 53.26 64.44 65.05 50.2 43.44 80.43 72.51; 41.72 40.51 50.15 52.15 38.82 41.99 54.33 60.29 71.72 72.12 57.4 49.95 84.1 77.29; NaN NaN NaN NaN NaN NaN NaN NaN NaN NaN NaN NaN NaN NaN; 41.72 40.51 50.15 52.15 38.82 41.99 54.33 60.29 71.72 72.12 57.4 49.95 84.1 77.29; 46.81 44.76 56.54 58.71 43.55 47.42 58.0 64.97 76.16 76.06 62.17 54.32 86.14 80.65; NaN NaN NaN NaN NaN NaN NaN NaN NaN NaN NaN NaN NaN NaN; 46.81 44.76 56.54 58.71 43.55 47.42 58.0 64.97 76.16 76.06 62.17 54.32 86.14 80.65; 49.41 48.33 61.79 63.63 47.58 50.78 60.35 68.33 79.49 77.98 65.62 57.38 86.85 83.3; NaN NaN NaN NaN NaN NaN NaN NaN NaN NaN NaN NaN NaN NaN; 49.41 48.33 61.79 63.63 47.58 50.78 60.35 68.33 79.49 77.98 65.62 57.38 86.85 83.3; 51.5 51.21 64.88 67.83 51.04 52.97 62.39 69.96 81.21 79.7 67.95 60.12 87.36 85.03; NaN NaN NaN NaN NaN NaN NaN NaN NaN NaN NaN NaN NaN NaN; 51.5 51.21 64.88 67.83 51.04 52.97 62.39 69.96 81.21 79.7 67.95 60.12 87.36 85.03; 53.72 54.43 68.59 71.82 54.61 55.3 63.71 71.79 82.32 81.82 70.08 61.75 88.07 85.95; NaN NaN NaN NaN NaN NaN NaN NaN NaN NaN NaN NaN NaN NaN; 53.72 54.43 68.59 71.82 54.61 55.3 63.71 71.79 82.32 81.82 70.08 61.75 88.07 85.95; 56.19 58.11 71.37 75.51 57.72 57.11 64.93 73.22 83.54 82.53 71.91 63.89 88.38 86.86; NaN NaN NaN NaN NaN NaN NaN NaN NaN NaN NaN NaN NaN NaN; 56.19 58.11 71.37 75.51 57.72 57.11 64.93 73.22 83.54 82.53 71.91 63.89 88.38 86.86]
***** epoch: 11 ***** 
trn_loss: 0 
tst_loss: 0 
naive_trn_accuracy: 0 
naive_tst_accuracy: 0  
pck_val_accuracy: 0.5765106338106337  
[0.0 0.0 0.0 0.0 0.0 0.0 0.0 0.0 0.0 0.0 0.0 0.0 0.0 0.0; NaN NaN NaN NaN NaN NaN NaN NaN NaN NaN NaN NaN NaN NaN; 0.0 0.0 0.0 0.0 0.0 0.0 0.0 0.0 0.0 0.0 0.0 0.0 0.0 0.0; 4.69 5.98 5.15 4.82 4.26 4.13 8.87 10.08 11.52 11.82 8.82 5.9 21.41 13.75; NaN NaN NaN NaN NaN NaN NaN NaN NaN NaN NaN NaN NaN NaN; 4.69 5.98 5.15 4.82 4.26 4.13 8.87 10.08 11.52 11.82 8.82 5.9 21.41 13.75; 17.86 16.46 16.99 17.73 13.25 14.6 25.08 25.97 34.34 35.76 23.53 19.23 55.15 41.85; NaN NaN NaN NaN NaN NaN NaN NaN NaN NaN NaN NaN NaN NaN; 17.86 16.46 16.99 17.73 13.25 14.6 25.08 25.97 34.34 35.76 23.53 19.23 55.15 41.85; 27.64 26.47 31.51 31.25 23.96 25.97 40.47 41.65 52.73 54.14 40.67 32.76 73.19 61.51; NaN NaN NaN NaN NaN NaN NaN NaN NaN NaN NaN NaN NaN NaN; 27.64 26.47 31.51 31.25 23.96 25.97 40.47 41.65 52.73 54.14 40.67 32.76 73.19 61.51; 36.51 34.75 40.89 43.24 33.64 36.43 49.54 52.95 64.55 64.85 50.51 43.64 80.63 72.3; NaN NaN NaN NaN NaN NaN NaN NaN NaN NaN NaN NaN NaN NaN; 36.51 34.75 40.89 43.24 33.64 36.43 49.54 52.95 64.55 64.85 50.51 43.64 80.63 72.3; 41.46 40.62 49.85 52.15 38.71 42.12 54.43 59.78 71.82 72.22 57.81 50.15 84.2 77.39; NaN NaN NaN NaN NaN NaN NaN NaN NaN NaN NaN NaN NaN NaN; 41.46 40.62 49.85 52.15 38.71 42.12 54.43 59.78 71.82 72.22 57.81 50.15 84.2 77.39; 46.54 44.99 56.44 58.81 43.43 47.55 57.9 64.46 76.67 75.86 62.68 54.43 86.14 80.75; NaN NaN NaN NaN NaN NaN NaN NaN NaN NaN NaN NaN NaN NaN; 46.54 44.99 56.44 58.81 43.43 47.55 57.9 64.46 76.67 75.86 62.68 54.43 86.14 80.75; 49.28 48.33 61.48 63.73 47.7 50.9 60.14 67.82 79.7 77.88 65.92 57.68 86.85 83.3; NaN NaN NaN NaN NaN NaN NaN NaN NaN NaN NaN NaN NaN NaN; 49.28 48.33 61.48 63.73 47.7 50.9 60.14 67.82 79.7 77.88 65.92 57.68 86.85 83.3; 51.24 51.21 64.88 67.83 51.27 52.97 62.28 69.76 81.31 79.6 68.26 60.33 87.16 85.03; NaN NaN NaN NaN NaN NaN NaN NaN NaN NaN NaN NaN NaN NaN; 51.24 51.21 64.88 67.83 51.27 52.97 62.28 69.76 81.31 79.6 68.26 60.33 87.16 85.03; 53.46 54.32 68.38 71.62 54.49 55.17 63.51 71.49 82.32 81.82 70.28 61.95 87.87 85.95; NaN NaN NaN NaN NaN NaN NaN NaN NaN NaN NaN NaN NaN NaN; 53.46 54.32 68.38 71.62 54.49 55.17 63.51 71.49 82.32 81.82 70.28 61.95 87.87 85.95; 55.93 57.88 71.06 75.41 57.49 56.98 64.42 72.81 83.54 82.63 72.31 64.19 88.28 86.86; NaN NaN NaN NaN NaN NaN NaN NaN NaN NaN NaN NaN NaN NaN; 55.93 57.88 71.06 75.41 57.49 56.98 64.42 72.81 83.54 82.63 72.31 64.19 88.28 86.86]
***** epoch: 12 ***** 
trn_loss: 0 
tst_loss: 0 
naive_trn_accuracy: 0 
naive_tst_accuracy: 0  
pck_val_accuracy: 0.5766226107226106  
[0.0 0.0 0.0 0.0 0.0 0.0 0.0 0.0 0.0 0.0 0.0 0.0 0.0 0.0; NaN NaN NaN NaN NaN NaN NaN NaN NaN NaN NaN NaN NaN NaN; 0.0 0.0 0.0 0.0 0.0 0.0 0.0 0.0 0.0 0.0 0.0 0.0 0.0 0.0; 4.69 5.98 5.36 5.12 4.03 4.01 8.66 10.18 12.22 12.53 8.42 6.21 21.3 14.05; NaN NaN NaN NaN NaN NaN NaN NaN NaN NaN NaN NaN NaN NaN; 4.69 5.98 5.36 5.12 4.03 4.01 8.66 10.18 12.22 12.53 8.42 6.21 21.3 14.05; 17.86 16.46 17.3 17.83 13.25 14.47 24.87 26.07 34.75 35.66 23.53 19.63 54.84 42.06; NaN NaN NaN NaN NaN NaN NaN NaN NaN NaN NaN NaN NaN NaN; 17.86 16.46 17.3 17.83 13.25 14.47 24.87 26.07 34.75 35.66 23.53 19.63 54.84 42.06; 27.9 26.93 31.62 31.05 24.19 25.71 40.67 41.65 52.83 54.24 39.76 32.25 73.09 61.3; NaN NaN NaN NaN NaN NaN NaN NaN NaN NaN NaN NaN NaN NaN; 27.9 26.93 31.62 31.05 24.19 25.71 40.67 41.65 52.83 54.24 39.76 32.25 73.09 61.3; 36.51 35.1 40.99 42.52 33.53 36.18 49.85 53.16 64.75 64.95 50.1 43.23 80.43 72.3; NaN NaN NaN NaN NaN NaN NaN NaN NaN NaN NaN NaN NaN NaN; 36.51 35.1 40.99 42.52 33.53 36.18 49.85 53.16 64.75 64.95 50.1 43.23 80.43 72.3; 41.33 40.85 50.15 51.95 38.59 42.12 54.84 59.88 71.82 72.32 57.51 49.85 84.1 77.39; NaN NaN NaN NaN NaN NaN NaN NaN NaN NaN NaN NaN NaN NaN; 41.33 40.85 50.15 51.95 38.59 42.12 54.84 59.88 71.82 72.32 57.51 49.85 84.1 77.39; 46.28 44.99 56.75 58.61 43.32 47.55 58.21 64.46 76.67 75.96 62.17 54.32 86.03 80.45; NaN NaN NaN NaN NaN NaN NaN NaN NaN NaN NaN NaN NaN NaN; 46.28 44.99 56.75 58.61 43.32 47.55 58.21 64.46 76.67 75.96 62.17 54.32 86.03 80.45; 49.15 48.22 61.38 63.52 47.47 51.03 60.24 67.92 79.8 77.88 65.31 57.78 86.75 82.69; NaN NaN NaN NaN NaN NaN NaN NaN NaN NaN NaN NaN NaN NaN; 49.15 48.22 61.38 63.52 47.47 51.03 60.24 67.92 79.8 77.88 65.31 57.78 86.75 82.69; 51.24 51.09 64.68 67.62 51.04 52.97 62.18 69.65 81.41 79.6 68.05 60.22 87.05 84.42; NaN NaN NaN NaN NaN NaN NaN NaN NaN NaN NaN NaN NaN NaN; 51.24 51.09 64.68 67.62 51.04 52.97 62.18 69.65 81.41 79.6 68.05 60.22 87.05 84.42; 53.32 54.09 68.07 71.62 54.26 55.17 63.51 71.38 82.42 81.72 69.88 61.85 87.87 85.54; NaN NaN NaN NaN NaN NaN NaN NaN NaN NaN NaN NaN NaN NaN; 53.32 54.09 68.07 71.62 54.26 55.17 63.51 71.38 82.42 81.72 69.88 61.85 87.87 85.54; 55.8 57.54 70.85 75.0 57.37 56.98 64.53 72.81 83.64 82.53 71.91 64.09 88.28 86.46; NaN NaN NaN NaN NaN NaN NaN NaN NaN NaN NaN NaN NaN NaN; 55.8 57.54 70.85 75.0 57.37 56.98 64.53 72.81 83.64 82.53 71.91 64.09 88.28 86.46]
***** epoch: 13 ***** 
trn_loss: 0 
tst_loss: 0 
naive_trn_accuracy: 0 
naive_tst_accuracy: 0  
pck_val_accuracy: 0.5762800893550893  
[0.0 0.0 0.0 0.0 0.0 0.0 0.0 0.0 0.0 0.0 0.0 0.0 0.0 0.0; NaN NaN NaN NaN NaN NaN NaN NaN NaN NaN NaN NaN NaN NaN; 0.0 0.0 0.0 0.0 0.0 0.0 0.0 0.0 0.0 0.0 0.0 0.0 0.0 0.0; 4.56 5.87 5.15 5.33 4.15 3.88 8.66 10.18 11.92 12.42 8.72 6.31 21.61 14.46; NaN NaN NaN NaN NaN NaN NaN NaN NaN NaN NaN NaN NaN NaN; 4.56 5.87 5.15 5.33 4.15 3.88 8.66 10.18 11.92 12.42 8.72 6.31 21.61 14.46; 17.6 16.69 16.99 17.83 13.36 14.73 24.97 25.66 34.85 35.15 23.12 20.14 55.05 41.65; NaN NaN NaN NaN NaN NaN NaN NaN NaN NaN NaN NaN NaN NaN; 17.6 16.69 16.99 17.83 13.36 14.73 24.97 25.66 34.85 35.15 23.12 20.14 55.05 41.65; 27.77 26.93 30.69 31.15 23.96 26.23 40.16 41.75 52.93 53.94 39.45 32.35 73.19 61.0; NaN NaN NaN NaN NaN NaN NaN NaN NaN NaN NaN NaN NaN NaN; 27.77 26.93 30.69 31.15 23.96 26.23 40.16 41.75 52.93 53.94 39.45 32.35 73.19 61.0; 36.77 35.1 40.78 42.52 33.41 36.18 49.54 53.05 65.15 64.75 49.59 43.64 80.43 72.4; NaN NaN NaN NaN NaN NaN NaN NaN NaN NaN NaN NaN NaN NaN; 36.77 35.1 40.78 42.52 33.41 36.18 49.54 53.05 65.15 64.75 49.59 43.64 80.43 72.4; 41.59 41.08 49.33 52.15 39.06 42.25 54.54 59.78 71.72 72.02 57.3 50.25 83.79 77.7; NaN NaN NaN NaN NaN NaN NaN NaN NaN NaN NaN NaN NaN NaN; 41.59 41.08 49.33 52.15 39.06 42.25 54.54 59.78 71.72 72.02 57.3 50.25 83.79 77.7; 46.41 44.88 56.13 59.22 43.43 47.67 58.0 64.46 76.57 75.56 62.27 54.43 86.03 80.75; NaN NaN NaN NaN NaN NaN NaN NaN NaN NaN NaN NaN NaN NaN; 46.41 44.88 56.13 59.22 43.43 47.67 58.0 64.46 76.57 75.56 62.27 54.43 86.03 80.75; 49.41 48.33 60.87 63.93 47.35 50.9 60.14 67.82 79.6 77.58 65.52 57.78 86.85 82.79; NaN NaN NaN NaN NaN NaN NaN NaN NaN NaN NaN NaN NaN NaN; 49.41 48.33 60.87 63.93 47.35 50.9 60.14 67.82 79.6 77.58 65.52 57.78 86.85 82.79; 51.76 51.09 64.16 67.83 51.04 52.84 62.49 69.55 81.31 79.29 67.95 60.43 87.16 84.52; NaN NaN NaN NaN NaN NaN NaN NaN NaN NaN NaN NaN NaN NaN; 51.76 51.09 64.16 67.83 51.04 52.84 62.49 69.55 81.31 79.29 67.95 60.43 87.16 84.52; 53.59 53.86 68.07 71.72 54.26 55.17 63.91 71.18 82.32 81.41 69.98 62.46 87.97 85.44; NaN NaN NaN NaN NaN NaN NaN NaN NaN NaN NaN NaN NaN NaN; 53.59 53.86 68.07 71.72 54.26 55.17 63.91 71.18 82.32 81.41 69.98 62.46 87.97 85.44; 56.06 57.65 70.65 75.1 57.37 56.85 64.93 72.51 83.43 82.12 72.01 64.6 88.28 86.35; NaN NaN NaN NaN NaN NaN NaN NaN NaN NaN NaN NaN NaN NaN; 56.06 57.65 70.65 75.1 57.37 56.85 64.93 72.51 83.43 82.12 72.01 64.6 88.28 86.35]
***** epoch: 14 ***** 
trn_loss: 0 
tst_loss: 0 
naive_trn_accuracy: 0 
naive_tst_accuracy: 0  
pck_val_accuracy: 0.5752769758019757  
[0.0 0.0 0.0 0.0 0.0 0.0 0.0 0.0 0.0 0.0 0.0 0.0 0.0 0.0; NaN NaN NaN NaN NaN NaN NaN NaN NaN NaN NaN NaN NaN NaN; 0.0 0.0 0.0 0.0 0.0 0.0 0.0 0.0 0.0 0.0 0.0 0.0 0.0 0.0; 4.43 5.87 5.05 5.74 4.26 3.88 8.66 9.98 12.12 12.42 8.52 6.71 21.61 14.05; NaN NaN NaN NaN NaN NaN NaN NaN NaN NaN NaN NaN NaN NaN; 4.43 5.87 5.05 5.74 4.26 3.88 8.66 9.98 12.12 12.42 8.52 6.71 21.61 14.05; 17.6 16.8 16.68 18.14 13.59 15.12 24.77 25.36 34.75 34.85 23.02 19.74 54.84 42.06; NaN NaN NaN NaN NaN NaN NaN NaN NaN NaN NaN NaN NaN NaN; 17.6 16.8 16.68 18.14 13.59 15.12 24.77 25.36 34.75 34.85 23.02 19.74 54.84 42.06; 28.29 27.16 30.07 31.97 23.96 26.74 39.96 41.96 53.33 54.04 39.45 32.04 73.19 60.79; NaN NaN NaN NaN NaN NaN NaN NaN NaN NaN NaN NaN NaN NaN; 28.29 27.16 30.07 31.97 23.96 26.74 39.96 41.96 53.33 54.04 39.45 32.04 73.19 60.79; 36.9 35.21 40.16 42.73 33.29 36.43 49.34 53.16 65.25 64.55 49.49 43.23 80.33 72.1; NaN NaN NaN NaN NaN NaN NaN NaN NaN NaN NaN NaN NaN NaN; 36.9 35.21 40.16 42.73 33.29 36.43 49.34 53.16 65.25 64.55 49.49 43.23 80.33 72.1; 41.98 40.97 49.23 51.84 38.71 42.64 54.33 59.67 71.92 71.62 57.2 49.95 83.79 77.39; NaN NaN NaN NaN NaN NaN NaN NaN NaN NaN NaN NaN NaN NaN; 41.98 40.97 49.23 51.84 38.71 42.64 54.33 59.67 71.92 71.62 57.2 49.95 83.79 77.39; 46.81 44.53 56.44 59.02 43.09 47.8 58.1 64.36 76.57 75.25 62.17 54.22 86.03 80.75; NaN NaN NaN NaN NaN NaN NaN NaN NaN NaN NaN NaN NaN NaN; 46.81 44.53 56.44 59.02 43.09 47.8 58.1 64.36 76.57 75.25 62.17 54.22 86.03 80.75; 49.28 48.1 60.97 63.83 47.24 50.78 60.45 67.72 79.49 77.27 65.42 57.78 86.75 82.69; NaN NaN NaN NaN NaN NaN NaN NaN NaN NaN NaN NaN NaN NaN; 49.28 48.1 60.97 63.83 47.24 50.78 60.45 67.72 79.49 77.27 65.42 57.78 86.75 82.69; 51.76 50.86 64.06 67.93 50.69 52.71 62.69 69.45 81.21 79.09 67.95 60.53 87.16 84.42; NaN NaN NaN NaN NaN NaN NaN NaN NaN NaN NaN NaN NaN NaN; 51.76 50.86 64.06 67.93 50.69 52.71 62.69 69.45 81.21 79.09 67.95 60.53 87.16 84.42; 53.85 53.62 67.97 71.62 54.03 55.17 64.02 71.49 82.12 80.91 69.98 62.56 87.97 85.23; NaN NaN NaN NaN NaN NaN NaN NaN NaN NaN NaN NaN NaN NaN; 53.85 53.62 67.97 71.62 54.03 55.17 64.02 71.49 82.12 80.91 69.98 62.56 87.97 85.23; 56.06 57.31 70.24 75.0 57.14 56.85 65.04 72.71 83.23 81.62 71.81 64.7 88.28 86.15; NaN NaN NaN NaN NaN NaN NaN NaN NaN NaN NaN NaN NaN NaN; 56.06 57.31 70.24 75.0 57.14 56.85 65.04 72.71 83.23 81.62 71.81 64.7 88.28 86.15]
***** epoch: 15 ***** 
trn_loss: 0 
tst_loss: 0 
naive_trn_accuracy: 0 
naive_tst_accuracy: 0  
pck_val_accuracy: 0.57621298978799  
[0.0 0.0 0.0 0.0 0.0 0.0 0.0 0.0 0.0 0.0 0.0 0.0 0.0 0.0; NaN NaN NaN NaN NaN NaN NaN NaN NaN NaN NaN NaN NaN NaN; 0.0 0.0 0.0 0.0 0.0 0.0 0.0 0.0 0.0 0.0 0.0 0.0 0.0 0.0; 4.3 5.41 4.94 5.84 4.15 4.01 8.66 10.08 12.42 12.73 8.52 6.92 21.71 14.66; NaN NaN NaN NaN NaN NaN NaN NaN NaN NaN NaN NaN NaN NaN; 4.3 5.41 4.94 5.84 4.15 4.01 8.66 10.08 12.42 12.73 8.52 6.92 21.71 14.66; 17.47 16.57 16.99 18.34 13.36 15.12 24.67 25.15 34.85 35.35 22.62 20.04 55.45 42.57; NaN NaN NaN NaN NaN NaN NaN NaN NaN NaN NaN NaN NaN NaN; 17.47 16.57 16.99 18.34 13.36 15.12 24.67 25.15 34.85 35.35 22.62 20.04 55.45 42.57; 28.81 27.27 29.97 31.86 23.73 26.87 40.16 41.85 53.23 54.04 39.35 32.04 73.29 61.3; NaN NaN NaN NaN NaN NaN NaN NaN NaN NaN NaN NaN NaN NaN; 28.81 27.27 29.97 31.86 23.73 26.87 40.16 41.85 53.23 54.04 39.35 32.04 73.29 61.3; 37.03 35.44 40.16 42.11 33.41 36.69 49.54 53.26 65.35 64.55 49.39 43.13 80.22 72.3; NaN NaN NaN NaN NaN NaN NaN NaN NaN NaN NaN NaN NaN NaN; 37.03 35.44 40.16 42.11 33.41 36.69 49.54 53.26 65.35 64.55 49.39 43.13 80.22 72.3; 42.37 40.74 49.43 51.54 39.17 42.76 54.54 59.78 72.22 71.72 57.2 49.75 83.69 77.6; NaN NaN NaN NaN NaN NaN NaN NaN NaN NaN NaN NaN NaN NaN; 42.37 40.74 49.43 51.54 39.17 42.76 54.54 59.78 72.22 71.72 57.2 49.75 83.69 77.6; 47.33 44.19 56.13 59.02 43.2 47.8 58.31 64.26 76.87 75.45 62.17 53.81 85.83 80.75; NaN NaN NaN NaN NaN NaN NaN NaN NaN NaN NaN NaN NaN NaN; 47.33 44.19 56.13 59.02 43.2 47.8 58.31 64.26 76.87 75.45 62.17 53.81 85.83 80.75; 49.67 47.64 60.66 63.83 47.24 50.9 60.65 67.82 79.9 77.37 65.42 57.58 86.54 82.79; NaN NaN NaN NaN NaN NaN NaN NaN NaN NaN NaN NaN NaN NaN; 49.67 47.64 60.66 63.83 47.24 50.9 60.65 67.82 79.9 77.37 65.42 57.58 86.54 82.79; 52.15 50.75 63.75 67.83 50.58 52.71 62.69 69.65 81.62 78.99 67.75 60.43 86.95 84.42; NaN NaN NaN NaN NaN NaN NaN NaN NaN NaN NaN NaN NaN NaN; 52.15 50.75 63.75 67.83 50.58 52.71 62.69 69.65 81.62 78.99 67.75 60.43 86.95 84.42; 54.11 53.39 67.66 71.72 54.03 55.17 63.91 71.59 82.42 80.81 69.88 62.46 87.87 85.13; NaN NaN NaN NaN NaN NaN NaN NaN NaN NaN NaN NaN NaN NaN; 54.11 53.39 67.66 71.72 54.03 55.17 63.91 71.59 82.42 80.81 69.88 62.46 87.87 85.13; 56.06 57.19 69.82 74.8 57.03 56.85 64.93 73.12 83.64 81.52 71.6 64.6 88.18 86.05; NaN NaN NaN NaN NaN NaN NaN NaN NaN NaN NaN NaN NaN NaN; 56.06 57.19 69.82 74.8 57.03 56.85 64.93 73.12 83.64 81.52 71.6 64.6 88.18 86.05]
***** epoch: 16 ***** 
trn_loss: 0 
tst_loss: 0 
naive_trn_accuracy: 0 
naive_tst_accuracy: 0  
pck_val_accuracy: 0.5757664640914645  
[0.0 0.0 0.0 0.0 0.0 0.0 0.0 0.0 0.0 0.0 0.0 0.0 0.0 0.0; NaN NaN NaN NaN NaN NaN NaN NaN NaN NaN NaN NaN NaN NaN; 0.0 0.0 0.0 0.0 0.0 0.0 0.0 0.0 0.0 0.0 0.0 0.0 0.0 0.0; 4.56 5.52 5.05 5.64 4.03 3.88 8.46 9.67 12.22 13.03 8.62 6.71 21.3 14.66; NaN NaN NaN NaN NaN NaN NaN NaN NaN NaN NaN NaN NaN NaN; 4.56 5.52 5.05 5.64 4.03 3.88 8.46 9.67 12.22 13.03 8.62 6.71 21.3 14.66; 17.6 16.23 16.79 18.03 13.13 14.73 24.77 25.56 34.44 35.45 22.41 20.24 54.94 43.08; NaN NaN NaN NaN NaN NaN NaN NaN NaN NaN NaN NaN NaN NaN; 17.6 16.23 16.79 18.03 13.13 14.73 24.77 25.56 34.44 35.45 22.41 20.24 54.94 43.08; 29.2 27.16 29.87 32.07 23.5 26.74 39.76 42.06 53.23 53.94 39.45 32.15 73.29 61.3; NaN NaN NaN NaN NaN NaN NaN NaN NaN NaN NaN NaN NaN NaN; 29.2 27.16 29.87 32.07 23.5 26.74 39.76 42.06 53.23 53.94 39.45 32.15 73.29 61.3; 37.29 35.21 40.16 41.8 33.29 36.69 49.13 53.46 65.45 64.85 49.09 43.03 80.43 72.4; NaN NaN NaN NaN NaN NaN NaN NaN NaN NaN NaN NaN NaN NaN; 37.29 35.21 40.16 41.8 33.29 36.69 49.13 53.46 65.45 64.85 49.09 43.03 80.43 72.4; 42.11 40.74 49.23 51.02 39.06 42.51 54.03 60.18 72.12 71.82 56.69 49.64 83.69 77.7; NaN NaN NaN NaN NaN NaN NaN NaN NaN NaN NaN NaN NaN NaN; 42.11 40.74 49.23 51.02 39.06 42.51 54.03 60.18 72.12 71.82 56.69 49.64 83.69 77.7; 47.07 44.19 55.92 58.81 43.09 47.67 58.1 64.36 76.87 75.66 61.87 54.02 85.93 80.75; NaN NaN NaN NaN NaN NaN NaN NaN NaN NaN NaN NaN NaN NaN; 47.07 44.19 55.92 58.81 43.09 47.67 58.1 64.36 76.87 75.66 61.87 54.02 85.93 80.75; 49.54 47.41 60.45 63.63 47.0 50.65 60.55 68.13 80.0 77.47 65.01 57.78 86.54 82.69; NaN NaN NaN NaN NaN NaN NaN NaN NaN NaN NaN NaN NaN NaN; 49.54 47.41 60.45 63.63 47.0 50.65 60.55 68.13 80.0 77.47 65.01 57.78 86.54 82.69; 51.89 50.63 63.54 67.62 50.46 52.84 62.59 69.76 81.72 79.19 67.24 60.53 87.16 84.42; NaN NaN NaN NaN NaN NaN NaN NaN NaN NaN NaN NaN NaN NaN; 51.89 50.63 63.54 67.62 50.46 52.84 62.59 69.76 81.72 79.19 67.24 60.53 87.16 84.42; 53.98 53.16 67.25 71.62 53.69 55.3 63.81 71.59 82.63 80.91 69.27 62.77 87.97 85.23; NaN NaN NaN NaN NaN NaN NaN NaN NaN NaN NaN NaN NaN NaN; 53.98 53.16 67.25 71.62 53.69 55.3 63.81 71.59 82.63 80.91 69.27 62.77 87.97 85.23; 56.06 56.96 69.41 74.9 56.68 56.85 64.93 73.22 83.74 81.62 70.89 64.8 88.28 86.15; NaN NaN NaN NaN NaN NaN NaN NaN NaN NaN NaN NaN NaN NaN; 56.06 56.96 69.41 74.9 56.68 56.85 64.93 73.22 83.74 81.62 70.89 64.8 88.28 86.15]
