***** epoch: 0 ***** 
trn_loss: 0.021252378226729155 
tst_loss: 0.02125237822582515 
naive_trn_accuracy: 0.064654017857143 
naive_tst_accuracy: 0.06533658239415178  
pck_val_accuracy: 0.15824461861622943  
[0.0 0.0 0.0 0.0 0.0 0.0 0.0 0.0 0.0 0.0 0.0 0.0 0.0 0.0; 0.0 0.0 0.0 0.0 0.0 0.0 0.0 0.0 0.0 0.0 0.0 0.0 0.0 0.0; 0.0 0.0 0.0 0.0 0.0 0.0 0.0 0.0 0.0 0.0 0.0 0.0 0.0 0.0; 0.52 0.38 0.37 0.7 0.38 0.52 1.25 0.37 1.01 0.73 0.6 0.88 1.98 2.76; 0.7 0.31 0.28 0.37 0.21 0.12 0.73 0.36 0.91 0.73 1.19 0.46 2.66 2.84; 0.59 0.36 0.34 0.59 0.32 0.38 1.08 0.37 0.98 0.73 0.8 0.74 2.21 2.79; 1.57 1.21 1.59 2.62 1.15 2.13 4.16 2.26 3.72 2.89 2.16 3.2 8.8 9.35; 2.11 0.82 1.29 1.3 1.24 0.95 3.12 1.82 3.74 2.66 2.3 1.75 9.07 9.07; 1.76 1.07 1.49 2.18 1.18 1.72 3.82 2.11 3.73 2.81 2.21 2.71 8.89 9.26; 4.25 2.58 3.23 5.38 2.74 5.68 8.33 4.75 8.55 7.25 4.19 6.16 18.47 17.46; 4.58 2.57 3.14 3.62 2.16 3.46 6.15 3.38 8.2 5.95 3.67 3.97 17.49 17.95; 4.37 2.58 3.2 4.79 2.54 4.9 7.6 4.29 8.43 6.82 4.01 5.43 18.14 17.62; 6.54 4.5 5.81 8.33 4.66 9.23 12.91 7.71 12.73 12.94 6.85 10.1 29.71 27.31; 5.87 4.53 5.72 7.42 3.6 5.73 10.47 6.66 13.4 10.16 6.52 6.65 25.18 26.74; 6.3 4.51 5.78 8.03 4.29 8.0 12.09 7.36 12.95 12.01 6.74 8.95 28.19 27.12; 9.42 5.93 8.72 12.5 7.35 12.46 16.43 10.43 18.06 18.22 10.07 14.08 41.69 36.57; 7.98 6.59 7.66 10.02 6.28 8.59 13.59 9.31 17.59 14.84 9.18 10.16 33.88 34.8; 8.91 6.16 8.36 11.67 6.98 11.1 15.48 10.05 17.9 17.09 9.78 12.77 39.07 35.98; 13.02 8.73 11.95 16.29 9.98 16.07 19.76 13.8 22.93 23.63 13.71 18.02 51.73 44.13; 10.8 9.17 10.61 12.8 8.44 11.58 16.71 11.59 21.33 19.41 12.21 13.57 40.84 41.3; 12.23 8.88 11.5 15.12 9.45 14.5 18.74 13.06 22.4 22.23 13.21 16.53 48.08 43.18; 15.58 11.81 15.79 20.04 13.38 19.5 22.63 17.81 27.39 28.96 16.93 21.07 59.51 50.3; 12.79 11.33 13.93 15.96 10.3 13.84 19.1 14.23 24.52 22.44 14.97 16.44 46.52 47.53; 14.58 11.64 15.16 18.67 12.31 17.51 21.45 16.61 26.43 26.78 16.27 19.52 55.16 49.37; 18.52 14.5 19.63 24.86 16.73 22.4 25.78 22.01 31.53 34.28 20.33 24.92 65.68 55.64; 14.91 14.62 16.7 19.29 13.9 15.39 22.59 16.06 27.16 26.56 18.27 19.76 50.0 51.65; 17.23 14.54 18.65 22.99 15.75 19.94 24.71 20.01 30.06 31.7 19.64 23.2 60.44 54.31; 21.27 17.9 23.06 28.98 19.8 24.47 28.69 25.61 35.43 39.24 24.06 28.11 70.06 59.24; 16.9 16.37 20.39 23.01 16.48 17.9 24.61 18.8 30.17 30.95 20.84 22.25 53.85 54.03; 19.71 17.37 22.16 26.98 18.65 22.16 27.32 23.32 33.67 36.47 22.98 26.16 64.63 57.49; 23.76 20.98 27.27 33.33 23.04 26.21 31.47 29.49 38.6 44.52 27.0 31.45 73.24 62.46; 17.96 18.95 23.62 25.97 19.26 20.05 26.72 22.54 32.63 34.34 24.43 24.28 56.23 56.41; 21.68 20.27 26.04 30.86 21.73 24.05 29.88 27.15 36.6 41.12 26.14 29.06 67.55 60.44]
***** epoch: 1 ***** 
trn_loss: 0.01945522555789468 
tst_loss: 0.019455225555779287 
naive_trn_accuracy: 0.11164062499999995 
naive_tst_accuracy: 0.11313693921065215  
pck_val_accuracy: 0.23374313438279304  
[0.0 0.0 0.0 0.0 0.0 0.0 0.0 0.0 0.0 0.0 0.0 0.0 0.0 0.0; 0.0 0.0 0.0 0.0 0.0 0.0 0.0 0.0 0.0 0.0 0.0 0.0 0.0 0.0; 0.0 0.0 0.0 0.0 0.0 0.0 0.0 0.0 0.0 0.0 0.0 0.0 0.0 0.0; 1.37 0.66 0.94 1.17 0.6 1.29 1.25 0.78 1.75 2.02 0.97 0.88 3.68 3.68; 1.88 0.41 0.65 0.65 0.51 1.43 1.01 0.91 2.46 1.47 1.01 1.11 4.58 4.49; 1.55 0.57 0.84 1.0 0.57 1.34 1.17 0.83 1.99 1.83 0.98 0.96 3.98 3.95; 4.06 1.76 3.42 4.31 1.97 4.91 5.78 3.28 7.22 7.62 3.22 3.75 13.13 14.23; 4.81 1.85 3.23 2.69 1.75 4.18 5.23 2.83 7.93 6.68 2.94 4.16 14.38 14.93; 4.33 1.79 3.36 3.76 1.9 4.65 5.6 3.13 7.45 7.31 3.13 3.89 13.55 14.47; 9.69 3.84 6.51 7.58 4.5 9.43 11.24 6.69 14.57 15.51 7.73 8.38 26.9 27.91; 10.21 4.63 5.9 6.68 4.33 8.11 9.37 5.38 14.22 13.19 5.51 8.03 25.92 27.11; 9.87 4.12 6.31 7.28 4.44 8.97 10.62 6.25 14.45 14.74 6.99 8.27 26.57 27.64; 13.42 5.88 10.97 12.87 7.35 14.98 16.52 10.52 22.33 24.41 11.55 14.13 41.59 39.71; 13.85 6.9 9.96 11.13 7.21 12.29 12.58 9.67 20.51 20.33 9.73 12.47 38.0 38.46; 13.57 6.23 10.63 12.29 7.3 14.03 15.2 10.24 21.72 23.05 10.94 13.57 40.39 39.29; 18.52 8.35 15.89 18.77 10.53 20.72 21.89 14.58 29.64 32.54 15.5 18.94 53.43 48.96; 17.14 9.68 13.93 15.86 10.2 15.87 16.99 13.05 25.34 27.01 13.04 16.07 47.99 47.34; 18.03 8.81 15.23 17.8 10.42 19.02 20.25 14.07 28.2 30.69 14.68 17.98 51.61 48.42; 23.23 11.42 20.71 25.19 14.1 24.27 26.7 18.55 36.03 39.47 19.92 23.16 63.2 56.93; 20.42 13.39 18.27 20.69 13.18 18.62 20.84 16.33 29.54 31.68 16.16 20.22 54.3 53.21; 22.23 12.11 19.89 23.68 13.78 22.29 24.74 17.81 33.85 36.87 18.66 22.18 60.22 55.68; 26.57 14.83 25.3 30.85 17.11 27.89 30.17 23.35 40.58 45.3 23.51 27.51 71.21 62.46; 22.65 16.37 22.05 24.58 15.86 20.88 23.42 19.98 33.27 35.62 20.11 23.82 59.07 58.61; 25.17 15.37 24.21 28.75 16.68 25.43 27.91 22.22 38.13 42.07 22.37 26.28 67.15 61.17; 29.91 18.56 30.18 35.63 21.01 31.57 33.69 27.55 44.99 49.52 27.64 30.99 75.86 67.62; 26.06 19.26 25.83 29.96 18.43 23.03 26.17 22.81 37.01 39.47 24.43 26.69 62.36 62.27; 28.53 18.8 28.71 33.73 20.11 28.57 31.17 25.96 42.32 46.16 26.57 29.55 71.35 65.83; 32.85 21.53 35.33 40.82 24.57 34.86 36.79 31.33 48.81 54.06 31.0 34.18 79.32 70.84; 28.4 22.04 29.24 34.42 21.63 24.7 27.92 26.28 40.02 43.04 27.92 29.18 64.65 64.38; 31.26 21.7 33.28 38.67 23.55 31.29 33.82 29.64 45.86 50.38 29.97 32.51 74.41 68.68; 34.75 24.33 40.11 45.27 27.98 37.25 39.29 35.12 52.71 58.01 33.58 37.52 81.48 73.61; 29.46 24.92 33.39 37.57 23.27 27.8 29.94 29.74 41.48 46.15 31.22 32.41 66.21 66.39; 32.86 24.53 37.85 42.69 26.34 33.93 36.15 33.31 48.95 54.05 32.79 35.81 76.37 71.19]
***** epoch: 2 ***** 
trn_loss: 0.01823750658898286 
tst_loss: 0.018237506585188416 
naive_trn_accuracy: 0.1430552455357138 
naive_tst_accuracy: 0.1437274270049166  
pck_val_accuracy: 0.27993558122251433  
[0.0 0.0 0.0 0.0 0.0 0.0 0.0 0.0 0.0 0.0 0.0 0.0 0.0 0.0; 0.0 0.0 0.0 0.0 0.0 0.0 0.0 0.0 0.0 0.0 0.0 0.0 0.0 0.0; 0.0 0.0 0.0 0.0 0.0 0.0 0.0 0.0 0.0 0.0 0.0 0.0 0.0 0.0; 1.9 0.66 1.31 1.31 0.88 2.0 1.67 0.97 2.62 2.75 1.47 1.71 4.51 4.15; 2.93 0.51 1.29 1.21 0.82 2.39 1.84 1.28 3.56 2.93 0.92 1.94 4.4 4.76; 2.27 0.61 1.31 1.28 0.86 2.14 1.72 1.07 2.93 2.81 1.29 1.79 4.47 4.35; 6.61 2.14 5.67 4.87 3.35 6.84 6.94 4.48 7.77 9.64 4.28 5.7 15.71 15.89; 7.98 2.47 4.34 3.99 2.57 6.68 5.69 3.92 9.3 10.26 4.13 6.19 16.85 17.49; 7.1 2.26 5.22 4.57 3.08 6.79 6.52 4.29 8.28 9.84 4.23 5.86 16.09 16.43; 13.87 5.05 9.98 9.74 6.69 13.23 13.19 9.6 15.9 19.14 9.75 12.09 30.77 31.28; 15.14 5.66 8.58 9.0 5.05 12.29 9.92 8.03 16.77 19.05 7.9 10.43 31.87 31.78; 14.33 5.27 9.51 9.49 6.12 12.9 12.09 9.07 16.19 19.11 9.13 11.54 31.14 31.44; 20.42 8.18 15.46 15.26 10.37 19.82 19.67 14.91 25.18 29.83 16.01 18.57 46.34 43.8; 21.6 8.34 14.11 14.19 8.75 18.14 15.43 12.04 23.61 27.11 12.03 15.6 44.78 41.48; 20.84 8.24 15.01 14.9 9.81 19.23 18.25 13.94 24.66 28.92 14.68 17.58 45.82 43.03; 25.92 11.97 20.9 22.24 14.76 25.31 25.45 20.07 34.01 38.32 20.79 23.85 60.06 53.43; 25.0 12.36 19.93 19.2 12.05 21.12 19.65 15.97 29.35 33.52 16.8 20.5 54.58 48.9; 25.59 12.11 20.57 21.22 13.82 23.84 23.51 18.69 32.45 36.72 19.46 22.73 58.23 51.92; 30.3 15.1 26.8 28.6 18.65 30.08 30.5 24.41 41.31 46.26 25.48 28.11 69.37 61.81; 28.17 14.83 26.01 24.12 15.14 25.78 22.77 18.7 34.28 38.0 20.57 24.01 61.26 56.32; 29.54 15.01 26.54 27.1 17.43 28.57 27.91 22.49 38.96 43.5 23.84 26.74 66.66 59.98; 34.36 19.44 32.71 34.74 22.33 33.18 33.87 28.7 46.78 51.95 30.08 32.24 75.82 68.03; 31.22 18.33 30.35 29.87 18.54 29.36 25.71 23.27 38.92 42.77 24.79 27.33 66.03 61.63; 33.24 19.05 31.91 33.11 21.01 31.84 31.14 26.88 44.15 48.88 28.32 30.6 72.54 65.89; 38.35 23.28 38.28 40.54 26.71 36.93 36.93 32.95 52.02 56.4 34.5 36.31 79.87 72.32; 33.45 22.25 33.95 35.06 21.94 31.26 28.93 26.92 41.84 46.34 28.01 30.93 69.32 65.48; 36.6 22.92 36.82 38.71 25.05 34.94 34.25 30.92 48.61 53.04 32.33 34.52 76.34 70.03; 41.03 27.24 42.69 45.27 31.16 39.9 40.26 37.33 55.74 60.95 37.99 39.69 82.59 76.09; 35.8 25.75 38.28 40.26 26.47 33.05 31.77 29.65 44.21 49.91 31.96 32.96 71.7 68.04; 39.16 26.72 41.21 43.59 29.53 37.49 37.42 34.75 51.88 57.26 35.98 37.45 78.95 73.4; 43.06 30.92 48.08 50.19 35.16 42.35 42.02 40.79 58.59 64.3 41.31 42.47 84.8 78.77; 37.09 28.73 42.71 44.81 29.15 35.32 34.16 32.94 46.86 52.56 35.08 35.92 73.08 70.42; 40.92 30.16 46.27 48.38 33.07 39.88 39.38 38.16 54.66 60.38 39.23 40.28 80.88 75.97]
***** epoch: 3 ***** 
trn_loss: 0.017682825209545654 
tst_loss: 0.017682825211429224 
naive_trn_accuracy: 0.16445033482142798 
naive_tst_accuracy: 0.16674644271354538  
pck_val_accuracy: 0.31335166170682494  
[0.0 0.0 0.0 0.0 0.0 0.0 0.0 0.0 0.0 0.0 0.0 0.0 0.0 0.0; 0.0 0.0 0.0 0.0 0.0 0.0 0.0 0.0 0.0 0.0 0.0 0.0 0.0 0.0; 0.0 0.0 0.0 0.0 0.0 0.0 0.0 0.0 0.0 0.0 0.0 0.0 0.0 0.0; 2.03 1.04 1.36 1.54 1.04 2.45 2.59 1.75 3.17 3.76 1.56 2.27 4.38 5.11; 3.52 0.62 1.57 0.93 0.62 1.55 2.75 1.82 3.28 3.48 1.56 2.22 5.22 6.59; 2.56 0.9 1.43 1.34 0.89 2.14 2.65 1.78 3.21 3.67 1.56 2.25 4.66 5.61; 7.4 3.73 5.53 5.85 4.39 7.3 9.44 4.94 10.8 11.66 6.16 7.5 17.18 17.64; 9.51 2.57 5.63 4.17 2.78 6.92 8.36 5.11 10.03 10.62 5.6 8.03 18.68 18.5; 8.15 3.33 5.56 5.29 3.83 7.16 9.08 5.0 10.54 11.31 5.98 7.68 17.68 17.93; 15.77 7.25 11.67 10.91 7.79 14.53 15.96 10.75 20.91 23.31 12.19 14.64 33.95 32.66; 16.78 6.18 11.07 9.18 7.0 13.72 14.42 9.12 18.87 21.7 10.84 13.76 34.07 32.6; 16.13 6.88 11.47 10.33 7.52 14.24 15.45 10.21 20.23 22.78 11.74 14.34 33.99 32.64; 22.64 11.15 18.32 16.99 13.66 21.17 22.86 15.78 30.84 33.78 18.81 21.68 48.78 45.69; 23.94 9.89 17.8 16.33 11.64 19.33 19.56 14.78 26.44 31.41 15.43 18.56 47.71 43.68; 23.11 10.71 18.15 16.77 12.96 20.53 21.75 15.45 29.36 32.99 17.68 20.64 48.42 45.02; 28.47 16.31 24.79 24.91 19.2 27.18 29.34 20.44 40.07 42.31 25.44 26.91 61.77 55.64; 27.82 14.01 23.62 23.1 14.73 23.99 23.32 18.8 32.91 38.1 20.39 23.27 57.33 53.21; 28.24 15.51 24.39 24.3 17.64 26.06 27.32 19.89 37.67 40.9 23.75 25.69 60.28 54.83; 33.38 20.76 31.58 31.74 23.31 31.96 33.64 26.3 46.32 49.01 30.73 32.05 71.3 62.87; 31.1 17.4 30.17 28.85 18.23 26.97 27.36 22.72 38.2 42.12 24.7 27.24 64.65 59.34; 32.56 19.59 31.11 30.77 21.55 30.21 31.54 25.1 43.6 46.71 28.72 30.44 69.08 61.69; 37.04 25.15 37.68 37.83 28.47 34.8 37.48 30.92 51.06 54.43 35.14 36.31 77.38 69.18; 33.69 21.52 34.59 34.51 21.42 29.47 30.58 26.73 42.48 45.51 28.37 31.12 68.32 64.01; 35.84 23.89 36.64 36.71 26.02 32.93 35.17 29.51 48.18 51.45 32.88 34.58 74.35 67.45; 39.92 29.21 43.25 43.96 32.47 38.22 40.31 35.26 54.92 59.8 39.83 40.81 80.93 73.98; 36.27 25.03 38.47 39.8 24.92 32.82 32.87 29.38 44.94 48.63 32.42 34.35 71.7 67.03; 38.61 27.76 41.64 42.56 29.85 36.32 37.82 33.28 51.57 56.07 37.36 38.65 77.84 71.65; 42.28 33.55 48.69 48.64 37.58 40.87 42.9 39.27 58.32 63.74 43.84 43.58 83.46 77.52; 37.68 27.91 43.08 43.51 28.53 35.92 34.99 33.12 48.22 51.47 36.18 36.84 73.72 69.6; 40.63 31.59 46.8 46.92 34.43 39.13 40.25 37.21 54.93 59.65 41.28 41.33 80.2 74.87; 44.57 36.24 53.66 53.37 41.25 44.16 45.07 43.19 61.17 66.45 47.47 45.58 85.03 80.29; 39.32 31.72 47.23 48.7 31.1 37.59 38.02 36.04 51.05 53.66 38.48 39.24 74.82 72.16; 42.69 34.67 51.49 51.8 37.72 41.85 42.71 40.79 57.78 62.18 44.47 43.46 81.61 77.57]
***** epoch: 4 ***** 
trn_loss: 0.017027664585774774 
tst_loss: 0.017027664586253054 
naive_trn_accuracy: 0.18687779017857079 
naive_tst_accuracy: 0.18993951525172906  
pck_val_accuracy: 0.340620167729519  
[0.0 0.0 0.0 0.0 0.0 0.0 0.0 0.0 0.0 0.0 0.0 0.0 0.0 0.0; 0.0 0.0 0.0 0.0 0.0 0.0 0.0 0.0 0.0 0.0 0.0 0.0 0.0 0.0; 0.0 0.0 0.0 0.0 0.0 0.0 0.0 0.0 0.0 0.0 0.0 0.0 0.0 0.0; 2.75 1.04 2.11 1.69 1.43 2.19 2.73 1.48 3.45 3.67 2.85 2.96 6.22 5.8; 3.87 1.85 1.85 1.48 1.13 1.79 2.85 2.1 3.46 4.12 1.65 2.12 4.95 5.04; 3.15 1.33 2.02 1.62 1.32 2.05 2.77 1.69 3.45 3.82 2.45 2.68 5.79 5.55; 8.9 4.78 7.45 6.41 4.72 7.49 10.37 6.41 13.05 14.09 7.41 9.63 19.94 20.27; 9.98 4.22 6.0 5.47 3.71 7.04 8.72 6.66 10.94 11.72 5.88 9.05 21.06 18.96; 9.29 4.58 6.96 6.1 4.37 7.33 9.82 6.5 12.34 13.3 6.9 9.44 20.32 19.83; 18.0 9.77 14.43 11.99 9.0 15.24 17.45 11.91 24.72 26.98 14.49 17.6 36.99 35.42; 18.43 8.14 12.55 11.32 7.42 14.56 14.51 11.04 21.42 23.53 11.75 15.6 36.45 33.42; 18.15 9.2 13.8 11.76 8.45 15.0 16.46 11.62 23.62 25.83 13.58 16.93 36.81 34.75; 24.35 14.44 21.7 18.73 14.48 21.82 25.13 18.0 35.02 37.82 21.67 24.97 52.97 47.77; 24.06 12.67 21.03 17.53 11.02 20.29 20.11 16.51 29.54 33.88 17.63 20.68 50.37 45.33; 24.24 13.83 21.47 18.33 13.28 21.28 23.45 17.5 33.18 36.5 20.32 23.53 52.1 46.95; 31.54 19.17 28.35 25.51 19.97 28.21 31.1 23.86 44.35 46.17 28.61 31.08 66.79 59.05; 29.46 16.37 27.86 24.4 15.86 25.42 23.78 21.26 35.82 41.03 23.23 25.3 61.45 53.66; 30.8 18.19 28.19 25.14 18.54 27.23 28.65 22.98 41.49 44.45 26.82 29.15 65.0 57.25; 36.32 23.5 34.49 32.96 24.52 31.89 35.08 29.3 50.83 53.05 34.45 36.73 75.73 66.47; 32.75 21.01 34.59 29.96 19.77 29.59 27.64 26.0 40.11 44.23 28.1 29.46 68.59 59.89; 35.04 22.64 34.52 31.95 22.87 31.09 32.58 28.19 47.23 50.11 32.33 34.3 73.34 64.27; 39.73 28.39 41.0 39.09 29.35 36.86 39.47 35.03 54.46 58.1 38.87 40.57 81.62 73.05; 35.56 24.61 39.58 36.27 24.2 33.17 31.13 29.29 44.39 47.8 32.05 33.06 71.89 64.56; 38.24 27.08 40.52 38.15 27.56 35.57 36.68 33.1 51.08 54.66 36.59 38.06 78.36 70.21; 42.87 32.67 46.53 45.46 34.5 40.03 42.99 39.13 58.27 62.14 42.92 43.72 84.25 77.48; 37.91 27.81 43.08 41.0 26.67 35.92 33.43 31.93 46.86 50.92 35.45 35.55 74.27 67.77; 41.09 30.98 45.37 43.96 31.78 38.58 39.78 36.71 54.45 58.39 40.42 40.99 80.91 74.23; 45.75 36.63 52.06 50.61 38.29 42.61 45.67 42.78 61.99 65.76 46.14 46.27 86.55 80.7; 39.44 32.13 47.6 44.9 29.56 37.95 35.54 34.95 49.5 53.48 38.29 37.95 75.82 71.06; 43.49 35.06 50.56 48.69 35.25 40.97 42.28 40.15 57.81 61.66 43.52 43.49 82.96 77.47; 47.71 39.87 57.03 55.66 41.8 44.61 47.89 45.92 64.11 68.43 49.17 48.96 87.66 83.33; 40.61 34.19 52.21 49.72 32.75 40.1 38.11 37.68 52.42 55.31 40.77 40.63 77.47 73.44; 45.17 37.89 55.41 53.67 38.65 43.02 44.62 43.15 60.19 64.05 46.37 46.18 84.25 80.02]
***** epoch: 5 ***** 
trn_loss: 0.01654971187365484 
tst_loss: 0.01654971187417331 
naive_trn_accuracy: 0.2056473214285708 
naive_tst_accuracy: 0.20932509464340046  
pck_val_accuracy: 0.3661726392536629  
[0.0 0.0 0.0 0.0 0.0 0.0 0.0 0.0 0.0 0.0 0.0 0.0 0.0 0.0; 0.0 0.0 0.0 0.0 0.0 0.0 0.0 0.0 0.0 0.0 0.0 0.0 0.0 0.0; 0.0 0.0 0.0 0.0 0.0 0.0 0.0 0.0 0.0 0.0 0.0 0.0 0.0 0.0; 2.49 1.26 1.69 2.01 0.93 2.45 3.75 1.85 3.81 3.9 2.67 3.15 7.09 5.16; 4.69 1.34 2.21 1.76 1.44 2.63 3.67 1.37 4.83 4.3 2.3 2.49 4.76 7.14; 3.28 1.29 1.86 1.93 1.11 2.51 3.72 1.69 4.16 4.04 2.54 2.93 6.31 5.82; 9.42 5.22 7.64 6.74 4.66 7.3 10.87 7.94 14.61 14.46 9.25 9.96 23.12 19.48; 13.15 5.25 8.21 5.38 3.71 8.35 10.19 6.75 14.59 13.92 7.16 9.7 20.79 20.51; 10.76 5.23 7.83 6.29 4.33 7.67 10.65 7.54 14.6 14.28 8.55 9.87 22.34 19.83; 18.65 10.54 14.85 13.34 10.15 14.98 19.76 14.77 29.73 29.19 16.93 18.9 41.09 35.33; 21.01 9.89 15.87 11.6 7.72 16.71 16.07 12.14 24.61 25.09 12.95 16.71 37.91 34.07; 19.5 10.32 15.2 12.76 9.31 15.58 18.52 13.88 28.02 27.82 15.6 18.17 40.02 34.91; 27.03 15.6 23.06 21.21 15.14 23.18 27.44 21.6 39.71 41.44 24.29 27.28 58.68 47.77; 27.7 14.21 22.88 19.2 13.18 22.2 22.59 17.7 33.27 36.08 20.29 21.98 53.85 46.52; 27.27 15.11 23.0 20.54 14.46 22.83 25.82 20.29 37.55 39.65 22.95 25.51 57.06 47.35; 32.85 21.58 31.54 27.95 21.12 29.63 33.41 28.56 48.25 50.11 31.37 34.04 71.58 59.42; 31.81 18.64 29.34 25.7 17.1 25.66 27.27 21.99 40.2 43.41 27.36 26.5 63.74 55.77; 32.48 20.56 30.8 27.19 19.72 28.24 31.35 26.36 45.55 47.88 30.03 31.52 68.95 58.2; 38.22 27.02 38.38 35.58 25.89 34.09 38.45 34.52 53.54 56.59 37.9 39.14 80.38 67.71; 34.15 23.07 35.7 32.37 21.52 29.95 30.58 25.36 44.67 47.8 32.6 29.92 69.32 61.72; 36.76 25.64 37.48 34.51 24.37 32.64 35.82 31.44 50.57 53.65 36.13 36.06 76.68 65.71; 42.28 31.58 44.33 42.23 31.05 38.41 42.48 39.22 57.95 61.91 43.1 43.08 85.35 74.21; 37.09 26.57 40.96 38.68 25.54 33.53 33.15 30.38 48.5 51.92 36.27 33.24 72.71 66.67; 40.42 29.84 43.19 41.04 29.13 36.7 39.35 36.25 54.78 58.58 40.82 39.79 81.12 71.68; 44.96 35.48 49.2 47.38 35.55 41.32 45.72 43.61 62.18 65.81 47.15 46.09 87.75 78.63; 39.91 29.56 45.11 44.25 28.94 35.44 34.62 32.94 51.05 54.85 40.31 37.03 75.82 69.96; 43.15 33.42 47.82 46.33 33.25 39.25 42.0 40.02 58.45 62.15 44.87 43.06 83.76 75.73; 47.58 39.04 54.4 52.62 39.22 43.83 47.99 46.84 64.52 68.75 50.69 48.82 89.13 82.08; 41.67 33.16 48.99 48.79 31.41 38.31 37.01 35.58 53.69 57.05 41.97 39.61 77.93 72.25; 45.46 37.0 52.58 51.34 36.51 41.89 44.31 43.06 60.89 64.84 47.78 45.74 85.38 78.79; 48.76 41.79 59.04 58.01 42.95 46.03 50.49 49.38 66.73 71.68 53.63 51.09 90.37 84.48; 42.96 35.94 53.87 53.25 34.6 40.21 39.39 38.41 55.79 58.97 44.9 43.12 78.94 74.18; 46.68 39.76 57.3 56.41 40.05 43.99 46.77 45.69 63.06 67.44 50.72 48.43 86.55 81.03]
***** epoch: 6 ***** 
trn_loss: 0.016252906164049875 
tst_loss: 0.016252906166783775 
naive_trn_accuracy: 0.2193331473214282 
naive_tst_accuracy: 0.22042121752752233  
pck_val_accuracy: 0.3787313466646395  
[0.0 0.0 0.0 0.0 0.0 0.0 0.0 0.0 0.0 0.0 0.0 0.0 0.0 0.0; 0.0 0.0 0.0 0.0 0.0 0.0 0.0 0.0 0.0 0.0 0.0 0.0 0.0 0.0; 0.0 0.0 0.0 0.0 0.0 0.0 0.0 0.0 0.0 0.0 0.0 0.0 0.0 0.0; 3.08 1.37 1.87 2.29 1.43 2.32 4.35 2.35 5.15 4.59 3.08 4.26 7.05 5.8; 4.11 1.75 3.04 1.95 1.54 2.63 4.78 2.19 4.47 5.13 2.11 3.42 5.49 7.05; 3.45 1.5 2.27 2.18 1.47 2.43 4.49 2.3 4.92 4.77 2.76 3.98 6.53 6.22; 10.41 5.82 7.73 7.16 5.76 8.78 12.68 8.91 17.69 15.7 10.72 11.76 23.95 21.33; 12.32 6.39 7.47 6.68 5.15 8.71 11.75 7.85 14.49 15.66 8.08 10.53 23.44 22.07; 11.09 6.02 7.64 7.0 5.55 8.76 12.37 8.55 16.62 15.68 9.84 11.35 23.78 21.58; 19.44 10.32 15.84 13.67 10.86 16.27 22.44 17.12 30.74 29.33 18.54 20.52 42.75 37.86; 20.42 12.26 15.59 12.24 10.61 17.78 18.55 13.78 27.89 28.48 16.07 17.64 42.31 36.08; 19.79 11.0 15.76 13.19 10.77 16.8 21.14 16.0 29.79 29.04 17.71 19.56 42.6 37.27; 28.21 15.93 24.98 21.11 17.17 24.53 29.71 24.04 41.73 40.34 26.82 28.81 60.02 49.88; 25.82 17.51 25.28 20.59 16.07 23.87 23.88 20.99 35.73 39.01 22.31 22.99 57.23 50.46; 27.35 16.48 25.08 20.94 16.79 24.3 27.75 23.02 39.72 39.9 25.31 26.87 59.09 50.08; 34.36 21.14 31.63 28.37 22.82 30.66 35.31 31.43 49.91 48.55 33.39 35.25 71.44 61.08; 30.63 22.14 31.83 26.16 19.36 28.76 28.47 24.64 42.48 45.42 27.46 27.61 66.67 58.15; 33.03 21.49 31.7 27.63 21.62 30.0 33.02 29.14 47.42 47.51 31.41 32.7 69.84 60.1; 38.94 26.03 38.47 35.44 27.87 34.93 40.07 36.59 55.01 54.84 38.87 39.88 78.81 68.68; 34.04 25.85 37.55 31.35 25.33 32.1 31.96 28.83 47.22 49.82 32.23 31.49 72.25 63.55; 37.18 25.97 38.16 34.07 26.99 33.93 37.35 33.99 52.4 53.16 36.65 37.08 76.62 66.96; 42.15 30.15 44.66 41.67 31.98 38.61 43.87 41.72 59.01 59.61 43.84 43.77 82.63 75.03; 37.21 29.45 42.07 37.29 28.53 36.16 34.25 33.12 50.14 52.84 36.55 34.9 75.73 68.77; 40.38 29.91 43.78 40.2 30.78 37.75 40.65 38.83 56.03 57.35 41.4 40.81 80.32 72.94; 45.29 34.43 49.81 47.1 36.7 42.41 47.11 45.27 61.81 64.34 47.88 46.6 84.85 79.13; 39.55 31.93 45.85 42.49 30.69 38.07 36.46 35.4 53.05 55.86 40.86 37.86 77.84 71.79; 43.24 33.56 48.48 45.55 34.61 40.89 43.54 41.96 58.88 61.51 45.54 43.68 82.5 76.68; 47.51 38.28 54.45 52.57 40.32 45.26 49.56 48.5 65.17 67.14 51.33 48.91 85.91 81.9; 41.55 35.32 49.54 48.14 32.96 40.57 38.29 38.14 55.7 57.6 43.34 40.44 79.85 74.27; 45.38 37.25 52.8 51.09 37.76 43.61 45.78 45.02 61.99 63.96 48.67 46.08 83.88 79.34; 49.08 41.68 58.06 56.65 44.43 47.84 51.83 50.95 67.51 70.17 54.37 51.09 86.87 84.43; 43.19 38.41 53.78 52.23 35.32 43.68 40.86 40.69 57.98 59.16 45.82 43.4 80.95 76.92; 46.97 40.54 56.62 55.16 41.27 46.38 48.15 47.5 64.31 66.49 51.52 48.52 84.89 81.92]
***** epoch: 7 ***** 
trn_loss: 0.015893065503240888 
tst_loss: 0.01589306550163292 
naive_trn_accuracy: 0.2341183035714284 
naive_tst_accuracy: 0.235172533832296  
pck_val_accuracy: 0.39544002127766975  
[0.0 0.0 0.0 0.0 0.0 0.0 0.0 0.0 0.0 0.0 0.0 0.0 0.0 0.0; 0.0 0.0 0.0 0.0 0.0 0.0 0.0 0.0 0.0 0.0 0.0 0.0 0.0 0.0; 0.0 0.0 0.0 0.0 0.0 0.0 0.0 0.0 0.0 0.0 0.0 0.0 0.0 0.0; 2.81 1.48 2.3 2.25 1.43 3.1 4.07 2.45 4.96 4.91 3.36 4.31 7.55 6.54; 3.64 2.78 2.49 1.86 2.16 2.27 4.04 2.55 5.2 5.4 2.3 4.06 7.78 8.33; 3.11 1.93 2.36 2.12 1.68 2.81 4.06 2.48 5.04 5.07 3.0 4.23 7.63 7.14; 11.58 5.88 8.43 7.96 6.69 9.81 13.19 9.83 17.6 17.44 11.09 12.55 26.16 22.11; 12.91 7.21 8.03 6.12 5.77 8.0 11.48 9.4 16.59 17.49 8.91 12.19 27.47 22.89; 12.06 6.34 8.3 7.34 6.37 9.17 12.62 9.68 17.26 17.46 10.36 12.43 26.6 22.37; 21.6 11.81 16.35 15.17 12.34 18.4 22.81 19.1 31.62 31.85 19.27 22.42 45.05 38.14; 20.89 13.7 17.8 13.08 12.77 17.66 18.37 16.7 30.26 30.49 15.7 19.94 46.79 37.27; 21.34 12.46 16.84 14.47 12.49 18.14 21.32 18.3 31.16 31.4 18.08 21.59 45.63 37.85; 29.32 18.73 24.93 23.03 19.25 25.95 30.45 27.0 42.74 42.82 28.47 30.94 62.64 51.27; 26.53 18.85 25.46 20.5 18.54 24.22 24.52 23.45 38.38 40.75 22.96 24.93 61.72 50.37; 28.32 18.77 25.11 22.18 19.01 25.35 28.46 25.8 41.28 42.13 26.63 28.93 62.34 50.97; 34.82 24.71 33.18 30.48 26.0 31.96 35.72 34.47 50.97 51.17 35.65 36.78 73.74 62.05; 31.22 22.35 32.66 26.62 23.27 29.24 28.74 27.74 44.67 46.89 29.38 29.36 69.32 58.06; 33.53 23.89 33.0 29.18 25.05 31.0 33.38 32.21 48.85 49.74 33.56 34.3 72.26 60.71; 39.59 29.87 39.64 37.41 31.05 35.96 39.75 39.96 55.97 56.82 40.85 41.04 80.88 70.15; 36.15 26.47 38.65 33.86 27.7 33.53 32.78 32.66 49.04 51.01 34.25 32.69 73.63 64.19; 38.36 28.69 39.31 36.22 29.89 35.11 37.42 37.51 53.65 54.88 38.65 38.25 78.46 68.16; 43.46 34.54 45.41 43.77 35.05 39.83 44.01 44.25 60.34 61.45 45.58 44.42 84.39 75.86; 38.5 30.28 43.54 40.26 31.1 35.92 34.99 37.04 53.78 53.85 38.29 36.1 76.56 68.32; 41.68 33.06 44.78 42.59 33.68 38.46 40.98 41.83 58.14 58.91 43.15 41.64 81.77 73.34; 46.01 38.44 50.47 48.92 39.5 42.93 47.06 48.18 63.42 65.17 49.49 46.97 85.86 80.1; 40.96 33.88 47.23 44.34 33.57 38.42 36.73 39.87 56.06 56.41 41.6 39.15 78.57 71.89; 44.2 36.86 49.38 47.39 37.44 41.35 43.6 45.39 60.95 62.24 46.86 44.36 83.42 77.35; 48.17 41.19 55.34 53.93 43.99 45.9 50.02 51.08 66.68 68.66 53.17 48.91 86.92 82.82; 42.84 37.49 51.38 48.98 36.35 41.05 39.3 42.61 58.8 58.52 43.99 42.57 80.22 75.0; 46.26 39.9 54.01 52.27 41.34 44.2 46.43 48.24 64.04 65.27 50.11 46.79 84.68 80.2; 50.13 44.7 59.14 58.38 47.12 48.74 52.24 53.58 68.84 71.18 55.89 50.63 87.89 84.98; 44.48 40.47 55.63 53.53 38.93 43.32 41.41 45.07 60.89 60.44 46.46 45.06 81.5 76.83; 48.11 43.23 57.96 56.75 44.27 46.84 48.62 50.72 66.18 67.59 52.74 48.77 85.75 82.26]
***** epoch: 8 ***** 
trn_loss: 0.015764046567036463 
tst_loss: 0.015764046565637714 
naive_trn_accuracy: 0.24590122767857128 
naive_tst_accuracy: 0.2478569252861059  
pck_val_accuracy: 0.40630840544029695  
[0.0 0.0 0.0 0.0 0.0 0.0 0.0 0.0 0.0 0.0 0.0 0.0 0.0 0.0; 0.0 0.0 0.0 0.0 0.0 0.0 0.0 0.0 0.0 0.0 0.0 0.0 0.0 0.0; 0.0 0.0 0.0 0.0 0.0 0.0 0.0 0.0 0.0 0.0 0.0 0.0 0.0 0.0; 2.16 1.87 1.73 1.73 1.97 2.97 5.0 3.28 5.74 5.6 3.54 3.84 8.61 6.36; 3.76 2.88 2.68 2.41 1.85 2.98 4.68 3.38 6.2 5.59 3.58 3.14 8.33 6.68; 2.73 2.22 2.05 1.96 1.93 2.97 4.89 3.31 5.9 5.59 3.56 3.61 8.52 6.47; 10.67 7.14 8.62 7.58 7.24 9.94 14.21 11.08 19.9 19.37 12.88 12.74 27.87 22.43; 11.85 8.44 8.49 7.33 6.08 9.31 12.58 9.49 18.32 18.59 9.55 11.82 27.93 23.9; 11.09 7.59 8.58 7.5 6.84 9.72 13.66 10.54 19.37 19.11 11.77 12.43 27.89 22.92; 20.29 13.12 16.96 16.2 14.1 18.46 24.66 19.57 34.93 34.05 22.03 22.7 48.13 40.53; 19.84 15.35 16.61 14.01 11.23 17.9 19.47 17.06 30.72 31.5 17.17 19.39 47.07 39.74; 20.13 13.9 16.84 15.46 13.1 18.27 22.92 18.73 33.52 33.2 20.41 21.59 47.78 40.27; 29.06 20.76 25.68 24.3 21.12 26.53 31.98 28.1 45.13 45.2 29.62 30.99 65.36 54.21; 26.17 20.49 26.2 20.69 18.02 25.42 25.71 23.63 39.84 42.22 24.79 25.48 61.26 52.29; 28.03 20.67 25.85 23.09 20.04 26.14 29.88 26.6 43.35 44.21 28.01 29.15 63.99 53.57; 35.47 25.32 33.65 31.98 26.6 32.28 37.76 35.39 52.44 53.01 36.11 36.73 76.69 65.36; 31.46 24.82 32.93 26.72 23.38 29.24 30.03 28.65 45.31 47.62 29.75 29.27 68.77 59.8; 34.03 25.14 33.41 30.21 25.48 31.21 35.17 33.13 50.05 51.21 33.99 34.24 74.04 63.5; 40.05 31.47 40.3 38.48 31.76 36.73 42.2 40.84 58.18 58.97 41.4 40.99 81.94 72.27; 35.45 28.22 38.93 33.67 27.81 32.34 33.43 32.21 49.13 51.83 34.16 32.32 72.62 65.57; 38.4 30.34 39.84 36.87 30.39 35.19 39.26 37.94 55.15 56.59 38.98 38.09 78.82 70.03; 43.65 35.64 45.69 45.46 35.66 41.19 44.89 45.13 61.95 63.56 45.81 44.37 85.26 78.67; 38.03 31.1 43.08 40.26 30.69 34.61 35.81 36.22 52.69 55.22 37.65 35.0 75.92 70.24; 41.64 34.06 44.81 43.71 33.93 38.88 41.85 42.14 58.85 60.78 43.09 41.24 82.13 75.85; 46.07 39.7 50.37 50.7 39.71 44.29 47.85 48.13 65.17 66.64 49.08 46.73 86.41 81.99; 40.38 34.81 47.05 44.99 34.09 37.11 37.56 38.87 55.42 57.14 40.5 37.58 77.75 72.53; 44.03 38.0 49.25 48.79 37.76 41.77 44.4 45.02 61.9 63.47 46.22 43.68 83.51 78.82; 48.23 43.05 54.5 55.38 43.83 45.9 50.44 50.99 68.38 69.71 52.35 48.96 87.33 84.43; 41.67 38.21 51.48 49.72 36.97 39.5 39.03 41.42 57.43 59.07 43.34 39.8 79.03 75.73; 45.88 41.37 53.48 53.48 41.45 43.65 46.62 47.78 64.71 66.16 49.34 45.9 84.55 81.52; 50.26 46.46 58.39 58.94 47.34 49.0 52.29 53.21 69.94 71.73 55.2 50.67 88.12 86.04; 43.43 40.16 55.72 53.15 40.06 41.65 41.6 44.71 58.34 60.62 45.64 42.2 79.76 77.84; 47.82 44.27 57.49 57.0 44.81 46.42 48.71 50.35 66.06 68.02 52.01 47.84 85.32 83.3]
***** epoch: 9 ***** 
trn_loss: 0.01538346275205004 
tst_loss: 0.015383462749168844 
naive_trn_accuracy: 0.2585072544642857 
naive_tst_accuracy: 0.2608676732953309  
pck_val_accuracy: 0.4251080983185767  
[0.0 0.0 0.0 0.0 0.0 0.0 0.0 0.0 0.0 0.0 0.0 0.0 0.0 0.0; 0.0 0.0 0.0 0.0 0.0 0.0 0.0 0.0 0.0 0.0 0.0 0.0 0.0 0.0; 0.0 0.0 0.0 0.0 0.0 0.0 0.0 0.0 0.0 0.0 0.0 0.0 0.0 0.0; 2.09 2.09 2.81 2.25 2.47 3.23 5.14 3.18 6.16 5.6 3.82 5.0 9.44 7.74; 4.34 2.57 2.77 1.76 1.34 3.58 4.78 2.92 5.74 6.5 3.03 3.79 7.6 7.42; 2.9 2.26 2.8 2.08 2.08 3.35 5.02 3.1 6.02 5.9 3.56 4.6 8.83 7.63; 11.32 8.4 8.34 8.47 8.83 10.91 15.46 11.68 21.88 20.01 13.8 14.22 29.99 23.95; 13.62 8.86 9.78 7.79 7.0 11.58 12.3 10.22 19.14 19.41 10.84 12.0 30.68 24.63; 12.14 8.56 8.83 8.25 8.2 11.14 14.4 11.19 20.96 19.81 12.81 13.48 30.22 24.18; 20.88 15.16 16.78 16.76 16.29 19.75 26.89 22.24 36.49 34.56 23.83 23.67 53.06 41.46; 22.42 15.45 18.36 16.6 11.43 19.93 20.66 18.7 34.18 33.15 19.56 19.48 48.53 39.93; 21.43 15.26 17.31 16.71 14.6 19.82 24.8 21.05 35.72 34.09 22.4 22.27 51.55 40.94; 29.65 21.97 26.52 26.17 23.37 27.31 34.57 30.96 47.24 45.34 31.88 32.56 69.97 54.72; 28.52 20.29 28.14 23.56 18.13 26.85 26.72 26.0 42.66 42.95 26.91 25.76 62.27 52.56; 29.24 21.38 27.07 25.3 21.55 27.15 31.94 29.3 45.71 44.54 30.22 30.29 67.39 54.0; 36.19 28.39 34.54 34.08 29.73 33.51 40.03 37.43 55.19 54.11 40.11 39.05 79.96 65.32; 33.45 25.44 36.44 29.31 22.25 31.38 31.13 30.38 49.59 48.81 31.68 28.81 69.6 61.26; 35.21 27.36 35.18 32.48 27.13 32.76 37.05 35.06 53.32 52.34 37.3 35.63 76.49 63.96; 41.03 33.77 41.99 41.01 34.72 38.28 44.7 42.92 61.03 59.89 45.54 43.08 84.43 73.1; 37.32 29.04 40.87 36.27 26.78 33.53 34.16 34.4 54.15 52.66 36.27 33.06 74.08 67.03; 39.71 32.13 41.61 39.42 31.96 36.61 41.17 40.06 58.72 57.47 42.45 39.73 80.97 71.07; 44.5 38.39 48.03 47.38 38.67 41.51 47.99 46.61 65.44 64.53 49.26 46.27 87.52 78.35; 40.14 32.65 45.66 42.21 29.56 36.75 36.18 37.59 58.61 55.49 40.13 36.75 77.01 70.97; 42.94 36.39 47.23 45.64 35.5 39.84 44.03 43.58 63.15 61.51 46.22 43.09 84.0 75.88; 47.19 41.68 53.51 52.76 42.29 44.48 51.5 50.35 68.38 67.78 53.08 49.0 89.08 81.85; 42.14 34.91 49.45 47.5 32.13 38.9 38.29 39.96 60.07 57.05 42.7 39.06 79.3 73.17; 45.38 39.33 52.14 51.0 38.76 42.52 47.08 46.86 65.6 64.2 49.62 45.68 85.81 78.95; 48.89 44.54 57.59 57.96 45.97 46.48 53.82 53.25 71.0 71.0 56.26 51.27 90.23 83.97; 44.13 37.49 52.77 53.15 34.29 40.69 40.13 43.16 62.9 59.43 45.36 42.11 80.59 75.46; 47.18 42.08 55.97 56.35 41.91 44.45 49.23 49.86 68.29 67.14 52.62 48.21 87.01 81.12; 50.52 47.39 62.28 62.08 49.37 48.93 55.62 55.42 72.84 73.43 58.14 53.4 91.06 86.14; 45.77 40.89 56.92 57.51 37.18 43.08 42.79 45.53 64.63 61.45 47.47 44.88 81.96 78.11; 48.82 45.13 60.47 60.55 45.13 46.88 51.32 52.1 70.09 69.43 54.58 50.56 88.02 83.45]
***** epoch: 10 ***** 
trn_loss: 0.015441765135199686 
tst_loss: 0.015441765137795247 
naive_trn_accuracy: 0.26294363839285717 
naive_tst_accuracy: 0.2636090683608199  
pck_val_accuracy: 0.4214432595867259  
[0.0 0.0 0.0 0.0 0.0 0.0 0.0 0.0 0.0 0.0 0.0 0.0 0.0 0.0; 0.0 0.0 0.0 0.0 0.0 0.0 0.0 0.0 0.0 0.0 0.0 0.0 0.0 0.0; 0.0 0.0 0.0 0.0 0.0 0.0 0.0 0.0 0.0 0.0 0.0 0.0 0.0 0.0; 2.29 2.64 2.48 2.15 2.52 3.42 5.23 3.74 7.08 6.47 3.5 5.23 9.26 6.4; 4.34 3.19 2.12 2.41 2.57 3.34 4.04 3.74 7.02 6.14 2.85 3.79 9.98 8.33; 3.03 2.83 2.36 2.24 2.54 3.39 4.83 3.74 7.06 6.36 3.28 4.75 9.5 7.05; 11.71 8.57 9.51 8.33 9.27 10.72 15.41 13.24 22.89 20.74 13.98 14.96 29.34 22.57; 12.91 8.86 8.3 7.33 7.0 10.02 13.5 9.76 20.42 18.68 10.47 13.2 31.87 25.73; 12.14 8.67 9.11 8.0 8.48 10.47 14.77 12.07 22.06 20.06 12.81 14.37 30.19 23.63; 23.76 15.93 18.37 15.87 16.02 20.66 25.78 23.26 36.4 35.89 23.92 24.5 50.3 39.57; 22.65 16.07 18.45 14.66 15.55 19.21 20.29 17.79 34.55 32.88 20.66 21.24 51.37 40.93; 23.36 15.97 18.4 15.46 15.86 20.15 23.94 21.42 35.78 34.88 22.83 23.41 50.66 40.02; 31.28 22.95 26.8 24.06 23.92 29.95 33.13 31.38 47.38 45.62 32.47 32.19 66.51 53.52; 28.99 23.38 28.87 22.82 22.14 25.89 26.72 24.82 42.84 42.22 27.09 25.67 64.01 53.21; 30.46 23.1 27.5 23.65 23.3 28.53 30.98 29.18 45.86 44.48 30.68 30.01 65.68 53.42; 37.11 28.72 34.21 31.18 30.5 35.25 38.59 38.49 53.58 53.92 38.27 37.61 75.59 65.04; 33.92 28.32 35.89 29.5 26.78 31.38 30.76 30.75 47.86 47.25 31.13 29.46 71.89 61.36; 35.97 28.58 34.77 30.62 29.21 33.89 35.97 35.89 51.67 51.7 35.89 34.89 74.35 63.81; 41.03 33.83 41.19 37.59 35.11 39.38 42.85 43.47 58.87 58.93 43.28 41.13 81.35 71.67; 38.38 31.82 41.51 36.18 31.82 34.13 34.16 34.67 51.05 51.65 35.63 32.87 75.09 66.58; 40.08 33.13 41.3 37.12 33.97 37.54 39.94 40.51 56.25 56.5 40.73 38.37 79.25 69.97; 44.7 38.44 46.77 43.54 39.17 43.12 45.67 48.04 62.73 62.37 47.15 43.45 83.37 77.38; 41.2 34.5 44.56 41.65 34.91 36.63 36.36 38.14 54.79 53.94 38.75 36.01 77.11 71.52; 43.45 37.07 46.02 42.91 37.69 40.85 42.55 44.71 60.07 59.55 44.35 40.96 81.27 75.42; 46.79 41.68 51.87 48.92 42.29 45.38 48.17 51.04 64.8 65.21 50.78 45.9 84.39 81.3; 42.84 37.38 48.62 46.1 37.9 39.02 38.02 41.33 57.16 56.59 41.51 37.95 78.3 74.36; 45.38 40.19 50.78 47.98 40.77 43.15 44.77 47.78 62.24 62.34 47.69 43.24 82.35 78.98; 48.63 45.09 55.15 53.51 45.58 47.58 50.58 53.48 67.78 67.74 53.91 48.03 85.21 83.83; 45.07 40.06 52.77 49.54 40.78 40.93 40.04 44.07 59.71 58.33 43.71 40.26 79.21 76.83; 47.35 43.34 54.35 52.18 43.92 45.25 47.05 50.32 65.08 64.6 50.51 45.43 83.21 81.49; 50.07 47.89 58.25 56.79 49.26 49.52 52.29 55.61 69.58 70.58 56.16 50.02 85.77 85.54; 46.48 43.05 57.01 53.25 43.25 43.2 42.15 46.53 60.98 59.8 45.91 42.38 80.04 78.57; 48.78 46.2 57.83 55.6 47.17 47.3 48.89 52.56 66.7 66.98 52.74 47.47 83.85 83.21]
***** epoch: 11 ***** 
trn_loss: 0.014967073400941465 
tst_loss: 0.014967073398915152 
naive_trn_accuracy: 0.27815569196428575 
naive_tst_accuracy: 0.2798181106131151  
pck_val_accuracy: 0.4465345379905237  
[0.0 0.0 0.0 0.0 0.0 0.0 0.0 0.0 0.0 0.0 0.0 0.0 0.0 0.0; 0.0 0.0 0.0 0.0 0.0 0.0 0.0 0.0 0.0 0.0 0.0 0.0 0.0 0.0; 0.0 0.0 0.0 0.0 0.0 0.0 0.0 0.0 0.0 0.0 0.0 0.0 0.0 0.0; 3.4 2.58 2.91 2.57 3.18 3.42 5.88 4.01 7.54 7.3 4.37 5.47 10.69 7.97; 4.81 2.57 3.32 2.69 2.57 3.58 5.51 4.11 6.29 6.87 4.5 4.62 10.35 8.97; 3.91 2.58 3.05 2.61 2.97 3.48 5.75 4.05 7.12 7.15 4.41 5.18 10.57 8.31; 12.7 8.95 9.51 8.71 10.42 11.81 17.4 14.07 24.03 22.76 15.04 16.63 32.61 24.41; 13.85 9.17 10.33 8.53 8.24 11.1 15.89 12.04 22.24 21.34 12.76 12.65 32.51 26.65; 13.11 9.03 9.79 8.65 9.66 11.56 16.89 13.39 23.43 22.29 14.28 15.3 32.58 25.16; 24.54 16.53 18.09 16.81 18.27 22.21 29.52 24.87 38.92 38.92 24.56 27.61 55.18 42.15; 24.3 17.4 19.93 17.53 16.17 21.72 24.89 19.98 36.83 34.43 22.13 20.22 51.1 43.68; 24.45 16.83 18.71 17.05 17.54 22.04 27.97 23.23 38.22 37.42 23.75 25.14 53.82 42.66; 32.66 24.33 28.73 27.29 26.17 30.47 37.85 33.41 49.17 50.21 33.95 35.85 71.03 55.69; 29.46 22.76 29.43 24.49 22.14 28.64 30.39 28.01 44.76 44.14 29.57 26.13 64.93 55.95; 31.51 23.78 28.96 26.35 24.77 29.83 35.35 31.6 47.69 48.18 32.49 32.6 68.99 55.78; 39.33 31.03 36.55 36.0 32.47 36.22 43.08 40.24 56.89 57.87 41.49 42.33 78.58 66.7; 34.74 28.22 37.82 32.75 27.5 33.29 34.44 32.48 50.59 49.63 33.52 31.02 72.34 62.09; 37.69 30.05 36.98 34.91 30.74 35.19 40.18 37.63 54.78 55.12 38.83 38.56 76.49 65.15; 43.06 37.34 44.1 42.51 37.69 40.15 46.6 45.69 61.9 63.15 46.37 46.32 83.46 74.34; 37.91 31.93 42.9 39.05 31.51 36.4 37.65 36.5 54.69 54.12 37.65 34.81 76.28 68.04; 41.22 35.46 43.69 41.35 35.54 38.84 43.6 42.6 59.49 60.13 43.46 42.47 81.06 72.23; 45.75 41.41 50.05 48.46 41.58 43.58 49.65 49.52 65.81 66.64 50.05 49.56 85.44 79.27; 41.08 34.71 47.97 44.34 33.88 38.78 39.03 40.15 57.79 56.78 40.4 37.4 78.02 72.8; 44.08 39.08 49.35 47.08 38.9 41.89 46.09 46.37 63.12 63.34 46.83 45.5 82.96 77.11; 47.84 45.14 54.4 53.04 45.09 45.9 51.97 52.75 68.61 69.57 53.86 52.2 86.55 82.77; 43.54 37.38 51.75 48.33 36.15 39.98 40.77 43.61 59.8 59.34 43.71 39.8 79.76 74.82; 46.3 42.44 53.51 51.46 41.98 43.82 48.22 49.68 65.66 66.16 50.48 48.06 84.28 80.11; 49.61 48.11 58.76 57.68 48.33 48.42 54.19 55.65 71.65 72.01 56.67 54.24 87.33 85.03; 45.89 40.58 55.54 52.88 38.62 42.84 42.79 46.72 62.53 61.81 46.1 42.47 81.41 77.11; 48.28 45.49 57.68 56.07 44.95 46.46 50.37 52.65 68.59 68.6 53.14 50.31 85.35 82.38; 51.44 51.24 62.65 61.89 51.73 51.0 56.27 57.54 73.62 74.25 58.74 56.09 87.93 86.55; 48.36 43.05 58.95 56.96 41.81 44.99 45.18 48.81 64.27 63.19 48.03 45.15 81.68 78.85; 50.34 48.39 61.4 60.24 48.28 48.89 52.55 54.61 70.49 70.56 55.16 52.44 85.84 83.97]
***** epoch: 12 ***** 
trn_loss: 0.014984262080916206 
tst_loss: 0.014984262074728078 
naive_trn_accuracy: 0.2848911830357144 
naive_tst_accuracy: 0.2855619859884253  
pck_val_accuracy: 0.4474204434682655  
[0.0 0.0 0.0 0.0 0.0 0.0 0.0 0.0 0.0 0.0 0.0 0.0 0.0 0.0; 0.0 0.0 0.0 0.0 0.0 0.0 0.0 0.0 0.0 0.0 0.0 0.0 0.0 0.0; 0.0 0.0 0.0 0.0 0.0 0.0 0.0 0.0 0.0 0.0 0.0 0.0 0.0 0.0; 3.34 2.58 2.39 2.53 2.69 3.81 5.69 4.25 8.04 7.48 4.78 5.28 10.32 7.69; 4.46 3.6 3.41 2.32 2.57 3.46 5.79 4.56 6.65 7.51 3.95 4.34 11.08 8.97; 3.74 2.94 2.73 2.46 2.65 3.69 5.72 4.35 7.58 7.49 4.51 4.97 10.57 8.12; 13.81 9.23 9.04 9.46 10.59 12.72 17.03 15.14 24.4 23.68 16.19 16.12 32.47 24.18; 13.85 11.43 11.16 8.81 9.17 10.86 15.06 12.59 22.15 22.16 13.22 13.76 35.71 27.38; 13.82 9.99 9.76 9.24 10.09 12.07 16.37 14.28 23.65 23.17 15.2 15.33 33.56 25.25; 24.48 17.13 17.53 17.46 19.36 23.56 28.27 25.2 38.92 39.28 25.9 27.23 54.26 41.64; 24.65 19.57 20.02 18.09 17.82 21.24 23.05 20.07 36.92 37.55 22.87 22.35 54.95 44.6; 24.54 17.98 18.37 17.67 18.83 22.75 26.52 23.48 38.25 38.7 24.89 25.6 54.49 42.63; 33.7 25.04 27.74 26.17 27.32 31.5 36.42 34.15 49.49 50.21 34.41 34.51 69.97 56.15; 29.46 25.64 29.43 25.7 24.41 28.16 28.01 28.19 44.12 47.07 30.76 26.96 68.32 56.14; 32.18 25.25 28.31 26.01 26.31 30.33 33.6 32.15 47.69 49.16 33.19 31.99 69.41 56.14; 39.59 31.36 35.24 35.11 33.57 37.19 41.42 40.66 56.2 58.05 40.8 40.2 77.94 66.51; 35.21 30.79 37.73 33.49 28.84 33.17 32.14 32.12 50.96 52.38 35.26 30.93 74.82 64.74; 38.03 31.16 36.08 34.57 31.93 35.78 38.31 37.79 54.45 56.16 38.95 37.11 76.89 65.92; 43.78 36.68 42.46 41.48 37.74 40.8 44.84 46.61 60.94 63.52 45.86 43.91 82.17 73.24; 38.5 33.78 41.33 39.15 32.54 36.52 35.08 36.04 54.69 57.51 38.75 34.35 77.2 70.79; 41.89 35.67 42.08 40.7 35.93 39.3 41.57 43.06 58.85 61.51 43.49 40.72 80.51 72.42; 46.47 41.41 47.42 46.91 41.42 44.93 47.25 50.25 64.71 66.54 49.22 46.64 84.11 78.9; 41.43 37.9 45.48 44.34 36.15 38.42 37.37 39.87 57.61 59.62 41.23 37.86 78.66 74.54; 44.66 40.19 46.77 46.05 39.58 42.65 43.94 46.77 62.33 64.23 46.55 43.71 82.29 77.44; 48.56 44.21 51.73 51.5 44.49 47.19 49.65 53.35 67.42 69.16 52.94 48.49 85.12 82.4; 43.31 39.86 50.65 48.14 39.13 40.21 39.21 42.79 59.98 61.26 43.71 39.89 80.04 76.74; 46.68 42.69 51.37 50.37 42.63 44.74 46.15 49.8 64.93 66.52 49.86 45.62 83.42 80.51; 50.13 46.73 56.28 55.43 47.61 49.13 51.6 56.02 69.94 71.32 55.11 50.53 85.63 84.39; 44.84 42.74 54.43 52.97 41.4 42.6 41.05 45.62 62.17 62.82 45.64 42.29 81.14 79.3; 48.24 45.34 55.66 54.6 45.45 46.84 48.06 52.53 67.34 68.48 51.95 47.78 84.13 82.68; 52.29 49.42 60.12 58.8 50.69 50.87 53.4 57.45 72.1 73.8 57.41 52.52 86.14 85.72; 46.24 46.04 57.47 56.31 43.87 44.99 43.25 48.18 63.63 64.74 47.57 44.88 81.87 80.86; 50.13 48.24 59.23 57.97 48.32 48.81 50.0 54.34 69.26 70.77 54.12 49.97 84.71 84.09]
***** epoch: 13 ***** 
trn_loss: 0.014831869746402309 
tst_loss: 0.014831869744434146 
naive_trn_accuracy: 0.292427455357143 
naive_tst_accuracy: 0.29263304468909124  
pck_val_accuracy: 0.45298503320891387  
[0.0 0.0 0.0 0.0 0.0 0.0 0.0 0.0 0.0 0.0 0.0 0.0 0.0 0.0; 0.0 0.0 0.0 0.0 0.0 0.0 0.0 0.0 0.0 0.0 0.0 0.0 0.0 0.0; 0.0 0.0 0.0 0.0 0.0 0.0 0.0 0.0 0.0 0.0 0.0 0.0 0.0 0.0; 4.32 2.47 2.34 2.62 3.4 3.36 6.62 4.34 8.64 7.53 4.88 5.56 11.15 7.6; 5.16 2.88 2.95 2.04 3.09 3.1 5.88 5.2 6.75 7.51 3.86 4.8 10.9 10.71; 4.62 2.61 2.55 2.43 3.29 3.27 6.37 4.63 8.0 7.52 4.54 5.31 11.06 8.64; 15.25 9.34 9.18 8.57 11.3 13.82 17.58 15.69 25.18 23.73 16.33 17.32 34.22 24.92; 16.08 10.2 10.15 9.09 9.27 11.46 16.16 13.69 22.52 23.9 13.59 14.5 35.07 27.56; 15.55 9.63 9.51 8.74 10.59 12.99 17.11 15.02 24.29 23.78 15.42 16.38 34.51 25.8; 26.18 16.91 17.34 17.42 20.08 23.31 29.01 26.03 40.35 39.61 26.59 28.53 55.55 43.07; 25.82 19.57 21.13 18.37 18.74 20.88 24.52 22.63 37.92 37.73 23.05 22.25 56.41 45.15; 26.05 17.84 18.61 17.73 19.61 22.45 27.51 24.89 39.54 38.98 25.41 26.43 55.84 43.76; 34.95 25.21 27.51 26.69 27.98 32.21 37.07 34.98 51.19 51.4 35.19 36.5 69.92 57.3; 32.16 24.82 29.43 26.9 25.95 29.12 29.66 30.57 45.85 47.44 30.67 28.16 69.05 57.6; 33.95 25.07 28.15 26.76 27.27 31.13 34.58 33.5 49.4 50.08 33.68 33.71 69.63 57.4; 40.58 31.69 35.24 33.99 34.17 37.77 42.43 42.46 58.41 58.97 41.21 41.5 77.84 66.61; 36.74 29.56 36.99 33.58 30.48 33.41 33.52 35.86 51.96 52.56 34.8 31.39 74.18 64.84; 39.2 30.95 35.83 33.85 32.89 36.24 39.45 40.24 56.25 56.83 39.07 38.12 76.62 66.01; 44.24 37.23 41.85 40.07 39.17 41.64 45.86 47.53 62.64 63.93 46.14 44.97 80.98 73.33; 40.49 33.78 42.07 39.42 33.68 36.04 37.47 39.14 55.97 56.96 38.84 35.18 76.65 70.05; 42.9 36.03 41.92 39.86 37.26 39.67 43.05 44.71 60.4 61.6 43.7 41.7 79.53 72.23; 47.32 41.19 47.0 44.85 42.24 44.8 48.45 51.22 66.13 66.96 49.63 47.99 83.1 78.3; 42.84 37.59 46.03 45.45 37.08 38.07 39.39 42.43 59.25 59.16 41.87 38.23 78.21 73.81; 45.71 39.94 46.67 45.05 40.44 42.44 45.42 48.27 63.83 64.35 47.04 44.73 81.46 76.8; 49.41 44.04 51.31 49.25 44.87 47.13 50.67 54.27 69.07 69.48 53.13 50.76 84.11 81.76; 45.19 39.75 50.28 49.44 39.44 39.86 41.6 45.99 61.44 61.72 44.72 40.81 79.95 75.55; 47.9 42.55 50.96 49.32 42.98 44.57 47.63 51.49 66.51 66.89 50.32 47.44 82.72 79.68; 51.31 47.17 54.59 53.89 47.56 48.68 52.8 56.99 71.42 71.96 55.7 52.76 84.52 83.6; 46.6 42.64 54.8 53.34 41.92 43.32 43.07 48.36 63.81 62.91 47.29 43.77 80.68 78.11; 49.62 45.59 54.66 53.7 45.6 46.8 49.54 54.09 68.87 68.94 52.9 49.75 83.24 81.77; 53.01 49.75 58.39 57.07 50.69 50.61 54.28 58.51 73.35 73.75 57.73 54.56 84.85 84.71; 48.47 45.21 57.84 56.4 43.98 45.82 45.55 50.91 65.54 64.93 48.85 46.54 80.95 80.04; 51.39 48.17 58.2 56.85 48.35 48.93 51.35 55.96 70.73 70.8 54.77 51.88 83.54 83.14]
***** epoch: 14 ***** 
trn_loss: 0.014630023324816588 
tst_loss: 0.014630023320796619 
naive_trn_accuracy: 0.30185267857142867 
naive_tst_accuracy: 0.3024454984552456  
pck_val_accuracy: 0.4617674884427854  
[0.0 0.0 0.0 0.0 0.0 0.0 0.0 0.0 0.0 0.0 0.0 0.0 0.0 0.0; 0.0 0.0 0.0 0.0 0.0 0.0 0.0 0.0 0.0 0.0 0.0 0.0 0.0 0.0; 0.0 0.0 0.0 0.0 0.0 0.0 0.0 0.0 0.0 0.0 0.0 0.0 0.0 0.0; 3.21 2.75 2.01 2.81 3.51 4.0 6.39 4.57 9.6 7.62 4.78 5.37 11.79 8.43; 5.16 3.09 3.51 2.88 2.57 4.18 5.33 4.11 6.84 8.52 4.22 4.52 13.92 8.79; 3.91 2.87 2.52 2.83 3.19 4.06 6.03 4.41 8.68 7.92 4.6 5.09 12.5 8.55; 14.01 10.71 9.51 9.97 11.63 13.94 18.46 16.61 26.88 24.6 16.93 17.92 36.2 26.07; 15.14 11.74 11.07 9.37 10.81 11.93 15.89 14.23 25.07 23.72 14.51 13.76 38.64 28.21; 14.41 11.07 10.04 9.77 11.35 13.24 17.6 15.81 26.28 24.3 16.12 16.53 37.02 26.79; 25.0 19.0 18.7 19.99 21.17 25.11 30.96 28.06 42.19 40.48 27.83 29.41 59.24 44.13; 25.23 19.57 21.03 18.27 19.16 21.96 24.98 22.9 38.38 38.74 23.88 21.42 57.51 45.05; 25.08 19.2 19.48 19.42 20.47 24.01 28.95 26.33 40.91 39.9 26.51 26.74 58.66 44.44; 33.25 27.02 28.35 29.45 29.24 32.41 39.29 36.64 52.25 52.73 35.6 37.15 73.19 57.81; 29.93 25.13 30.17 27.18 24.61 29.0 30.21 30.2 46.22 48.63 30.76 26.41 69.51 55.49; 32.06 26.36 28.96 28.69 27.63 31.21 36.25 34.48 50.23 51.36 33.99 33.56 71.96 57.03; 38.48 32.95 36.74 37.41 34.61 37.83 44.38 43.42 59.33 60.39 42.64 42.47 80.33 68.54; 34.27 30.18 36.81 34.69 28.73 33.89 34.25 35.31 52.6 53.48 34.89 30.47 75.46 63.74; 36.97 31.98 36.76 36.5 32.57 36.45 40.98 40.7 57.07 58.09 40.06 38.46 78.7 66.93; 43.46 37.78 44.28 43.49 38.07 41.32 47.62 48.82 64.15 65.31 47.52 46.09 83.6 75.82; 37.79 33.37 41.88 41.84 31.31 37.35 37.37 39.05 56.97 57.23 38.57 33.8 77.84 69.23; 41.43 36.25 43.47 42.94 35.72 39.92 44.18 45.54 61.75 62.61 44.53 41.98 81.67 73.61; 45.75 41.74 50.14 49.72 42.29 45.19 50.53 51.82 67.88 68.24 50.69 48.36 85.21 80.75; 40.49 35.43 46.77 46.94 34.91 38.9 39.12 41.88 59.43 59.71 41.51 37.21 79.21 73.35; 43.87 39.54 49.01 48.79 39.73 42.98 46.71 48.48 65.05 65.39 47.62 44.63 83.21 78.27; 48.1 44.65 53.94 54.59 45.42 47.26 53.12 54.73 70.4 70.77 53.63 51.0 86.27 83.97; 42.37 37.49 51.29 50.56 37.49 41.05 41.6 44.34 61.8 61.54 43.53 39.7 80.86 74.63; 46.05 42.16 53.05 53.24 42.66 45.08 49.26 51.24 67.52 67.69 50.26 47.22 84.46 80.85; 49.48 47.34 59.18 58.71 48.0 49.45 54.97 57.54 72.89 73.24 56.35 53.31 86.78 85.86; 45.07 40.47 55.44 54.73 40.16 43.44 43.43 47.35 63.72 63.46 45.91 42.84 81.78 77.29; 47.9 44.95 57.92 57.37 45.28 47.34 51.11 54.12 69.81 69.98 52.87 49.81 85.11 82.99; 51.24 50.36 62.98 61.99 51.01 50.94 56.27 59.48 74.68 75.26 58.23 54.89 87.33 87.06; 46.71 43.15 59.04 58.26 42.95 45.7 45.82 50.0 65.09 65.2 48.03 45.15 82.33 78.57; 49.62 47.85 61.65 60.73 48.21 49.1 52.77 56.3 71.46 71.9 54.83 51.63 85.66 84.22]
***** epoch: 15 ***** 
trn_loss: 0.014443569490266312 
tst_loss: 0.01444356949056734 
naive_trn_accuracy: 0.3116322544642859 
naive_tst_accuracy: 0.3115182106957923  
pck_val_accuracy: 0.4748971304865304  
[0.0 0.0 0.0 0.0 0.0 0.0 0.0 0.0 0.0 0.0 0.0 0.0 0.0 0.0; 0.0 0.0 0.0 0.0 0.0 0.0 0.0 0.0 0.0 0.0 0.0 0.0 0.0 0.0; 0.0 0.0 0.0 0.0 0.0 0.0 0.0 0.0 0.0 0.0 0.0 0.0 0.0 0.0; 4.97 3.13 2.44 3.09 3.4 3.42 6.25 5.63 9.19 7.39 6.16 5.51 12.57 7.88; 5.63 3.19 2.95 2.5 3.19 4.42 6.89 4.56 7.57 8.97 5.23 4.8 12.73 10.16; 5.21 3.15 2.61 2.89 3.33 3.77 6.46 5.27 8.65 7.92 5.85 5.27 12.63 8.64; 16.69 10.76 10.22 10.25 12.34 13.49 19.71 18.04 26.88 25.29 18.49 18.99 37.36 24.6; 16.67 11.95 11.35 10.3 10.81 13.72 18.0 15.69 24.89 25.0 16.25 14.4 39.74 30.22; 16.68 11.17 10.6 10.27 11.81 13.57 19.14 17.25 26.21 25.19 17.74 17.46 38.16 26.48; 28.01 20.76 18.93 20.65 22.49 25.37 32.3 29.72 41.82 41.49 29.12 29.74 58.82 44.27; 26.41 20.19 20.11 19.39 20.39 24.58 27.0 24.54 39.47 41.58 26.08 22.16 59.89 47.44; 27.44 20.56 19.33 20.22 21.76 25.09 30.52 27.98 41.03 41.52 28.1 27.21 59.18 45.33; 36.65 29.71 29.85 30.62 30.88 32.99 40.21 38.72 53.03 53.28 37.63 38.35 72.92 57.67; 32.04 26.26 30.17 29.22 26.67 31.5 32.32 32.94 48.4 49.91 33.79 29.27 70.6 58.97; 35.0 28.51 29.96 30.15 29.42 32.47 37.57 36.78 51.48 52.16 36.35 35.32 72.14 58.11; 41.16 35.69 37.86 39.7 36.42 38.35 45.12 45.18 60.39 60.58 44.3 43.4 79.73 67.25; 35.92 32.54 39.21 36.73 31.2 35.44 36.0 37.77 54.33 55.49 37.47 32.87 76.01 66.03; 39.29 34.6 38.32 38.71 34.61 37.33 42.06 42.69 58.36 58.88 42.02 39.88 78.49 66.84; 44.76 41.13 44.85 45.22 40.37 42.16 48.22 50.44 64.94 65.4 48.67 46.92 82.87 74.21; 39.2 36.25 43.54 42.49 35.12 37.83 39.58 41.61 57.98 59.34 41.32 35.83 77.93 71.52; 42.77 39.43 44.41 44.31 38.55 40.64 45.32 47.47 62.6 63.38 46.22 43.21 81.21 73.31; 46.86 44.7 50.75 50.56 43.99 44.8 50.86 53.16 68.57 68.43 51.93 49.88 84.48 79.36; 40.96 39.65 47.97 47.59 38.31 39.98 41.6 44.98 61.08 61.63 44.81 39.15 79.03 75.0; 44.75 42.94 49.81 49.56 42.02 43.11 47.75 50.41 66.06 66.16 49.56 46.3 82.65 77.9; 48.36 48.43 55.11 55.52 47.01 47.32 53.35 56.21 71.37 70.77 55.52 52.25 84.94 82.31; 42.96 42.33 52.03 52.69 40.78 42.48 43.25 48.08 63.63 63.28 47.47 42.2 80.86 76.83; 46.43 46.31 54.07 54.57 44.85 45.62 49.97 53.48 68.77 68.27 52.83 48.89 83.57 80.48; 49.87 50.96 59.14 59.64 49.97 49.19 55.44 59.02 73.53 72.65 57.82 54.28 85.35 84.34; 45.07 44.9 56.37 57.05 43.46 45.11 45.55 51.37 65.54 64.56 49.77 45.06 82.05 79.12; 48.15 48.85 58.2 58.77 47.71 47.76 52.12 56.45 70.85 69.95 55.13 51.2 84.25 82.59; 51.9 53.43 62.93 63.16 53.81 50.94 57.15 60.59 75.37 74.67 60.03 56.14 85.77 85.54; 47.54 47.99 59.59 59.65 45.11 46.66 47.57 53.83 67.64 66.03 52.16 47.09 82.6 80.13; 50.34 51.54 61.81 61.98 50.79 49.43 53.94 58.32 72.78 71.78 57.4 53.12 84.71 83.73]
***** epoch: 16 ***** 
trn_loss: 0.014270871833127802 
tst_loss: 0.014270871830937755 
naive_trn_accuracy: 0.3190122767857143 
naive_tst_accuracy: 0.3185022409816807  
pck_val_accuracy: 0.4827031203135376  
[0.0 0.0 0.0 0.0 0.0 0.0 0.0 0.0 0.0 0.0 0.0 0.0 0.0 0.0; 0.0 0.0 0.0 0.0 0.0 0.0 0.0 0.0 0.0 0.0 0.0 0.0 0.0 0.0; 0.0 0.0 0.0 0.0 0.0 0.0 0.0 0.0 0.0 0.0 0.0 0.0 0.0 0.0; 4.25 3.68 1.92 3.23 4.17 4.0 6.8 5.95 10.34 7.89 5.66 5.93 13.22 9.81; 6.81 2.57 3.04 2.6 2.99 4.53 6.06 5.29 7.93 8.06 5.33 5.91 12.0 10.26; 5.17 3.3 2.3 3.02 3.76 4.19 6.55 5.73 9.53 7.95 5.55 5.92 12.81 9.96; 15.58 11.64 10.73 10.35 13.22 14.98 20.04 18.32 29.0 25.88 18.45 19.87 38.88 26.16; 17.25 11.02 11.81 8.81 11.64 13.72 17.91 17.79 25.8 24.08 16.16 13.57 39.01 29.58; 16.18 11.43 11.09 9.83 12.67 14.54 19.32 18.14 27.93 25.28 17.68 17.77 38.92 27.31; 27.75 21.36 19.87 20.79 22.71 26.92 33.32 30.55 43.66 43.32 29.48 31.4 61.12 45.83; 25.59 19.46 21.68 19.85 20.19 23.51 27.18 26.46 39.11 41.85 26.72 22.25 60.9 46.52; 26.97 20.7 20.48 20.47 21.83 25.72 31.26 29.18 42.13 42.83 28.56 28.35 61.05 46.06; 37.37 30.31 31.07 30.52 32.42 34.6 41.69 38.9 54.92 55.81 38.27 39.74 75.31 59.56; 31.46 26.06 32.2 28.11 25.75 30.43 32.14 34.22 47.86 50.64 32.97 28.44 70.97 57.42; 35.25 28.83 31.45 29.71 30.1 33.14 38.49 37.33 52.55 54.08 36.5 35.97 73.86 58.84; 41.75 36.13 39.22 39.23 38.01 40.28 46.55 45.69 62.27 63.29 44.94 44.6 81.76 69.6; 34.86 30.9 40.22 35.71 30.59 34.25 36.27 38.78 54.6 56.23 36.82 31.86 76.37 64.56; 39.29 34.31 39.56 38.05 35.43 38.17 43.11 43.37 59.7 60.93 42.23 40.35 79.96 67.91; 44.9 41.52 46.63 46.54 41.8 43.83 50.21 51.13 66.77 68.06 49.26 47.89 84.98 76.46; 38.85 34.09 44.37 42.67 33.88 36.99 39.12 42.7 58.16 60.16 40.59 34.81 78.85 70.7; 42.73 38.93 45.87 45.24 39.05 41.43 46.49 48.3 63.89 65.42 46.37 43.52 82.93 74.53; 47.51 44.87 52.58 51.69 45.26 46.61 53.17 54.18 71.09 71.0 52.85 51.04 86.14 81.02; 40.73 37.18 48.62 47.68 36.66 39.38 40.77 45.8 61.9 62.45 44.08 38.13 80.59 74.45; 45.08 42.19 51.24 50.34 42.27 44.07 49.02 51.36 68.01 68.14 49.92 46.73 84.28 78.82; 49.41 47.83 56.51 56.23 48.22 48.22 55.67 56.95 73.53 73.57 56.44 53.17 87.15 83.74; 42.61 39.96 52.86 51.39 38.93 42.0 42.88 48.36 64.27 64.47 45.91 41.37 81.68 76.01; 46.97 45.09 55.28 54.6 44.99 46.04 51.38 54.06 70.42 70.53 52.93 49.23 85.32 81.15; 51.05 50.91 61.29 60.63 50.85 50.03 57.38 59.21 75.87 76.32 58.97 55.3 87.52 85.67; 44.72 42.43 56.55 55.94 40.99 44.15 45.18 51.0 66.36 66.48 49.04 44.69 82.97 78.02; 48.78 47.96 59.7 59.05 47.42 47.97 53.29 56.45 72.69 73.04 55.65 51.76 85.99 83.11; 53.47 52.94 65.09 64.14 53.59 51.65 59.09 60.96 77.85 77.7 60.72 56.88 87.84 86.5; 47.07 45.52 59.87 59.28 43.25 45.58 47.29 53.56 68.28 67.95 51.06 46.72 83.7 79.67; 51.18 50.36 63.33 62.51 50.0 49.52 55.14 58.47 74.64 74.44 57.49 53.49 86.45 84.22]
***** epoch: 17 ***** 
trn_loss: 0.01436341627533152 
tst_loss: 0.014363416274755044 
naive_trn_accuracy: 0.3179547991071429 
naive_tst_accuracy: 0.3181758844262652  
pck_val_accuracy: 0.47955275171236195  
[0.0 0.0 0.0 0.0 0.0 0.0 0.0 0.0 0.0 0.0 0.0 0.0 0.0 0.0; 0.0 0.0 0.0 0.0 0.0 0.0 0.0 0.0 0.0 0.0 0.0 0.0 0.0 0.0; 0.0 0.0 0.0 0.0 0.0 0.0 0.0 0.0 0.0 0.0 0.0 0.0 0.0 0.0; 5.37 3.35 2.53 2.81 3.73 4.78 6.29 5.58 9.28 8.26 5.38 5.47 12.39 8.57; 6.22 3.6 3.04 2.13 4.12 4.18 6.7 6.57 8.93 10.26 5.97 5.08 13.28 10.9; 5.67 3.44 2.7 2.58 3.87 4.57 6.43 5.91 9.17 8.93 5.58 5.34 12.69 9.35; 16.36 12.25 9.84 10.07 13.22 15.3 19.39 17.72 28.35 27.26 18.12 19.92 38.37 27.73; 16.2 11.95 12.45 9.0 11.84 13.72 17.72 16.51 24.98 26.37 16.35 15.6 39.56 30.77; 16.3 12.14 10.72 9.71 12.74 14.75 18.83 17.32 27.22 26.96 17.53 18.48 38.77 28.75; 30.1 22.19 18.88 20.41 23.26 26.92 31.84 31.2 43.01 43.41 29.62 30.99 58.18 44.91; 27.11 21.52 22.6 19.67 21.63 24.82 25.62 26.0 40.84 41.67 26.35 23.18 59.34 48.81; 29.03 21.96 20.14 20.16 22.69 26.18 29.75 29.45 42.29 42.83 28.53 28.38 58.57 46.22; 37.5 30.09 29.9 30.66 32.36 35.44 39.66 40.56 53.4 54.57 38.64 38.91 72.13 59.42; 32.04 28.84 31.18 28.76 28.42 31.26 30.39 33.49 49.23 52.47 33.79 27.98 70.7 60.07; 35.55 29.66 30.33 30.02 30.99 33.98 36.55 38.19 52.0 53.87 37.02 35.26 71.65 59.64; 42.28 36.19 37.68 37.92 37.9 40.8 45.12 46.29 60.57 62.14 45.45 43.82 78.44 68.72; 36.03 33.26 38.75 36.55 32.44 35.56 34.07 38.78 54.88 57.6 38.75 31.95 75.0 67.03; 40.04 35.17 38.04 37.46 36.01 38.96 41.42 43.76 58.66 60.62 43.21 39.85 77.29 68.16; 45.75 41.19 44.99 44.94 42.13 43.77 48.22 51.36 65.07 65.99 49.68 47.52 81.67 75.36; 39.67 37.49 42.99 42.12 36.66 38.31 36.82 42.34 57.98 61.54 42.15 35.18 76.56 73.26; 43.57 39.9 44.31 44.0 40.23 41.85 44.4 48.33 62.69 64.51 47.17 43.4 79.96 74.66; 48.1 44.87 50.28 49.81 46.08 47.32 50.86 53.99 68.84 69.16 52.94 49.98 83.05 80.15; 41.78 40.58 47.23 47.5 39.96 40.33 38.84 45.71 60.71 63.46 44.63 38.04 78.11 76.47; 45.84 43.37 49.25 49.04 43.95 44.87 46.83 51.21 66.12 67.26 50.17 45.99 81.4 78.92; 50.0 48.0 54.64 53.89 48.6 49.71 52.75 56.99 71.46 71.36 56.12 52.34 83.74 83.19; 43.78 43.36 51.38 52.23 42.74 42.72 40.31 48.27 62.53 65.29 47.38 40.81 79.49 78.85; 47.77 46.38 53.54 53.33 46.56 47.26 48.58 54.06 68.47 69.34 53.2 48.49 82.32 81.73; 51.51 50.91 58.9 58.24 51.34 51.78 54.51 59.39 73.16 73.66 58.46 53.96 83.97 85.03; 46.36 46.04 55.54 55.84 44.7 44.51 42.15 51.0 64.18 66.67 49.86 43.4 80.13 80.49; 49.66 49.21 57.77 57.44 49.03 49.22 50.37 56.57 70.15 71.32 55.59 50.43 82.68 83.51; 53.53 53.27 62.46 61.94 54.31 53.13 56.41 60.78 74.91 75.26 60.49 55.35 84.34 86.23; 48.24 48.09 58.67 59.18 47.37 47.26 43.89 53.38 66.09 68.04 51.97 45.43 80.59 82.05; 51.64 51.47 61.19 61.01 51.9 51.07 52.22 58.29 71.95 72.85 57.65 52.04 83.08 84.83]
***** epoch: 18 ***** 
trn_loss: 0.014085007774656 
tst_loss: 0.014085007772131126 
naive_trn_accuracy: 0.3325418526785715 
naive_tst_accuracy: 0.33210043079065316  
pck_val_accuracy: 0.4922458772824293  
[0.0 0.0 0.0 0.0 0.0 0.0 0.0 0.0 0.0 0.0 0.0 0.0 0.0 0.0; 0.0 0.0 0.0 0.0 0.0 0.0 0.0 0.0 0.0 0.0 0.0 0.0 0.0 0.0; 0.0 0.0 0.0 0.0 0.0 0.0 0.0 0.0 0.0 0.0 0.0 0.0 0.0 0.0; 4.78 3.13 2.3 3.46 4.28 3.94 7.45 6.6 9.42 9.45 6.16 5.88 13.08 9.53; 5.75 3.81 3.14 2.88 3.5 4.77 6.61 6.48 9.39 9.52 5.88 5.63 14.56 12.82; 5.13 3.37 2.58 3.27 4.01 4.23 7.17 6.56 9.41 9.48 6.07 5.8 13.58 10.63; 16.75 12.08 10.5 10.96 13.99 14.91 20.73 19.8 29.27 27.67 19.78 20.52 40.21 28.93; 17.49 13.18 11.81 10.2 11.74 14.44 19.38 17.97 26.71 27.2 18.18 15.97 41.76 31.59; 17.02 12.46 10.94 10.7 13.21 14.75 20.28 19.18 28.41 27.51 19.25 19.0 40.73 29.82; 29.12 22.52 20.24 21.77 24.52 26.92 34.38 33.83 45.63 44.52 31.51 31.64 62.51 47.49; 28.17 21.01 22.6 20.13 21.32 24.7 28.37 27.92 42.75 42.49 27.82 23.18 62.55 49.54; 28.78 21.99 21.04 21.22 23.41 26.14 32.37 31.84 44.67 43.84 30.28 28.81 62.52 48.18; 36.52 29.65 30.83 31.79 33.46 35.25 42.02 42.41 56.71 57.09 39.74 39.56 76.32 61.17; 32.75 28.01 32.84 30.98 27.29 31.5 33.88 34.85 50.87 51.83 34.8 29.46 73.26 60.53; 35.17 29.08 31.51 31.52 31.32 33.93 39.29 39.87 54.75 55.33 38.09 36.18 75.3 60.96; 42.02 35.8 39.13 39.23 38.34 40.28 47.25 49.1 63.6 64.57 46.04 44.33 81.48 70.15; 36.85 32.96 40.5 39.05 31.41 35.08 37.28 39.87 56.06 57.05 39.03 32.78 78.11 67.77; 40.17 34.81 39.59 39.17 35.93 38.46 43.91 46.0 61.08 62.06 43.7 40.47 80.36 69.35; 45.68 40.91 45.97 45.79 42.29 43.96 50.16 53.85 68.11 69.07 50.6 47.85 84.57 76.92; 40.14 35.84 44.83 44.25 34.19 37.47 40.5 43.61 60.26 61.26 42.61 36.38 79.85 72.89; 43.7 39.15 45.59 45.27 39.48 41.68 46.92 50.41 65.48 66.46 47.93 44.02 82.99 75.57; 48.56 44.59 51.27 50.7 45.8 46.87 53.31 56.39 71.6 72.69 54.14 50.72 85.95 81.44; 41.78 38.62 49.72 49.17 37.38 39.74 42.15 47.08 63.17 64.1 45.73 39.43 81.23 76.19; 46.13 42.51 50.75 50.19 42.88 44.37 49.57 53.26 68.77 69.83 51.33 46.95 84.37 79.68; 50.07 47.72 55.53 54.96 48.55 48.87 55.62 59.07 74.03 74.9 57.31 52.89 86.73 84.06; 44.25 40.78 53.69 53.43 40.06 42.0 43.71 49.45 65.09 66.48 47.93 42.2 82.42 77.93; 47.98 45.31 54.91 54.45 45.6 46.46 51.63 55.84 71.04 72.09 54.18 49.32 85.29 82.01; 51.64 49.86 59.84 59.32 50.91 50.68 57.61 61.24 76.1 77.1 59.38 54.84 87.1 86.18; 46.24 42.95 57.66 57.51 42.12 44.15 45.91 52.37 67.18 67.95 50.51 45.52 83.52 79.76; 49.71 47.46 59.11 58.71 47.85 48.39 53.69 58.26 73.11 74.04 56.42 51.73 85.9 84.03; 53.01 52.39 63.59 63.06 53.87 52.68 58.95 62.9 78.08 78.61 61.55 56.65 87.38 87.19; 48.12 46.34 61.35 60.2 44.18 45.82 47.29 54.65 69.55 69.87 52.53 47.0 83.88 81.23; 51.26 50.29 62.83 62.1 50.5 50.27 55.05 60.13 75.22 75.7 58.54 53.42 86.21 85.2]
***** epoch: 19 ***** 
trn_loss: 0.014113781274425408 
tst_loss: 0.014113781273269515 
naive_trn_accuracy: 0.3318164062500001 
naive_tst_accuracy: 0.3301640485618554  
pck_val_accuracy: 0.4904090114035286  
[0.0 0.0 0.0 0.0 0.0 0.0 0.0 0.0 0.0 0.0 0.0 0.0 0.0 0.0; 0.0 0.0 0.0 0.0 0.0 0.0 0.0 0.0 0.0 0.0 0.0 0.0 0.0 0.0; 0.0 0.0 0.0 0.0 0.0 0.0 0.0 0.0 0.0 0.0 0.0 0.0 0.0 0.0; 4.25 3.19 2.34 3.14 4.22 3.55 6.94 6.88 10.71 9.5 6.67 7.6 12.99 9.81; 5.87 4.33 2.86 3.06 3.19 4.89 6.89 5.11 9.48 8.42 5.88 5.26 14.84 10.53; 4.83 3.58 2.52 3.11 3.87 4.02 6.92 6.28 10.3 9.14 6.41 6.82 13.61 10.05; 17.34 11.75 11.34 11.24 14.26 16.91 21.06 20.12 29.27 28.36 20.1 21.95 40.35 28.56; 17.84 14.73 11.9 10.3 11.84 15.39 19.65 17.24 26.34 27.56 19.1 16.71 40.48 31.5; 17.52 12.79 11.53 10.92 13.42 16.38 20.58 19.15 28.29 28.1 19.77 20.2 40.39 29.54; 29.71 22.35 20.62 21.3 23.15 29.44 34.34 33.5 44.39 45.07 32.01 32.93 61.81 46.98; 27.46 23.17 22.05 19.85 21.01 25.06 28.01 27.1 40.75 40.93 29.02 24.01 62.0 47.71; 28.91 22.64 21.1 20.82 22.41 27.9 32.22 31.35 43.17 43.69 31.01 29.95 61.88 47.23; 38.15 30.75 31.12 30.66 32.25 37.51 42.25 41.9 54.6 56.82 40.8 41.22 75.13 60.99; 32.51 29.45 30.9 29.04 27.19 31.62 32.42 33.94 49.59 50.55 35.35 30.19 72.25 60.62; 36.13 30.3 31.04 30.12 30.49 35.44 38.95 39.23 52.92 54.72 38.98 37.54 74.16 60.86; 43.39 36.3 38.14 39.04 38.45 42.03 47.76 47.9 61.9 64.02 46.46 45.72 81.21 70.38; 36.85 34.91 37.55 35.53 31.1 35.8 36.27 39.23 54.6 55.68 39.12 33.7 76.92 67.49; 41.05 35.82 37.94 37.87 35.9 39.84 43.91 44.99 59.46 61.24 44.01 41.7 79.77 69.41; 46.66 41.19 44.61 46.02 41.63 45.26 51.32 52.7 66.36 68.15 50.97 49.14 83.74 76.51; 39.79 38.52 42.44 41.93 34.5 38.54 39.03 43.34 58.16 60.16 41.97 36.84 78.75 73.17; 44.2 40.26 43.88 44.65 39.16 42.9 47.2 49.56 63.61 65.48 47.96 45.03 82.07 75.39; 48.69 44.48 50.33 50.66 45.04 48.16 54.0 55.24 69.85 71.41 54.37 51.92 84.89 80.93; 42.37 40.58 46.49 47.22 37.8 40.45 40.77 46.26 61.35 62.36 44.63 39.43 80.4 76.01; 46.43 43.12 49.04 49.5 42.52 45.45 49.57 52.22 67.0 68.39 51.12 47.75 83.39 79.28; 50.79 47.23 54.73 55.06 47.12 49.84 55.48 58.05 72.29 73.47 57.45 54.38 85.67 83.51; 44.6 42.64 51.48 51.02 40.47 42.72 42.15 48.81 63.08 65.02 47.2 41.83 81.59 77.75; 48.57 45.63 53.64 53.7 44.81 47.34 51.02 54.95 69.2 70.65 54.03 50.19 84.31 81.58; 52.03 50.19 57.92 59.04 49.48 51.84 57.33 60.31 74.4 75.68 59.61 55.86 86.14 85.44; 47.18 45.62 54.7 54.55 42.22 44.87 44.17 51.82 65.18 66.12 49.95 44.41 82.33 80.13; 50.29 48.6 56.84 57.53 46.96 49.39 52.92 57.46 71.31 72.49 56.39 52.04 84.86 83.67; 53.93 52.22 61.95 62.78 52.55 53.2 59.14 62.02 76.06 77.19 61.82 57.43 86.46 86.55; 49.06 47.58 58.86 57.24 43.67 47.97 46.01 54.29 67.18 67.77 51.97 46.72 82.69 81.5; 52.18 50.61 60.91 60.92 49.46 51.36 54.74 59.42 73.08 74.04 58.54 53.86 85.2 84.86]
***** epoch: 20 ***** 
trn_loss: 0.013934254735400758 
tst_loss: 0.013934254732299462 
naive_trn_accuracy: 0.33969866071428584 
naive_tst_accuracy: 0.33847526217309953  
pck_val_accuracy: 0.49971916515474235  
[0.0 0.0 0.0 0.0 0.0 0.0 0.0 0.0 0.0 0.0 0.0 0.0 0.0 0.0; 0.0 0.0 0.0 0.0 0.0 0.0 0.0 0.0 0.0 0.0 0.0 0.0 0.0 0.0; 0.0 0.0 0.0 0.0 0.0 0.0 0.0 0.0 0.0 0.0 0.0 0.0 0.0 0.0; 5.37 4.28 2.67 3.46 4.77 4.84 7.68 6.78 10.29 10.6 6.81 6.86 13.63 10.32; 5.05 4.22 4.15 2.97 3.91 5.49 6.61 7.12 10.48 9.16 6.52 4.71 14.38 13.1; 5.25 4.26 3.17 3.3 4.47 5.07 7.32 6.9 10.36 10.12 6.71 6.14 13.88 11.25; 17.8 13.62 11.62 12.22 15.03 17.24 21.66 21.74 29.18 29.78 20.61 20.66 41.64 30.45; 18.43 13.39 13.01 10.95 14.11 17.42 18.64 20.16 29.81 28.11 18.92 15.05 41.58 32.51; 18.03 13.54 12.09 11.79 14.71 17.3 20.65 21.21 29.39 29.23 20.04 18.78 41.62 31.14; 29.32 24.27 21.27 23.36 25.84 28.41 36.0 34.33 46.78 46.86 31.83 33.3 63.33 49.15; 30.28 23.17 22.32 19.76 23.89 26.97 28.19 29.01 43.66 43.86 30.21 23.64 60.53 47.99; 29.66 23.89 21.63 22.15 25.16 27.9 33.38 32.55 45.74 45.86 31.29 30.07 62.4 48.76; 37.89 32.51 31.58 32.72 34.94 36.99 44.38 43.24 56.43 58.24 39.65 41.18 75.45 62.0; 34.98 28.94 32.93 31.45 29.25 31.5 34.07 35.22 51.96 51.83 36.73 29.36 70.88 59.71; 36.85 31.27 32.04 32.3 32.96 35.06 40.92 40.55 54.93 56.1 38.68 37.23 73.92 61.23; 43.52 37.56 39.32 41.67 40.37 42.35 48.87 48.92 64.11 65.31 46.6 45.76 81.02 71.07; 38.73 34.19 40.13 39.33 33.16 35.8 37.56 39.87 57.06 57.05 40.13 32.78 75.64 67.4; 41.81 36.39 39.59 40.88 37.87 40.05 45.08 45.88 61.75 62.55 44.44 41.43 79.22 69.84; 46.6 42.72 46.16 47.94 44.32 45.9 52.11 53.21 67.92 69.07 51.01 49.24 83.33 77.84; 41.43 36.87 44.46 44.25 35.74 38.54 40.68 42.88 60.53 61.81 42.61 36.75 77.84 72.44; 44.75 40.69 45.59 46.7 41.34 43.32 48.28 49.74 65.44 66.65 48.21 45.06 81.49 76.03; 48.76 45.8 51.41 53.04 47.28 48.29 54.7 55.75 71.23 71.87 54.69 52.52 84.06 82.13; 42.84 39.44 48.25 48.61 38.41 40.81 42.24 45.8 63.35 64.01 45.91 39.24 79.21 75.27; 46.64 43.59 50.34 51.56 44.2 45.66 50.52 52.41 68.59 69.24 51.76 48.09 82.44 79.83; 50.98 48.54 55.86 57.96 49.97 49.71 56.41 58.61 73.85 74.35 57.82 54.75 84.62 84.29; 44.72 41.92 52.86 53.15 40.89 42.84 43.71 48.27 65.09 66.12 49.04 41.92 80.31 77.11; 48.74 46.24 54.85 56.35 46.81 47.3 52.15 55.13 70.91 71.6 54.89 50.46 83.17 81.89; 52.42 50.85 59.79 62.31 52.0 51.71 58.45 60.36 76.06 76.37 59.61 56.74 85.17 85.63; 46.6 44.59 56.83 56.96 43.15 44.87 45.55 51.19 66.82 68.04 51.42 44.69 80.95 79.3; 50.34 48.67 58.79 60.52 48.93 49.31 54.12 57.28 72.96 73.59 56.88 52.71 83.76 83.51; 54.25 53.6 63.12 66.15 54.69 52.87 60.02 62.25 77.8 77.47 61.87 58.5 85.44 86.64; 48.47 47.58 59.78 59.93 45.31 47.14 47.11 53.74 69.01 69.41 53.35 47.37 81.5 80.4; 52.18 51.5 62.0 64.06 51.43 50.86 55.69 59.39 74.85 74.78 59.03 54.78 84.13 84.55]
***** epoch: 21 ***** 
trn_loss: 0.01388650557377791 
tst_loss: 0.013886505570228169 
naive_trn_accuracy: 0.34215122767857153 
naive_tst_accuracy: 0.3427831687045824  
pck_val_accuracy: 0.5053843836131378  
[0.0 0.0 0.0 0.0 0.0 0.0 0.0 0.0 0.0 0.0 0.0 0.0 0.0 0.0; 0.0 0.0 0.0 0.0 0.0 0.0 0.0 0.0 0.0 0.0 0.0 0.0 0.0 0.0; 0.0 0.0 0.0 0.0 0.0 0.0 0.0 0.0 0.0 0.0 0.0 0.0 0.0 0.0; 5.43 4.28 2.39 3.28 5.16 5.23 7.13 7.8 10.89 11.38 6.49 7.23 13.04 9.44; 6.69 4.02 3.41 3.43 4.53 5.73 7.53 6.84 11.3 9.8 7.25 5.26 14.65 11.81; 5.88 4.19 2.73 3.33 4.94 5.4 7.26 7.48 11.03 10.85 6.74 6.57 13.58 10.24; 18.39 12.9 10.36 11.84 16.73 17.04 21.8 21.6 31.3 30.61 21.71 22.42 40.3 29.85; 19.6 14.01 12.55 12.24 13.08 16.47 18.82 19.8 29.17 29.3 19.65 16.34 44.32 33.15; 18.82 13.29 11.09 11.98 15.46 16.84 20.8 20.99 30.58 30.17 21.02 20.39 41.65 30.95; 30.56 24.66 20.99 21.91 28.41 29.18 35.4 35.44 47.29 46.99 33.95 34.6 61.95 48.6; 29.46 22.76 24.17 21.61 24.41 27.33 27.55 30.2 45.03 43.13 30.03 23.73 63.92 50.92; 30.17 24.0 22.06 21.81 27.02 28.53 32.77 33.68 46.53 45.7 32.64 30.97 62.61 49.37; 39.59 32.95 31.12 32.16 37.63 38.67 43.22 44.3 58.0 59.02 41.77 42.33 75.73 61.95; 35.21 30.07 32.93 31.73 31.1 33.17 33.61 36.31 53.24 53.3 36.0 30.1 73.35 61.45; 38.03 31.95 31.73 32.02 35.36 36.74 40.0 41.62 56.4 57.11 39.84 38.25 74.93 61.78; 44.31 39.32 39.27 40.22 42.68 42.67 48.13 50.3 64.8 66.54 48.21 46.5 81.21 71.12; 38.73 34.81 40.77 39.24 34.81 36.28 36.91 41.42 58.07 59.07 39.67 33.33 76.92 67.12; 42.31 37.75 39.78 39.89 39.94 40.43 44.37 47.32 62.54 64.05 45.36 42.1 79.77 69.78; 47.05 44.15 44.94 45.79 46.13 46.68 51.13 54.91 68.89 69.94 52.62 50.07 83.69 77.02; 41.55 37.9 45.66 45.64 38.52 39.14 39.67 45.07 62.26 63.28 42.52 36.93 78.57 72.99; 45.08 41.98 45.18 45.74 43.49 44.03 47.29 51.61 66.67 67.72 49.25 45.68 81.98 75.67; 49.08 47.56 50.75 50.8 49.53 49.32 53.77 57.13 72.29 73.24 55.7 52.57 84.94 81.62; 43.31 40.89 49.35 49.63 42.02 41.05 41.6 47.54 65.0 65.57 46.28 40.35 80.22 76.37; 47.02 45.24 50.28 50.4 46.92 46.42 49.69 53.91 69.84 70.68 52.56 48.49 83.36 79.87; 51.57 50.52 54.55 55.2 52.28 51.32 55.39 59.81 74.72 75.81 58.37 54.61 85.54 84.15; 46.01 43.87 54.34 53.25 45.21 43.44 43.25 49.91 67.37 67.58 49.31 43.49 81.04 78.48; 49.58 48.21 54.47 54.54 49.82 48.55 51.32 56.48 72.26 73.07 55.35 50.89 84.03 82.26; 53.53 53.32 58.15 59.27 54.25 52.94 57.33 62.07 76.65 77.65 60.49 56.09 85.77 85.86; 48.59 46.45 57.75 56.96 47.48 45.58 45.09 52.92 69.92 68.5 51.7 46.17 81.96 80.04; 51.76 50.93 58.02 58.49 51.9 50.36 53.23 58.99 74.4 74.59 57.55 52.78 84.49 83.91; 55.76 55.74 61.72 62.64 56.94 54.74 59.0 63.77 78.45 78.8 62.6 57.53 86.09 86.69; 50.0 49.54 60.7 60.48 50.15 47.85 46.65 55.75 71.74 69.96 53.81 48.2 82.42 81.41; 53.7 53.58 61.37 61.92 54.58 52.33 54.86 61.08 76.2 75.85 59.67 54.41 84.86 84.92]
