***** epoch: 0 ***** 
trn_loss: 0.013955040275182904 
tst_loss: 0.01395504027302751 
naive_trn_accuracy: 0 
naive_tst_accuracy: 0  
pck_val_accuracy: 0.5217468421854654  
[0.0 0.0 0.0 0.0 0.0 0.0 0.0 0.0 0.0 0.0 0.0 0.0 0.0 0.0; 0.0 0.0 0.0 0.0 0.0 0.0 0.0 0.0 0.0 0.0 0.0 0.0 0.0 0.0; 0.0 0.0 0.0 0.0 0.0 0.0 0.0 0.0 0.0 0.0 0.0 0.0 0.0 0.0; 5.69 4.06 3.47 3.75 4.61 4.84 7.54 7.25 10.85 10.42 7.36 7.13 14.83 10.73; 6.81 4.53 2.86 3.25 3.91 5.49 7.16 7.3 9.3 10.53 7.07 5.91 16.3 11.17; 6.09 4.23 3.26 3.58 4.37 5.07 7.42 7.26 10.33 10.46 7.26 6.72 15.32 10.88; 18.19 13.51 12.65 12.31 14.48 16.07 22.3 21.97 31.02 31.02 22.49 22.0 43.16 30.35; 18.08 13.49 12.92 11.13 13.39 17.54 20.11 18.98 26.62 29.95 20.94 17.82 44.87 31.78; 18.15 13.5 12.74 11.92 14.1 16.59 21.57 20.96 29.54 30.66 21.97 20.6 43.73 30.83; 30.89 25.15 22.54 24.02 25.51 28.86 35.63 35.72 46.83 48.23 33.99 34.41 65.68 51.17; 28.64 22.55 23.25 21.99 24.51 27.45 29.84 29.29 43.21 44.96 32.14 27.15 65.38 48.81; 30.08 24.25 22.78 23.34 25.16 28.36 33.69 33.56 45.62 47.14 33.37 31.99 65.58 50.38; 38.94 33.61 34.11 34.5 34.89 38.35 44.24 45.27 58.69 60.44 42.32 42.57 79.55 63.93; 33.22 30.38 33.3 32.0 31.0 33.41 36.09 36.04 52.05 55.31 38.84 32.13 74.45 61.17; 36.89 32.49 33.84 33.67 33.54 36.61 41.51 42.17 56.46 58.73 41.16 39.08 77.84 63.01; 45.03 39.43 43.06 42.88 41.47 43.51 49.79 52.01 66.36 68.33 49.36 46.55 86.37 73.28; 37.68 36.15 41.51 39.15 36.05 37.59 40.13 41.42 57.79 59.98 42.98 36.1 79.49 69.41; 42.39 38.29 42.54 41.63 39.58 41.43 46.55 48.45 63.49 65.55 47.23 43.06 84.06 71.99; 48.1 44.92 50.89 50.23 45.69 46.93 53.08 56.48 71.09 72.6 54.05 51.0 90.42 79.23; 41.31 39.03 45.85 45.08 40.27 39.98 43.25 45.8 62.35 64.84 46.01 39.43 81.87 75.0; 45.67 42.87 49.19 48.51 43.81 44.49 49.78 52.9 68.16 70.01 51.36 47.13 87.56 77.81; 50.59 49.09 57.45 56.51 49.53 50.55 56.27 58.84 74.77 75.95 58.23 53.5 92.54 83.97; 43.78 42.64 49.82 50.19 43.77 42.36 44.54 48.81 64.72 67.95 48.67 42.01 83.7 78.48; 48.15 46.85 54.88 54.39 47.53 47.67 52.34 55.47 71.4 73.28 55.04 49.66 89.58 82.13; 52.36 52.06 61.62 61.19 52.88 52.61 58.4 61.7 77.11 78.16 61.09 55.91 93.64 87.01; 45.89 45.52 54.89 54.45 47.27 44.51 46.56 51.46 67.18 69.87 51.42 44.78 85.26 80.95; 50.04 49.79 59.35 58.93 50.93 49.77 54.43 58.26 73.79 75.39 57.86 52.19 90.84 84.98; 54.38 54.42 66.26 65.45 55.51 54.68 60.3 63.64 79.18 80.4 63.62 57.94 94.06 89.31; 47.65 47.58 58.76 57.88 49.12 47.49 48.85 54.2 69.28 71.52 54.27 47.65 86.26 82.6; 51.97 52.04 63.74 62.91 53.29 52.16 56.46 60.47 75.86 77.44 60.5 54.5 91.45 87.07; 56.35 57.22 70.43 69.38 58.53 56.1 61.92 65.34 81.11 82.65 65.64 59.7 94.7 90.7; 50.0 50.57 63.75 60.76 51.39 49.88 51.15 56.84 71.29 73.26 56.2 49.4 86.81 84.43; 54.08 54.91 68.18 66.49 56.05 53.92 58.31 62.49 77.82 79.52 62.49 56.26 92.06 88.6]
***** epoch: 1 ***** 
trn_loss: 0.013812898725075748 
tst_loss: 0.013812898725480829 
naive_trn_accuracy: 0 
naive_tst_accuracy: 0  
pck_val_accuracy: 0.5276588372537201  
[0.0 0.0 0.0 0.0 0.0 0.0 0.0 0.0 0.0 0.0 0.0 0.0 0.0 0.0; 0.0 0.0 0.0 0.0 0.0 0.0 0.0 0.0 0.0 0.0 0.0 0.0 0.0 0.0; 0.0 0.0 0.0 0.0 0.0 0.0 0.0 0.0 0.0 0.0 0.0 0.0 0.0 0.0; 5.63 4.45 2.91 3.6 5.92 4.91 7.96 7.75 10.98 10.65 7.18 7.46 14.65 10.27; 5.99 5.46 3.23 3.53 4.63 5.61 8.08 6.39 11.21 10.71 7.07 5.36 15.48 12.64; 5.76 4.8 3.01 3.58 5.48 5.15 8.0 7.29 11.06 10.67 7.14 6.76 14.92 11.06; 18.32 14.06 11.9 13.67 17.55 18.08 23.09 24.27 32.08 31.34 22.26 23.16 44.45 30.03; 18.9 15.04 13.65 12.34 14.73 18.26 20.29 22.26 32.0 30.13 20.84 17.54 45.7 33.24; 18.53 14.4 12.49 13.22 16.57 18.14 22.15 23.6 32.05 30.94 21.79 21.28 44.87 31.11; 30.17 25.21 23.24 25.42 28.91 30.21 37.76 37.98 48.16 48.6 35.51 35.11 67.39 50.48; 29.11 23.89 24.17 22.45 25.85 29.47 29.48 31.66 46.95 45.51 32.51 26.04 65.29 51.74; 29.79 24.75 23.56 24.42 27.85 29.95 34.98 35.86 47.75 47.57 34.51 32.08 66.69 50.9; 38.55 33.66 34.16 36.89 37.52 39.64 46.0 46.47 59.51 60.58 43.65 42.94 80.88 63.89; 35.21 30.28 34.23 32.93 32.23 35.32 35.81 37.32 54.06 53.48 38.57 31.86 75.09 62.64; 37.35 32.49 34.18 35.56 35.68 38.12 42.58 43.4 57.68 58.21 41.96 39.24 78.95 63.47; 44.31 39.43 43.58 45.97 43.06 44.93 50.53 52.75 66.54 68.24 50.14 47.57 87.06 73.61; 39.67 35.43 42.53 40.82 35.84 38.9 39.58 42.06 59.34 59.8 42.33 34.72 79.21 70.88; 42.65 38.04 43.23 44.24 40.55 42.82 46.86 49.16 64.13 65.42 47.53 43.28 84.43 72.69; 47.64 44.98 51.5 52.72 47.72 48.74 53.91 57.41 71.14 72.19 55.11 51.18 90.56 80.56; 42.49 38.52 47.42 46.85 39.65 42.12 41.87 45.44 63.54 63.64 44.9 38.41 80.22 76.01; 45.8 42.73 50.12 50.75 44.92 46.42 49.88 53.39 68.59 69.34 51.7 46.92 87.1 79.04; 50.39 48.76 57.83 58.38 51.23 51.32 57.06 59.9 74.63 75.49 58.65 54.52 92.49 84.85; 44.25 41.4 52.4 51.58 43.56 44.51 43.8 49.09 66.18 67.03 48.85 40.9 82.6 79.49; 48.19 46.2 56.0 56.1 48.57 48.93 52.62 56.27 71.8 72.67 55.38 49.97 89.18 83.05; 52.68 52.06 62.61 63.3 54.09 53.13 59.0 62.76 77.16 77.93 61.32 57.06 93.41 87.79; 46.83 45.21 56.64 57.05 46.24 46.42 46.19 51.19 68.64 69.32 51.24 44.6 83.61 81.14; 50.59 49.68 60.6 61.2 51.36 50.78 54.71 58.87 74.3 75.05 57.95 52.9 90.13 85.57; 54.78 54.59 67.29 67.74 56.56 55.26 61.13 64.88 79.6 80.13 63.57 59.33 94.06 89.31; 49.53 47.89 60.61 60.3 48.51 48.69 48.48 54.01 71.01 70.51 54.27 47.46 84.71 82.97; 52.9 52.26 65.04 65.25 53.76 52.95 56.89 61.23 76.72 76.92 60.47 55.37 90.93 87.19; 56.61 57.11 71.46 71.91 60.5 57.46 62.84 66.5 81.71 81.96 65.69 61.19 94.7 90.65; 52.0 50.46 64.85 63.45 51.29 51.43 50.78 56.48 73.38 71.89 56.38 49.95 85.81 84.62; 54.96 54.8 69.24 69.07 57.3 55.34 58.8 63.13 78.92 78.6 62.58 57.43 91.73 88.63]
***** epoch: 2 ***** 
trn_loss: 0.01387742346196548 
tst_loss: 0.013877423461736179 
naive_trn_accuracy: 0 
naive_tst_accuracy: 0  
pck_val_accuracy: 0.5288330919765586  
[0.0 0.0 0.0 0.0 0.0 0.0 0.0 0.0 0.0 0.0 0.0 0.0 0.0 0.0; 0.0 0.0 0.0 0.0 0.0 0.0 0.0 0.0 0.0 0.0 0.0 0.0 0.0 0.0; 0.0 0.0 0.0 0.0 0.0 0.0 0.0 0.0 0.0 0.0 0.0 0.0 0.0 0.0; 5.56 4.06 3.47 3.65 5.81 5.36 8.56 7.38 10.43 10.78 7.5 7.6 14.42 10.73; 6.46 4.43 3.87 3.62 4.12 5.61 8.26 6.84 9.85 9.98 7.99 5.17 15.11 11.36; 5.88 4.19 3.6 3.64 5.23 5.45 8.46 7.2 10.24 10.52 7.66 6.79 14.65 10.94; 19.37 13.78 12.32 13.44 17.28 17.75 23.09 23.86 32.67 29.92 22.95 22.56 44.17 31.28; 18.43 14.73 13.65 12.24 13.8 18.14 20.94 19.8 28.81 29.76 21.58 17.45 45.6 33.24; 19.03 14.11 12.77 13.04 16.07 17.89 22.37 22.49 31.38 29.87 22.49 20.85 44.65 31.93; 32.13 25.04 24.32 25.05 28.58 30.08 38.18 38.81 47.75 48.51 34.22 35.94 67.57 51.68; 29.93 24.2 25.09 24.4 25.95 28.88 29.57 30.84 43.21 44.96 32.69 25.58 66.12 51.65; 31.34 24.75 24.58 24.83 27.67 29.66 35.29 36.13 46.23 47.32 33.71 32.48 67.09 51.67; 40.58 33.72 35.47 35.63 38.18 39.32 46.65 46.79 57.63 61.68 43.7 43.31 79.92 65.5; 36.62 31.0 34.87 33.4 32.23 34.61 35.08 36.41 51.41 54.21 39.12 31.49 74.63 62.18; 39.16 32.77 35.27 34.88 36.11 37.66 42.77 43.3 55.55 59.19 42.17 39.36 78.15 64.39; 46.27 40.03 44.05 45.69 43.66 43.71 51.46 53.76 64.89 69.25 50.69 48.26 86.64 74.11; 39.91 35.94 43.08 41.09 37.08 37.23 38.75 42.06 57.7 59.52 42.61 34.63 79.03 69.51; 43.99 38.61 43.72 44.15 41.37 41.43 47.2 49.83 62.48 66.0 47.99 43.71 84.09 72.57; 49.08 45.85 51.12 53.14 47.28 47.64 55.02 58.1 69.72 73.61 55.52 52.25 89.59 80.24; 42.72 38.93 48.34 46.66 40.16 39.74 41.69 45.53 61.9 64.38 45.73 37.95 80.86 75.18; 46.81 43.45 50.19 50.96 44.81 44.87 50.55 53.88 67.09 70.53 52.25 47.47 86.67 78.55; 51.51 49.09 57.5 58.61 50.52 50.87 57.94 60.22 73.58 76.37 59.29 55.12 91.66 84.75; 44.48 42.22 52.68 51.48 43.56 41.89 43.8 49.64 65.18 66.76 48.3 40.81 82.51 78.66; 48.99 46.7 55.87 56.22 48.1 47.72 53.2 56.67 70.76 73.16 55.62 50.34 88.6 82.72; 53.4 52.0 62.46 63.76 53.87 53.07 59.65 63.17 76.33 78.75 62.1 57.25 92.77 87.66; 46.71 44.59 57.47 55.57 46.34 44.87 45.09 51.92 67.18 68.68 51.15 44.14 83.7 80.86; 51.01 49.43 60.78 61.01 51.25 50.19 54.77 59.39 73.27 75.39 58.44 52.87 89.73 85.38; 55.5 55.3 66.87 67.56 56.61 55.2 61.64 65.34 78.45 81.05 64.17 59.33 93.55 89.45; 48.94 47.89 60.52 59.83 49.43 47.61 47.38 54.65 69.28 70.33 53.99 47.0 84.8 82.78; 53.15 52.72 64.73 64.97 54.12 52.53 56.86 61.75 75.37 77.47 60.77 55.21 90.62 87.22; 57.26 57.11 71.09 71.44 59.52 56.75 63.26 67.14 80.19 83.2 66.15 61.09 94.2 90.6; 51.06 49.43 65.5 62.8 52.11 50.72 49.68 57.03 71.38 71.61 56.01 49.4 85.44 84.43; 55.04 54.44 69.2 68.54 56.94 54.63 58.71 63.75 77.24 79.33 62.76 57.19 91.27 88.54]
***** epoch: 3 ***** 
trn_loss: 0.013481280151224866 
tst_loss: 0.01348128015548128 
naive_trn_accuracy: 0 
naive_tst_accuracy: 0  
pck_val_accuracy: 0.5387624838355879  
[0.0 0.0 0.0 0.0 0.0 0.0 0.0 0.0 0.0 0.0 0.0 0.0 0.0 0.0; 0.0 0.0 0.0 0.0 0.0 0.0 0.0 0.0 0.0 0.0 0.0 0.0 0.0 0.0; 0.0 0.0 0.0 0.0 0.0 0.0 0.0 0.0 0.0 0.0 0.0 0.0 0.0 0.0; 5.69 4.83 3.23 3.93 5.21 6.0 8.28 7.75 11.26 11.56 8.19 7.92 16.21 11.33; 6.92 5.56 3.69 2.69 4.33 5.61 7.71 8.21 10.85 10.44 8.08 5.82 16.3 11.63; 6.13 5.09 3.39 3.52 4.9 5.87 8.09 7.91 11.12 11.19 8.15 7.22 16.24 11.43; 19.24 15.32 12.51 13.86 17.17 19.37 24.71 25.06 33.5 32.81 23.97 23.81 47.49 32.57; 20.19 15.96 13.38 12.89 14.42 17.3 20.84 23.54 31.45 30.49 21.85 18.01 46.98 32.78; 19.58 15.54 12.8 13.53 16.21 18.64 23.42 24.55 32.81 32.04 23.26 21.87 47.32 32.64; 32.33 26.47 23.99 26.64 29.73 30.73 39.38 39.78 50.14 50.21 36.84 36.64 70.06 53.75; 30.4 25.54 25.09 23.1 25.33 27.57 30.95 33.3 46.76 46.98 33.33 26.87 67.03 50.64; 31.64 26.15 24.36 25.45 28.2 29.62 36.55 37.6 49.01 49.13 35.67 33.37 69.05 52.71; 41.49 34.54 35.38 37.45 39.61 40.09 46.78 48.92 60.66 63.29 45.91 44.23 81.67 65.91; 36.15 30.9 35.06 33.4 32.13 33.29 36.91 38.69 55.88 56.14 39.21 32.23 75.64 61.26; 39.58 33.27 35.27 36.09 37.01 37.7 43.48 45.48 59.06 60.9 43.67 40.22 79.65 64.36; 46.34 41.24 44.61 47.14 44.27 44.29 51.13 55.1 67.37 70.95 52.44 48.08 87.29 75.73; 40.73 35.22 42.71 42.49 36.56 37.83 40.77 44.16 62.08 62.27 42.98 35.83 80.04 68.68; 44.33 39.15 43.97 45.58 41.59 42.02 47.66 51.43 65.6 68.05 49.28 43.99 84.86 73.37; 49.15 46.68 52.25 54.26 49.37 48.42 54.47 59.11 72.79 75.4 57.31 52.01 90.42 82.4; 43.43 38.62 48.43 49.17 39.96 40.81 42.98 47.63 66.09 65.66 46.19 39.15 81.68 73.63; 47.1 43.88 50.96 52.55 46.1 45.75 50.62 55.26 70.55 72.15 53.6 47.72 87.5 79.47; 51.51 50.3 58.67 59.32 52.66 51.32 58.12 61.65 76.15 78.48 60.35 55.07 92.22 86.27; 45.31 42.22 52.49 53.15 43.15 42.84 44.54 50.73 68.55 69.05 49.49 41.83 83.15 76.37; 49.29 47.49 56.59 57.25 49.36 48.35 53.57 57.98 73.6 75.33 56.73 50.65 89.18 82.96; 53.93 53.05 63.68 64.7 55.46 54.03 60.16 64.51 78.54 80.36 63.16 57.43 93.04 88.48; 47.18 45.21 56.83 57.61 46.04 45.7 46.19 52.83 70.83 71.06 51.79 45.06 83.97 78.85; 51.51 50.32 61.37 62.32 52.18 51.11 55.48 60.59 75.95 77.25 59.36 53.3 90.01 85.26; 56.02 55.41 68.13 68.59 58.04 56.49 62.38 66.5 81.11 82.84 65.41 59.33 93.97 90.05; 49.3 47.27 61.81 60.85 48.51 47.73 48.94 55.66 73.2 72.53 54.45 48.01 85.16 80.77; 53.61 52.58 66.0 65.99 54.72 53.41 57.88 62.86 78.46 79.39 61.75 55.55 91.02 86.94; 57.85 57.83 72.16 72.71 61.33 57.97 64.04 68.07 83.0 84.4 67.25 61.09 94.66 91.29; 51.64 49.85 65.41 64.1 51.08 50.6 50.6 57.48 75.3 73.99 56.66 49.58 85.81 82.23; 55.63 55.05 69.89 69.82 57.77 55.38 59.54 64.51 80.42 80.92 63.71 57.25 91.69 88.26]
***** epoch: 4 ***** 
trn_loss: 0.013600961030339984 
tst_loss: 0.013600961033945121 
naive_trn_accuracy: 0 
naive_tst_accuracy: 0  
pck_val_accuracy: 0.5394416114565369  
[0.0 0.0 0.0 0.0 0.0 0.0 0.0 0.0 0.0 0.0 0.0 0.0 0.0 0.0; 0.0 0.0 0.0 0.0 0.0 0.0 0.0 0.0 0.0 0.0 0.0 0.0 0.0 0.0; 0.0 0.0 0.0 0.0 0.0 0.0 0.0 0.0 0.0 0.0 0.0 0.0 0.0 0.0; 5.76 5.05 4.03 3.93 5.98 5.75 8.19 7.66 10.85 10.74 7.68 8.06 15.34 10.87; 7.86 5.97 4.43 3.43 3.71 5.85 7.62 8.03 9.57 11.17 8.45 5.54 13.83 10.35; 6.51 5.37 4.16 3.76 5.19 5.78 8.0 7.78 10.42 10.88 7.94 7.22 14.83 10.7; 19.44 15.82 12.65 13.39 17.83 18.21 25.17 24.73 32.26 31.8 23.55 24.5 44.86 31.6; 19.72 16.89 14.85 11.78 14.83 18.62 21.3 20.62 27.89 30.49 22.68 17.36 44.32 31.59; 19.54 16.19 13.39 12.85 16.79 18.35 23.88 23.35 30.8 31.37 23.26 22.12 44.68 31.6; 33.12 26.8 25.02 25.75 29.57 30.86 39.06 39.36 49.86 49.79 37.07 36.78 67.66 52.46; 28.87 25.85 27.03 22.54 25.95 28.4 29.29 31.3 44.39 46.52 33.88 27.05 63.46 48.63; 31.6 26.47 25.7 24.67 28.31 30.0 35.78 36.65 48.03 48.7 36.01 33.53 66.26 51.18; 40.51 35.37 36.13 36.89 39.22 39.7 46.97 48.55 61.81 62.83 46.04 44.74 81.07 66.42; 34.15 32.65 37.08 32.75 32.85 33.65 35.45 38.32 55.24 55.59 39.58 32.5 74.36 61.08; 38.24 34.42 36.45 35.5 37.01 37.58 43.11 45.11 59.61 60.41 43.89 40.65 78.82 64.63; 46.4 41.46 44.85 46.86 44.82 44.22 51.83 55.24 69.12 71.36 52.99 49.65 87.33 75.26; 38.26 36.87 44.19 40.63 36.35 37.47 38.93 43.52 60.35 60.71 42.88 37.12 78.21 68.77; 43.49 39.86 44.62 44.77 41.88 41.85 47.51 51.3 66.18 67.81 49.62 45.47 84.28 73.09; 49.54 46.57 52.06 53.65 49.04 47.97 55.34 59.81 74.26 75.45 57.87 53.91 90.74 81.62; 41.67 39.65 49.17 46.2 40.16 39.98 41.6 47.26 64.63 64.84 46.1 40.44 80.59 73.72; 46.72 44.16 51.09 51.15 45.96 45.16 50.74 55.59 71.04 71.9 53.94 49.41 87.34 78.98; 51.96 49.75 58.53 59.78 52.39 50.81 58.68 62.44 77.9 78.71 61.64 56.65 92.63 85.91; 43.66 43.15 54.15 50.56 42.84 42.12 43.53 50.55 67.46 67.12 49.59 42.84 82.33 76.83; 48.99 47.46 57.05 56.69 49.07 47.76 53.6 58.44 74.4 74.84 57.62 52.04 89.18 82.87; 54.45 53.27 63.78 64.89 55.35 53.2 60.85 65.39 80.61 81.18 64.44 59.01 93.46 88.3; 45.77 45.01 57.93 54.92 45.11 44.63 45.09 53.1 69.28 69.14 52.34 45.89 83.33 78.85; 51.34 50.39 61.81 61.54 51.79 50.19 55.57 61.26 76.81 77.16 60.4 54.63 90.07 85.14; 56.68 55.9 68.28 69.15 57.98 55.46 63.17 67.19 82.12 83.62 67.16 60.4 94.1 90.23; 47.77 47.17 61.53 58.44 48.51 46.78 47.11 55.47 72.47 70.79 55.0 48.2 83.79 80.13; 53.49 52.87 66.0 65.56 54.69 52.41 57.78 63.25 78.89 79.33 63.1 56.32 90.65 86.85; 58.77 58.48 72.4 72.61 61.38 57.52 65.02 69.08 83.96 85.45 68.54 62.62 94.98 91.52; 50.12 49.85 65.77 61.78 50.36 50.24 49.4 58.12 74.11 72.07 57.48 50.32 84.8 81.5; 55.67 55.48 70.17 68.98 57.55 54.96 59.78 65.4 80.66 80.98 64.85 58.51 91.57 88.17]
***** epoch: 5 ***** 
trn_loss: 0.013603807192831892 
tst_loss: 0.013603807195480398 
naive_trn_accuracy: 0 
naive_tst_accuracy: 0  
pck_val_accuracy: 0.5413561165541058  
[0.0 0.0 0.0 0.0 0.0 0.0 0.0 0.0 0.0 0.0 0.0 0.0 0.0 0.0; 0.0 0.0 0.0 0.0 0.0 0.0 0.0 0.0 0.0 0.0 0.0 0.0 0.0 0.0; 0.0 0.0 0.0 0.0 0.0 0.0 0.0 0.0 0.0 0.0 0.0 0.0 0.0 0.0; 6.35 4.67 3.28 3.79 5.76 5.81 8.84 8.77 12.5 11.56 8.23 8.24 15.89 10.92; 6.46 4.74 3.32 3.06 4.53 5.85 8.72 7.76 11.76 10.81 7.53 7.29 16.58 12.09; 6.39 4.69 3.29 3.55 5.33 5.82 8.8 8.43 12.25 11.31 8.0 7.93 16.12 11.31; 18.39 15.16 12.75 14.56 18.1 18.14 26.01 26.58 33.87 32.63 24.52 24.69 44.77 33.03; 19.95 15.65 13.38 12.62 15.14 18.02 21.76 22.35 32.36 31.5 22.59 19.67 46.89 35.35; 18.95 15.33 12.96 13.91 17.07 18.1 24.58 25.16 33.36 32.25 23.87 23.01 45.48 33.8; 32.66 27.18 24.93 25.84 29.18 30.28 39.19 41.12 49.36 50.76 37.67 38.54 67.85 52.33; 29.93 26.36 26.48 22.17 26.26 29.95 31.31 33.58 46.22 46.25 35.54 28.25 66.39 52.93; 31.68 26.9 25.45 24.61 28.17 30.16 36.55 38.58 48.3 49.25 36.96 35.1 67.36 52.53; 41.36 35.69 36.69 37.17 38.34 40.54 47.29 50.12 60.2 62.28 46.32 45.25 81.3 66.51; 35.33 32.85 35.15 31.91 33.88 36.52 37.47 40.05 54.69 56.32 41.41 33.8 75.82 63.64; 39.2 34.71 36.17 35.41 36.79 39.13 44.0 46.74 58.36 60.29 44.68 41.43 79.47 65.55; 46.07 40.25 45.74 46.68 44.27 45.0 52.85 55.56 66.96 70.4 52.81 49.51 86.69 74.57; 38.5 38.0 43.45 39.8 37.8 39.26 41.05 44.71 60.07 61.08 44.9 37.95 79.58 70.79; 43.36 39.47 44.97 44.37 42.02 42.98 48.89 51.92 64.65 67.29 50.17 45.65 84.31 73.31; 48.89 45.69 53.05 53.51 48.16 48.74 56.46 59.71 71.97 74.99 56.72 53.82 90.1 80.24; 41.78 39.86 48.34 46.47 41.92 41.89 43.34 47.81 64.08 65.11 48.39 40.54 81.5 76.28; 46.34 43.66 51.46 51.15 45.99 46.33 52.06 55.72 69.32 71.69 53.94 49.38 87.22 78.92; 51.44 48.93 59.23 59.18 51.56 51.39 59.14 62.34 75.69 77.93 60.35 56.88 91.94 84.52; 43.66 42.84 52.49 51.11 44.9 44.03 45.09 51.46 66.64 68.22 51.15 43.31 83.15 79.4; 48.66 46.81 56.96 56.47 49.25 48.81 54.43 58.69 72.66 74.69 57.28 52.34 89.0 82.81; 53.93 51.78 63.78 64.56 54.53 53.84 61.13 65.34 78.54 79.94 63.06 59.29 93.0 87.15; 46.6 45.31 56.92 55.66 48.09 46.66 46.92 54.01 68.37 70.05 53.81 46.72 84.16 81.14; 51.3 49.53 61.47 61.57 52.29 51.32 56.37 61.54 75.13 76.64 59.98 55.09 90.04 85.14; 55.82 54.26 67.71 69.1 56.61 55.78 63.63 67.97 80.74 82.06 65.0 61.28 93.51 89.22; 48.47 47.79 60.24 58.63 50.57 49.76 49.13 56.39 70.56 70.97 56.75 49.58 84.98 82.88; 53.19 52.01 65.2 65.59 54.51 53.67 58.77 64.08 77.33 78.36 62.24 57.37 90.65 87.1; 58.05 56.95 71.88 72.14 59.63 57.26 65.11 69.4 82.54 83.66 67.39 63.04 94.2 90.65; 51.29 50.88 65.77 62.06 53.04 52.74 51.06 58.67 73.38 72.53 58.59 51.99 85.99 84.16; 55.63 54.84 69.83 68.76 57.34 55.68 60.4 65.8 79.47 79.94 64.45 59.35 91.45 88.48]
***** epoch: 6 ***** 
trn_loss: 0.0133470734255292 
tst_loss: 0.013347073425361946 
naive_trn_accuracy: 0 
naive_tst_accuracy: 0  
pck_val_accuracy: 0.55161431623509  
[0.0 0.0 0.0 0.0 0.0 0.0 0.0 0.0 0.0 0.0 0.0 0.0 0.0 0.0; 0.0 0.0 0.0 0.0 0.0 0.0 0.0 0.0 0.0 0.0 0.0 0.0 0.0 0.0; 0.0 0.0 0.0 0.0 0.0 0.0 0.0 0.0 0.0 0.0 0.0 0.0 0.0 0.0; 6.54 5.0 3.94 4.73 6.25 6.46 9.07 8.72 12.45 12.21 8.56 9.31 16.77 11.24; 6.81 6.28 3.97 2.32 5.66 6.56 9.46 7.85 11.76 10.71 7.9 6.09 16.58 12.64; 6.64 5.44 3.95 3.92 6.05 6.49 9.2 8.43 12.22 11.71 8.34 8.24 16.7 11.71; 19.63 16.42 13.4 14.84 18.65 19.43 26.75 26.86 34.65 34.1 25.85 26.03 48.6 33.67; 21.36 18.64 14.39 11.97 16.48 19.81 21.4 25.36 32.82 33.42 23.42 19.48 47.34 34.89; 20.25 17.19 13.74 13.88 17.9 19.56 24.95 26.36 34.04 33.87 25.04 23.84 48.18 34.08; 33.44 27.29 25.63 27.01 31.32 33.31 40.68 42.04 51.19 52.46 38.91 38.81 70.11 55.23; 30.87 28.01 25.55 22.08 27.19 31.03 31.22 35.95 48.5 48.35 34.25 28.99 68.04 51.92; 32.52 27.54 25.61 25.36 29.89 32.51 37.51 39.99 50.29 51.09 37.36 35.53 69.41 54.12; 41.69 35.97 37.35 38.95 41.52 42.22 48.54 50.9 62.45 65.17 48.07 46.5 81.9 67.34; 36.62 33.57 37.08 32.93 32.75 35.68 37.01 41.06 56.79 57.33 40.96 35.36 76.37 62.36; 39.87 35.14 37.26 36.93 38.48 39.92 44.68 47.59 60.56 62.55 45.69 42.78 80.05 65.68; 46.34 41.46 46.2 48.55 47.17 46.74 53.59 56.71 69.07 72.14 53.96 50.63 87.79 76.05; 41.2 38.21 44.65 40.72 37.59 40.57 40.77 45.89 62.26 62.82 44.35 38.23 80.13 70.42; 44.5 40.33 45.68 45.92 43.84 44.57 49.29 53.08 66.79 69.03 50.75 46.48 85.23 74.16; 49.87 47.12 53.94 54.87 50.85 50.16 57.1 60.68 74.31 76.41 58.1 54.28 90.47 81.99; 44.01 42.33 50.0 47.68 41.5 43.56 43.89 48.81 66.91 66.21 47.66 41.46 82.05 76.01; 47.77 45.45 52.61 52.46 47.6 47.84 52.68 56.7 71.83 73.01 54.61 50.0 87.65 79.99; 52.49 50.96 60.68 59.93 54.58 53.0 60.02 63.31 77.57 79.16 61.41 57.48 91.94 86.14; 45.42 45.62 54.06 52.69 44.39 46.06 45.91 51.73 69.28 68.96 50.69 44.51 83.52 78.75; 49.96 49.1 58.45 57.5 51.04 50.57 55.29 59.42 74.79 75.76 57.83 53.15 89.12 83.67; 54.32 53.98 65.14 65.31 56.99 54.81 62.33 66.64 80.24 81.28 64.12 60.12 93.18 88.44; 47.18 48.3 58.21 58.07 47.58 47.85 47.47 54.2 71.47 70.97 53.26 48.38 84.62 80.68; 51.76 52.01 62.8 62.88 53.72 52.37 57.35 62.46 77.3 77.84 60.5 56.2 90.32 85.84; 55.82 56.62 68.93 69.29 59.46 57.2 64.41 68.62 82.26 83.34 66.05 61.97 93.87 90.05; 49.65 51.49 62.55 61.41 50.57 50.6 50.05 56.75 73.66 72.34 55.65 51.15 85.44 82.51; 53.61 54.84 66.78 66.65 56.37 54.88 59.6 64.63 79.38 79.67 62.58 58.36 91.05 87.53; 57.79 58.87 73.34 73.36 63.08 59.07 66.59 70.19 84.33 84.76 68.35 63.73 94.47 91.11; 52.0 54.27 66.79 65.12 53.14 52.51 51.42 58.94 75.57 73.72 57.67 52.82 86.08 83.79; 55.71 57.27 71.13 70.6 59.63 56.77 61.51 66.41 81.39 81.08 64.79 60.09 91.66 88.66]
***** epoch: 7 ***** 
trn_loss: 0.013494546180468176 
tst_loss: 0.013494546176517304 
naive_trn_accuracy: 0 
naive_tst_accuracy: 0  
pck_val_accuracy: 0.549366573285245  
[0.0 0.0 0.0 0.0 0.0 0.0 0.0 0.0 0.0 0.0 0.0 0.0 0.0 0.0; 0.0 0.0 0.0 0.0 0.0 0.0 0.0 0.0 0.0 0.0 0.0 0.0 0.0 0.0; 0.0 0.0 0.0 0.0 0.0 0.0 0.0 0.0 0.0 0.0 0.0 0.0 0.0 0.0; 5.96 5.33 3.98 3.79 6.2 6.0 8.7 8.49 12.87 11.11 9.38 8.57 15.98 11.29; 7.28 5.66 4.15 4.45 4.74 6.09 8.54 8.39 10.39 11.08 8.54 6.28 17.22 13.0; 6.43 5.44 4.04 4.01 5.69 6.03 8.65 8.46 12.04 11.1 9.1 7.8 16.4 11.86; 19.96 16.53 13.36 13.9 18.6 18.59 26.47 26.86 33.69 33.09 26.68 24.97 48.23 34.59; 20.07 18.43 14.11 13.17 15.65 18.62 22.04 22.99 31.18 32.23 23.42 19.76 47.89 33.79; 20.0 17.19 13.61 13.66 17.57 18.6 24.98 25.56 32.84 32.8 25.59 23.23 48.12 34.32; 33.9 28.17 26.38 26.97 31.71 31.63 41.05 41.12 51.93 51.22 39.37 37.7 70.06 55.18; 31.81 26.36 26.57 23.28 26.88 29.59 30.85 33.58 45.67 46.34 34.89 28.99 66.3 51.19; 33.15 27.54 26.44 25.73 30.03 30.92 37.63 38.58 49.83 49.59 37.88 34.79 68.8 53.85; 41.62 37.01 38.1 38.39 40.43 41.32 48.73 50.62 62.55 64.2 48.67 45.11 81.99 67.85; 36.74 32.54 36.07 33.86 32.54 34.96 37.65 39.6 53.51 55.4 41.05 34.53 75.09 63.0; 39.87 35.46 37.41 36.87 37.69 39.09 45.02 46.92 59.52 61.27 46.12 41.58 79.68 66.23; 47.45 43.0 46.16 48.27 45.26 45.26 53.63 57.04 69.16 71.5 54.42 50.39 87.29 76.37; 40.61 37.28 44.83 42.3 36.87 39.26 41.23 44.53 59.34 60.44 44.72 37.86 78.94 71.52; 45.0 41.01 45.71 46.27 42.34 43.15 49.48 52.83 65.87 67.81 51.18 46.21 84.49 74.75; 49.74 48.33 53.7 54.92 49.92 48.61 56.64 60.91 73.85 75.54 58.6 54.52 90.28 82.17; 43.43 39.96 49.54 49.63 41.3 41.89 43.89 48.08 63.45 64.84 48.48 41.83 81.87 75.37; 47.48 45.42 52.3 53.14 46.92 46.25 52.37 56.6 70.36 71.97 55.23 50.28 87.47 79.9; 52.03 51.51 60.17 60.53 52.88 51.26 60.06 63.54 77.11 78.34 62.1 57.3 91.71 85.91; 45.42 42.22 53.51 54.36 44.18 44.15 46.01 51.19 66.45 67.67 51.79 44.14 83.15 79.12; 49.66 48.28 57.92 58.46 49.86 48.76 55.35 59.39 73.54 74.78 58.66 52.9 88.84 83.63; 54.12 54.15 64.76 64.84 55.57 53.97 61.78 65.62 79.32 80.68 64.58 59.52 93.0 88.21; 47.65 44.8 57.1 59.55 46.24 46.18 47.75 53.28 69.1 69.78 54.09 46.91 84.52 81.5; 51.81 50.9 62.18 63.07 52.33 51.24 57.08 61.48 75.89 77.04 61.08 55.31 90.16 85.96; 56.02 57.11 69.59 68.91 57.93 56.29 63.86 67.84 81.3 82.38 66.42 61.65 93.74 89.82; 49.77 47.27 61.72 62.52 50.05 49.16 50.6 56.02 70.74 71.15 56.47 50.14 85.44 82.78; 53.78 53.69 66.94 66.77 55.19 53.79 59.42 63.87 77.76 78.63 63.1 57.8 90.96 87.47; 58.25 59.42 73.1 72.75 61.27 58.1 65.48 69.96 83.13 84.21 68.68 63.41 94.29 91.06; 51.53 49.43 66.61 65.68 52.42 52.15 52.16 58.76 72.84 72.62 58.86 52.26 86.54 84.34; 55.84 55.95 70.91 70.38 58.2 56.01 61.02 66.2 79.68 80.34 65.4 59.69 91.69 88.81]
***** epoch: 8 ***** 
trn_loss: 0.013339277245527645 
tst_loss: 0.013339277243377627 
naive_trn_accuracy: 0 
naive_tst_accuracy: 0  
pck_val_accuracy: 0.555723403073388  
[0.0 0.0 0.0 0.0 0.0 0.0 0.0 0.0 0.0 0.0 0.0 0.0 0.0 0.0; 0.0 0.0 0.0 0.0 0.0 0.0 0.0 0.0 0.0 0.0 0.0 0.0 0.0 0.0; 0.0 0.0 0.0 0.0 0.0 0.0 0.0 0.0 0.0 0.0 0.0 0.0 0.0 0.0; 6.48 4.61 3.37 4.4 6.36 7.17 8.84 8.77 11.9 11.98 8.88 9.4 16.63 11.47; 6.34 5.97 3.78 2.69 5.15 7.4 8.54 9.67 11.3 11.08 9.64 6.65 16.85 12.45; 6.43 5.09 3.51 3.83 5.94 7.25 8.74 9.07 11.7 11.68 9.13 8.48 16.7 11.8; 20.68 15.93 12.37 14.93 18.76 20.46 26.1 27.09 34.42 34.05 27.87 26.82 49.19 34.32; 20.31 18.43 13.93 14.01 16.07 20.41 22.5 25.55 33.55 33.33 24.7 20.22 47.71 34.89; 20.55 16.8 12.9 14.62 17.82 20.44 24.89 26.57 34.13 33.81 26.82 24.61 48.7 34.51; 33.38 27.4 25.54 26.83 31.93 33.44 41.0 41.72 51.93 52.59 39.83 39.56 70.52 55.87; 31.46 27.81 27.12 23.65 27.81 30.43 32.05 35.49 49.13 50.0 36.73 28.9 68.32 53.02; 32.69 27.54 26.07 25.76 30.49 32.38 38.0 39.63 50.99 51.73 38.8 36.0 69.78 54.92; 41.82 36.41 36.88 38.44 41.85 41.9 49.01 50.95 62.82 64.34 48.53 47.15 82.45 67.25; 36.97 33.57 37.45 35.53 33.88 36.4 37.47 41.33 57.52 58.79 41.6 34.72 76.47 64.29; 40.08 35.42 37.07 37.46 39.08 39.97 45.14 47.72 61.04 62.49 46.22 43.0 80.45 66.26; 46.86 42.67 46.34 47.71 47.12 45.97 53.59 57.36 69.72 72.01 54.51 51.41 87.79 76.0; 41.67 37.9 45.85 43.04 38.52 40.33 41.78 46.62 63.72 64.01 45.18 38.04 80.77 71.25; 45.0 41.01 46.18 46.14 44.13 43.99 49.63 53.75 67.71 69.34 51.39 46.95 85.44 74.41; 49.54 47.67 54.12 54.35 51.78 50.23 57.15 61.33 74.72 75.86 58.74 54.89 90.88 81.85; 43.66 41.61 51.75 49.81 42.74 42.12 44.44 49.73 67.64 67.49 47.75 41.27 82.69 76.19; 47.44 45.56 53.33 52.83 48.64 47.38 52.89 57.43 72.35 73.07 55.07 50.34 88.14 79.96; 52.23 51.62 60.68 59.22 55.07 52.74 60.34 64.1 77.8 78.94 62.14 57.67 92.4 85.81; 45.31 44.39 55.72 55.29 45.93 44.39 46.46 53.01 70.37 70.24 51.61 43.77 83.97 79.21; 49.75 49.1 59.01 57.9 51.9 49.81 55.69 60.37 75.31 76.03 58.63 53.02 89.58 83.6; 53.86 53.98 65.6 64.47 57.27 54.68 62.19 66.82 80.28 81.0 64.95 60.17 93.14 87.84; 48.12 47.37 59.78 59.09 48.71 47.14 48.21 55.11 73.2 72.89 54.18 47.09 85.16 80.95; 51.81 51.68 63.64 62.66 54.29 52.03 57.51 62.89 77.91 78.29 61.35 55.8 90.47 85.53; 55.96 56.23 69.87 68.68 59.52 56.94 64.23 68.76 82.31 82.93 66.84 62.2 93.92 89.41; 50.0 50.88 64.11 62.15 51.8 49.88 50.69 57.48 74.84 74.18 56.47 49.68 85.9 82.97; 53.82 54.37 67.93 66.49 56.84 54.46 59.69 64.97 79.8 80.01 63.38 58.02 91.24 87.25; 57.79 59.03 73.48 72.52 62.81 58.81 66.4 70.56 84.28 84.72 68.81 63.59 94.66 90.88; 52.0 53.55 68.82 64.75 54.07 52.63 52.53 60.4 76.66 75.55 58.95 51.43 86.54 84.43; 55.71 57.13 71.91 69.91 59.77 56.64 61.75 67.15 81.73 81.66 65.52 59.53 91.94 88.72]
***** epoch: 9 ***** 
trn_loss: 0.013430502352217013 
tst_loss: 0.013430502351129268 
naive_trn_accuracy: 0 
naive_tst_accuracy: 0  
pck_val_accuracy: 0.5550643149790269  
[0.0 0.0 0.0 0.0 0.0 0.0 0.0 0.0 0.0 0.0 0.0 0.0 0.0 0.0; 0.0 0.0 0.0 0.0 0.0 0.0 0.0 0.0 0.0 0.0 0.0 0.0 0.0 0.0; 0.0 0.0 0.0 0.0 0.0 0.0 0.0 0.0 0.0 0.0 0.0 0.0 0.0 0.0; 6.41 4.61 4.22 4.17 6.8 6.65 8.38 9.28 12.78 11.75 9.52 9.31 16.72 12.53; 7.39 6.59 4.34 4.27 5.66 7.04 8.45 9.4 12.03 10.07 9.0 6.37 18.77 13.0; 6.76 5.3 4.26 4.2 6.41 6.79 8.4 9.32 12.53 11.19 9.35 8.33 17.41 12.69; 20.48 16.36 13.73 14.33 18.49 19.95 27.07 27.18 34.24 33.59 27.05 25.89 48.55 34.41; 20.89 18.85 15.31 13.27 16.37 20.53 22.96 26.55 32.91 33.7 24.43 20.04 48.08 33.61; 20.63 17.23 14.26 13.97 17.75 20.15 25.69 26.97 33.79 33.63 26.17 23.94 48.39 34.14; 34.88 28.45 26.57 26.4 31.54 33.12 41.74 41.99 50.78 51.49 40.71 39.51 70.52 55.0; 31.81 28.53 26.94 25.42 27.91 30.43 33.43 36.95 47.4 49.08 36.09 29.73 66.94 52.01; 33.78 28.47 26.69 26.07 30.28 32.17 38.95 40.3 49.65 50.69 39.17 36.24 69.32 54.0; 43.19 37.45 38.05 38.58 42.07 41.77 49.14 50.44 61.99 63.42 49.54 46.13 81.99 68.17; 36.97 34.4 37.08 35.81 34.4 35.44 39.12 41.42 55.88 56.96 42.79 35.46 75.18 63.19; 40.97 36.39 37.73 37.65 39.41 39.55 45.78 47.41 59.95 61.27 47.29 42.57 79.71 66.5; 47.71 42.83 47.09 48.17 47.5 46.93 53.68 56.44 68.7 71.0 54.6 50.9 87.24 76.6; 40.49 38.52 46.4 43.78 38.62 39.26 42.61 46.17 61.17 62.09 46.74 38.41 79.49 70.97; 45.13 41.33 46.86 46.7 44.42 44.24 49.97 52.99 66.18 68.02 51.98 46.73 84.65 74.72; 51.05 47.78 54.45 54.73 51.4 50.36 58.17 60.22 73.62 74.71 58.6 54.24 90.42 81.62; 42.61 42.02 50.92 50.28 42.95 42.24 45.45 49.27 65.09 65.75 49.86 41.55 81.68 76.19; 48.03 45.77 53.26 53.24 48.46 47.51 53.91 56.54 70.76 71.72 55.68 50.0 87.5 79.8; 53.01 51.13 61.39 60.11 54.53 53.26 61.04 62.67 77.02 77.47 61.91 57.25 91.85 85.4; 44.6 44.28 54.8 55.29 46.34 44.39 47.29 52.65 67.73 68.04 52.43 44.78 83.06 78.75; 50.0 48.75 59.17 58.49 51.68 50.15 56.43 59.3 73.91 74.32 58.75 53.08 88.91 83.17; 55.3 53.49 65.56 65.17 56.88 54.94 62.47 65.48 79.23 79.53 64.21 59.56 93.0 87.66; 46.71 47.58 59.13 59.37 48.82 47.26 49.49 54.2 69.83 70.15 55.37 47.46 84.25 81.32; 52.23 51.43 63.39 63.22 54.08 52.24 58.12 61.69 76.08 76.4 61.26 55.52 90.07 85.53; 56.54 56.07 69.59 69.94 59.96 57.13 65.11 67.24 81.25 81.69 66.33 61.65 93.87 89.13; 49.18 49.95 63.28 62.8 51.7 49.64 51.97 56.93 71.29 71.89 57.76 50.51 84.89 82.97; 53.91 53.94 67.46 67.55 57.09 54.5 60.71 63.78 77.91 78.42 63.47 57.93 90.87 87.07; 58.64 58.81 73.34 73.08 62.42 58.75 66.77 68.94 83.82 83.43 68.35 63.08 94.2 91.2; 51.29 52.52 67.8 65.58 54.48 52.98 53.35 58.67 72.93 72.62 60.33 52.91 85.71 84.34; 56.01 56.63 71.47 70.57 59.66 56.72 62.28 65.49 80.17 79.82 65.68 59.69 91.36 88.91]
***** epoch: 10 ***** 
trn_loss: 0.013312584346412195 
tst_loss: 0.013312584350573151 
naive_trn_accuracy: 0 
naive_tst_accuracy: 0  
pck_val_accuracy: 0.5601432420424197  
[0.0 0.0 0.0 0.0 0.0 0.0 0.0 0.0 0.0 0.0 0.0 0.0 0.0 0.0; 0.0 0.0 0.0 0.0 0.0 0.0 0.0 0.0 0.0 0.0 0.0 0.0 0.0 0.0; 0.0 0.0 0.0 0.0 0.0 0.0 0.0 0.0 0.0 0.0 0.0 0.0 0.0 0.0; 5.69 5.6 3.94 4.17 6.47 7.3 9.35 9.51 13.28 11.38 9.2 9.87 17.78 12.57; 6.92 6.18 4.24 3.99 5.77 6.32 9.46 9.58 11.67 11.9 10.56 6.19 17.31 11.81; 6.13 5.8 4.04 4.11 6.23 6.95 9.38 9.53 12.74 11.56 9.65 8.64 17.62 12.32; 18.91 17.19 12.84 15.31 18.16 20.72 27.76 29.07 35.39 34.88 27.69 28.11 48.55 35.38; 20.19 18.23 15.31 14.38 17.4 18.97 22.31 26.73 33.64 34.8 26.35 19.85 47.71 35.07; 19.37 17.55 13.67 15.0 17.9 20.11 25.94 28.29 34.8 34.85 27.24 25.35 48.27 35.27; 33.38 29.05 25.96 27.53 31.05 32.47 42.53 42.87 52.85 52.55 41.49 41.13 71.26 55.37; 30.05 28.32 26.75 25.14 28.22 31.15 31.77 37.32 47.22 50.46 37.74 29.27 66.94 52.56; 32.18 28.8 26.23 26.73 30.06 32.01 38.92 41.01 50.96 51.85 40.24 37.17 69.81 54.43; 41.36 37.4 38.05 39.61 40.43 41.58 50.12 51.92 63.51 64.85 49.54 47.61 82.45 68.4; 35.8 34.29 37.73 36.27 34.5 36.99 37.83 41.88 56.88 58.42 43.99 35.18 75.37 64.19; 39.37 36.32 37.94 38.49 38.37 39.97 46.0 48.54 61.29 62.7 47.69 43.46 80.08 66.99; 46.86 42.39 47.47 50.47 45.47 46.8 55.21 57.54 70.4 72.14 55.06 52.15 87.89 76.37; 39.55 38.93 46.03 44.53 37.8 40.33 41.32 46.72 62.08 63.19 47.75 38.69 79.85 72.25; 44.24 41.19 46.99 48.48 42.81 44.53 50.55 53.91 67.61 69.15 52.62 47.66 85.2 74.99; 49.8 47.72 54.97 56.27 49.59 50.16 58.4 61.1 75.14 75.86 59.43 55.67 90.97 81.9; 42.72 41.3 50.28 49.72 41.3 43.08 44.44 49.27 66.55 66.67 51.06 42.29 82.14 76.37; 47.27 45.49 53.39 54.08 46.71 47.67 53.72 57.13 72.26 72.79 56.63 51.2 88.02 80.05; 52.23 51.07 61.81 61.42 53.21 53.0 61.13 63.96 78.86 78.66 62.88 58.55 92.4 85.67; 44.72 43.98 54.24 54.45 44.39 45.7 46.28 52.46 69.19 69.87 53.72 45.06 83.7 79.03; 49.54 48.6 59.26 59.09 50.14 50.44 56.15 60.1 75.62 75.73 59.82 54.04 89.49 83.45; 54.25 54.15 66.21 66.34 55.4 54.94 62.7 66.5 80.74 80.91 65.5 60.54 93.74 87.24; 46.6 46.24 58.3 58.91 47.48 47.85 48.12 54.47 71.38 71.7 55.65 47.83 84.8 80.49; 51.51 51.4 63.55 63.85 52.65 52.45 57.82 62.46 77.6 77.84 62.21 56.29 90.74 84.98; 55.76 56.51 70.34 69.76 57.65 56.75 65.06 68.62 82.9 82.7 67.11 62.81 94.43 88.99; 48.47 49.02 62.27 62.52 49.85 50.24 50.6 56.93 73.11 73.35 57.58 50.14 85.71 82.42; 53.15 53.9 67.62 67.33 54.94 54.46 60.22 64.7 79.62 79.58 63.93 58.57 91.51 86.79; 58.12 59.64 73.66 74.11 60.94 58.68 66.68 70.6 84.74 84.26 69.5 64.38 94.75 90.79; 51.41 51.8 66.79 65.4 51.8 52.74 52.53 59.12 74.75 74.36 60.15 52.45 86.54 84.25; 55.71 56.91 71.35 71.19 57.77 56.6 61.94 66.75 81.39 80.95 66.38 60.39 92.0 88.6]
***** epoch: 11 ***** 
trn_loss: 0.013242273067220216 
tst_loss: 0.013242273067814902 
naive_trn_accuracy: 0 
naive_tst_accuracy: 0  
pck_val_accuracy: 0.563323802639977  
[0.0 0.0 0.0 0.0 0.0 0.0 0.0 0.0 0.0 0.0 0.0 0.0 0.0 0.0; 0.0 0.0 0.0 0.0 0.0 0.0 0.0 0.0 0.0 0.0 0.0 0.0 0.0 0.0; 0.0 0.0 0.0 0.0 0.0 0.0 0.0 0.0 0.0 0.0 0.0 0.0 0.0 0.0; 7.0 4.89 4.5 4.21 6.86 7.23 9.25 9.0 12.91 10.74 9.25 9.5 16.31 12.71; 8.22 7.21 4.15 4.27 5.15 7.04 9.0 10.04 10.85 11.81 8.54 6.65 18.32 11.08; 7.44 5.69 4.38 4.23 6.26 7.16 9.17 9.35 12.22 11.1 9.01 8.54 16.98 12.17; 20.09 16.91 14.34 14.93 19.47 21.24 28.32 28.66 34.83 34.69 27.6 27.42 50.21 36.76; 21.01 18.43 13.38 13.27 17.4 20.17 22.59 25.46 31.27 35.26 23.88 21.14 48.99 31.23; 20.42 17.44 14.01 14.37 18.75 20.86 26.4 27.58 33.64 34.88 26.36 25.32 49.8 34.91; 33.64 29.87 26.1 27.81 32.75 33.63 43.17 43.29 51.88 52.96 40.57 40.94 72.18 57.39; 30.87 28.42 26.29 25.97 27.91 29.95 31.96 35.77 46.67 49.82 35.9 30.19 67.67 48.9; 32.65 29.37 26.17 27.19 31.07 32.34 39.42 40.76 50.14 51.91 39.01 37.35 70.67 54.55; 42.08 39.65 38.66 39.89 41.8 42.22 51.41 51.64 63.83 65.53 50.14 48.45 83.33 69.42; 35.8 33.26 38.65 36.27 34.19 36.52 37.65 41.61 56.15 58.61 41.87 35.92 75.09 63.1; 39.83 37.43 38.66 38.67 39.16 40.22 46.8 48.27 61.26 63.22 47.38 44.26 80.57 67.3; 47.05 44.92 48.08 49.58 48.55 46.61 55.99 57.96 70.4 72.97 55.43 52.66 88.58 78.17; 39.67 37.38 45.76 44.71 39.03 41.29 41.51 47.08 62.17 64.19 45.91 39.89 79.12 69.41; 44.41 42.3 47.3 47.95 45.24 44.74 51.14 54.31 67.64 70.04 52.25 48.4 85.41 75.24; 50.26 49.37 55.67 56.37 52.61 50.16 59.23 61.79 75.0 76.96 59.94 57.11 90.93 82.91; 42.61 40.37 52.21 50.19 43.36 42.84 43.99 50.27 65.91 67.03 49.22 43.12 81.5 73.63; 47.52 46.24 54.51 54.29 49.39 47.59 54.12 57.92 71.95 73.65 56.36 52.44 87.77 79.8; 51.96 52.66 61.95 61.24 55.62 52.74 62.24 64.93 78.31 79.53 63.66 59.61 92.45 86.37; 44.72 43.25 57.01 54.73 45.93 44.87 46.1 52.92 69.01 69.41 52.53 45.52 83.15 76.83; 49.37 49.39 60.29 59.05 52.25 49.98 56.83 60.89 75.19 76.15 59.94 54.9 89.33 83.17; 54.65 55.52 66.78 66.1 57.71 54.94 64.09 67.24 80.79 82.19 66.7 62.07 93.09 88.39; 46.36 44.9 60.42 59.65 48.3 47.26 47.93 55.93 71.56 71.79 55.28 48.2 83.97 79.3; 51.68 51.83 64.64 63.94 54.44 52.24 58.68 63.44 77.7 78.72 62.89 57.43 90.04 85.35; 56.28 57.83 71.13 69.8 60.18 57.07 66.4 68.9 82.77 84.03 68.81 64.06 93.87 90.33; 48.36 47.17 64.11 63.27 51.7 49.4 50.14 57.85 73.75 73.26 57.85 49.86 84.89 80.4; 53.45 54.12 68.77 67.61 57.23 54.38 60.95 65.19 79.74 80.43 65.15 59.32 90.87 87.01; 58.18 60.24 74.18 73.22 63.3 58.81 67.75 70.56 84.56 85.64 70.93 65.45 94.38 91.71; 50.47 49.64 67.44 66.14 53.86 52.27 51.7 59.67 75.48 74.82 59.78 52.17 85.99 82.05; 55.42 56.55 71.91 70.85 60.02 56.51 62.37 66.9 81.52 82.02 67.21 61.01 91.57 88.48]
***** epoch: 12 ***** 
trn_loss: 0.013166337903080633 
tst_loss: 0.013166337902457645 
naive_trn_accuracy: 0 
naive_tst_accuracy: 0  
pck_val_accuracy: 0.5676636542460484  
[0.0 0.0 0.0 0.0 0.0 0.0 0.0 0.0 0.0 0.0 0.0 0.0 0.0 0.0; 0.0 0.0 0.0 0.0 0.0 0.0 0.0 0.0 0.0 0.0 0.0 0.0 0.0 0.0; 0.0 0.0 0.0 0.0 0.0 0.0 0.0 0.0 0.0 0.0 0.0 0.0 0.0 0.0; 6.09 5.49 4.03 4.87 7.08 6.58 9.49 9.37 13.33 12.02 9.61 10.28 16.67 12.07; 7.86 6.9 4.24 3.71 4.94 7.04 10.38 9.03 11.12 11.63 9.92 7.2 16.85 11.45; 6.72 5.98 4.1 4.48 6.34 6.74 9.78 9.26 12.59 11.89 9.71 9.25 16.73 11.86; 19.7 17.85 14.76 15.31 19.8 21.43 28.74 29.26 36.53 35.11 28.52 27.74 48.55 35.19; 21.01 19.26 15.04 13.91 16.58 20.41 23.14 26.55 32.0 34.8 24.7 20.87 49.36 32.42; 20.17 18.34 14.85 14.84 18.68 21.07 26.86 28.35 35.01 35.0 27.24 25.45 48.82 34.26; 33.44 30.92 27.79 28.09 33.46 33.96 43.45 44.02 52.16 53.05 41.95 41.92 71.35 57.12; 31.69 29.15 28.78 25.14 27.91 29.95 33.15 38.05 47.49 49.82 37.1 29.73 68.5 51.37; 32.82 30.3 28.12 27.1 31.53 32.55 40.0 42.02 50.6 51.97 40.33 37.85 70.4 55.19; 42.08 39.87 40.07 40.31 42.95 41.58 51.32 52.65 63.47 65.99 50.64 48.4 83.19 69.83; 36.27 34.09 38.38 36.27 34.29 35.92 38.38 43.43 56.7 58.24 43.71 35.36 76.56 63.0; 40.0 37.86 39.5 38.95 39.94 39.59 46.98 49.56 61.2 63.41 48.33 44.05 80.97 67.55; 46.66 45.74 49.53 50.84 48.66 46.68 56.09 58.42 70.27 73.2 56.3 52.66 88.67 78.07; 40.02 38.11 46.68 45.08 38.72 40.33 42.7 47.99 62.72 64.01 46.83 38.5 80.4 70.24; 44.29 43.09 48.57 48.91 45.2 44.45 51.6 54.92 67.74 70.13 53.14 47.93 85.9 75.45; 50.26 49.64 56.79 56.65 52.28 50.94 59.05 62.07 75.41 76.78 60.3 56.51 91.34 82.82; 42.37 40.99 52.86 50.74 42.64 42.12 44.81 51.09 66.55 67.4 50.32 41.74 82.33 76.28; 47.44 46.63 55.47 54.67 48.93 47.84 54.28 58.38 72.44 73.65 56.97 51.57 88.32 80.63; 53.14 53.1 63.03 61.66 55.24 53.71 62.01 64.61 78.54 79.39 63.52 59.1 92.81 87.01; 44.72 44.18 57.47 55.84 45.11 44.27 46.56 53.65 69.19 70.24 54.36 44.6 83.7 78.21; 50.13 50.0 61.16 59.71 51.72 50.4 56.83 60.93 75.4 76.34 60.47 54.26 89.76 84.06; 55.24 56.01 67.71 66.48 57.49 55.84 63.72 67.42 81.02 82.24 66.1 61.46 93.78 88.76; 46.48 46.65 60.98 60.58 48.92 47.26 48.76 56.02 72.01 72.53 56.47 47.92 84.71 79.95; 52.1 52.76 65.44 64.5 54.51 52.83 58.71 63.59 78.0 79.0 62.89 56.94 90.74 85.81; 57.53 58.7 71.74 70.41 59.9 57.97 65.8 69.17 82.9 84.08 68.54 63.69 94.38 90.7; 48.24 49.64 65.04 63.17 52.11 49.05 51.06 58.3 73.75 73.35 59.14 49.77 85.62 81.5; 54.2 55.55 69.48 67.98 57.19 54.84 60.86 65.52 79.84 80.5 65.4 59.04 91.45 87.62; 59.55 61.61 74.93 74.16 62.81 59.78 67.52 70.42 84.74 85.36 70.7 65.26 94.98 91.75; 50.7 52.63 69.0 66.88 54.38 52.03 53.26 60.4 75.84 74.54 61.62 52.26 86.63 83.24; 56.39 58.49 72.93 71.72 59.88 57.06 62.74 67.05 81.76 81.75 67.67 60.92 92.19 88.91]
***** epoch: 13 ***** 
trn_loss: 0.013194173342276745 
tst_loss: 0.013194173339531788 
naive_trn_accuracy: 0 
naive_tst_accuracy: 0  
pck_val_accuracy: 0.5695708494977457  
[0.0 0.0 0.0 0.0 0.0 0.0 0.0 0.0 0.0 0.0 0.0 0.0 0.0 0.0; 0.0 0.0 0.0 0.0 0.0 0.0 0.0 0.0 0.0 0.0 0.0 0.0 0.0 0.0; 0.0 0.0 0.0 0.0 0.0 0.0 0.0 0.0 0.0 0.0 0.0 0.0 0.0 0.0; 7.4 5.27 4.08 4.35 7.84 7.81 9.72 9.46 12.45 11.89 10.07 10.47 17.6 13.27; 7.28 6.9 4.06 3.62 4.84 7.04 8.63 10.31 11.12 12.45 9.92 7.39 18.5 12.27; 7.35 5.84 4.07 4.11 6.8 7.54 9.35 9.75 12.01 12.08 10.02 9.44 17.9 12.93; 21.73 17.46 14.2 15.07 20.52 21.24 28.55 30.09 34.93 34.69 28.52 28.11 49.38 35.93; 21.24 18.64 13.38 14.75 17.51 21.48 23.23 29.01 34.09 35.71 24.89 20.68 48.26 34.89; 21.55 17.87 13.92 14.97 19.47 21.32 26.77 29.73 34.65 35.04 27.31 25.63 49.0 35.58; 35.21 30.42 27.55 28.98 33.24 34.99 44.15 45.22 51.84 54.02 42.78 42.38 71.03 57.76; 31.57 28.63 25.92 25.6 28.12 31.26 31.86 38.59 48.68 51.1 37.47 30.56 68.04 52.38; 33.91 29.8 27.0 27.85 31.46 33.68 40.03 43.0 50.78 53.04 41.01 38.43 70.03 55.96; 43.59 39.54 39.64 40.92 43.06 42.93 51.46 53.95 63.92 65.72 51.66 48.87 82.87 70.34; 37.32 33.68 37.73 37.57 35.22 35.92 37.92 43.61 58.16 59.52 44.17 37.12 76.1 65.02; 41.34 37.5 39.0 39.79 40.34 40.47 46.92 50.48 61.99 63.65 49.16 44.94 80.6 68.56; 47.58 44.76 48.78 50.94 48.49 47.13 55.9 59.62 70.63 72.92 57.13 53.68 87.93 78.81; 41.78 38.62 45.66 46.29 39.34 39.14 41.14 48.36 63.63 64.38 47.93 39.43 79.58 71.61; 45.5 42.62 47.73 49.38 45.31 44.32 50.95 55.84 68.29 70.07 54.06 48.92 85.14 76.4; 50.52 49.42 55.44 57.77 52.5 51.39 59.14 62.67 75.09 76.82 61.18 56.97 90.56 83.51; 43.9 41.19 52.68 51.58 43.46 42.72 44.08 52.28 67.55 67.67 51.24 43.21 81.87 76.01; 48.15 46.56 54.51 55.69 49.36 48.35 54.09 59.18 72.56 73.77 57.86 52.38 87.65 81.0; 52.95 52.5 61.25 62.59 55.57 53.71 62.05 65.25 78.17 79.62 64.81 59.66 92.08 86.87; 46.36 44.08 56.83 56.4 45.93 45.23 46.19 54.65 70.65 70.42 54.27 46.63 82.97 77.66; 50.59 49.57 59.76 60.52 52.22 50.73 56.74 61.69 75.65 76.55 61.29 55.31 89.03 83.79; 55.5 55.08 66.45 67.13 58.42 55.52 63.95 67.56 80.15 81.46 67.34 61.97 93.23 88.62; 47.3 46.76 61.25 60.58 49.64 47.49 48.21 56.75 72.56 72.16 56.84 49.22 83.79 79.85; 52.56 52.18 64.7 64.93 55.37 52.7 58.68 63.93 77.6 78.36 63.84 57.71 90.07 85.69; 57.07 57.55 70.9 70.83 60.39 57.84 65.9 69.59 82.22 83.2 69.41 63.69 94.06 90.28; 48.94 50.05 65.77 63.45 52.52 49.88 50.51 58.49 74.57 73.63 58.86 51.8 84.62 81.59; 54.16 54.94 69.17 68.36 57.66 55.05 60.74 65.86 79.65 80.01 65.89 59.72 90.9 87.37; 59.03 60.41 74.88 73.88 63.3 59.52 67.61 71.53 84.15 84.76 71.44 65.4 94.56 91.89; 51.53 52.94 69.19 67.07 54.38 52.27 51.88 60.95 76.12 74.91 61.52 53.65 85.53 83.24; 56.34 57.81 72.96 71.59 60.2 56.98 62.34 67.97 81.45 81.47 68.13 61.47 91.54 89.0]
***** epoch: 14 ***** 
trn_loss: 0.013525986680785062 
tst_loss: 0.01352598667892161 
naive_trn_accuracy: 0 
naive_tst_accuracy: 0  
pck_val_accuracy: 0.5604547726615958  
[0.0 0.0 0.0 0.0 0.0 0.0 0.0 0.0 0.0 0.0 0.0 0.0 0.0 0.0; 0.0 0.0 0.0 0.0 0.0 0.0 0.0 0.0 0.0 0.0 0.0 0.0 0.0 0.0; 0.0 0.0 0.0 0.0 0.0 0.0 0.0 0.0 0.0 0.0 0.0 0.0 0.0 0.0; 6.54 4.67 3.66 4.45 6.2 6.52 9.25 9.74 12.5 12.25 10.12 9.96 16.81 12.81; 5.87 6.39 3.69 3.71 5.05 5.49 8.63 9.03 11.76 12.82 10.93 7.29 19.05 13.37; 6.3 5.27 3.67 4.2 5.8 6.16 9.05 9.5 12.25 12.44 10.39 9.07 17.56 12.99; 20.03 16.53 14.29 14.79 18.27 20.72 28.37 27.83 33.96 33.64 27.69 28.86 48.27 35.74; 21.24 18.54 13.93 13.27 17.82 18.62 24.52 26.64 32.82 34.07 27.0 21.33 49.82 36.54; 20.46 17.23 14.17 14.28 18.11 19.98 27.08 27.43 33.58 33.78 27.46 26.34 48.79 36.01; 33.84 28.39 27.6 27.53 30.88 33.57 42.34 43.01 52.02 52.32 41.35 41.82 70.84 54.81; 32.28 27.7 29.24 25.32 28.32 30.07 34.07 37.04 45.58 49.18 38.38 30.01 66.3 53.66; 33.28 28.15 28.15 26.79 29.99 32.34 39.57 41.01 49.86 51.27 40.36 37.88 69.32 54.43; 42.67 37.84 38.14 39.28 40.37 42.41 51.32 51.55 61.81 64.25 48.9 48.59 81.44 68.45; 38.5 34.29 38.38 35.71 35.22 35.92 40.68 42.15 55.15 58.52 44.08 35.92 75.27 66.39; 41.18 36.6 38.22 38.08 38.58 40.13 47.75 48.39 59.58 62.34 47.29 44.36 79.37 67.76; 46.27 43.27 46.81 49.2 46.35 47.32 56.32 56.85 67.78 71.32 54.51 53.64 87.06 76.42; 41.55 39.24 46.13 43.97 39.13 39.5 43.62 46.53 60.16 63.74 47.57 39.43 79.85 73.17; 44.58 41.87 46.58 47.45 43.84 44.57 52.06 53.39 65.23 68.79 52.19 48.89 84.65 75.33; 50.26 47.06 54.59 56.37 49.64 51.71 59.56 60.22 72.56 75.22 58.46 57.02 89.87 81.71; 43.19 42.53 51.48 51.11 42.84 42.12 46.28 50.0 64.18 66.58 50.78 42.38 82.05 78.21; 47.73 45.49 53.54 54.6 47.28 48.35 55.11 56.79 69.75 72.33 55.9 52.13 87.25 80.54; 52.49 49.53 60.97 61.47 52.06 53.97 62.24 62.76 75.97 78.02 62.24 60.35 91.34 85.54; 44.95 44.9 55.35 55.57 45.93 44.39 47.75 52.83 66.91 68.96 53.54 45.61 82.97 80.77; 49.79 47.92 59.07 59.49 49.93 50.61 57.38 59.42 72.93 74.99 59.33 55.43 88.54 83.94; 54.97 52.06 65.28 66.67 54.8 55.65 63.86 65.3 78.08 80.36 64.35 62.34 92.81 88.07; 46.83 47.27 60.98 60.2 48.82 47.02 49.95 54.74 68.73 71.15 56.2 48.11 84.25 82.33; 52.06 50.39 63.83 64.5 52.72 52.62 59.2 61.75 74.95 77.29 61.63 57.59 89.95 86.15; 57.0 55.02 70.06 70.41 57.32 57.91 65.53 66.96 79.96 82.47 65.82 64.01 93.87 89.77; 48.47 50.05 64.85 63.45 52.32 49.05 51.79 57.12 70.65 72.53 58.68 50.78 85.16 83.61; 53.95 53.3 68.3 68.08 55.58 54.8 60.92 63.65 76.84 79.15 63.44 59.59 90.96 87.71; 59.16 57.17 73.15 73.92 60.18 60.04 67.24 68.53 82.03 83.98 67.89 65.59 94.52 91.29; 50.94 52.83 67.8 66.7 54.07 52.39 54.36 59.49 72.47 73.81 60.88 52.72 86.17 85.44; 56.22 55.66 71.35 71.5 58.05 57.35 62.92 65.49 78.83 80.59 65.55 61.29 91.73 89.33]
***** epoch: 15 ***** 
trn_loss: 0.013330492881629609 
tst_loss: 0.01333049288061007 
naive_trn_accuracy: 0 
naive_tst_accuracy: 0  
pck_val_accuracy: 0.570424797221934  
[0.0 0.0 0.0 0.0 0.0 0.0 0.0 0.0 0.0 0.0 0.0 0.0 0.0 0.0; 0.0 0.0 0.0 0.0 0.0 0.0 0.0 0.0 0.0 0.0 0.0 0.0 0.0 0.0; 0.0 0.0 0.0 0.0 0.0 0.0 0.0 0.0 0.0 0.0 0.0 0.0 0.0 0.0; 7.46 5.49 4.31 4.31 7.62 7.68 10.13 10.24 13.05 11.61 10.4 10.75 17.09 12.9; 7.51 5.87 4.52 3.53 5.25 6.21 10.01 9.31 11.49 11.54 10.93 6.83 18.86 11.26; 7.48 5.62 4.38 4.04 6.8 7.16 10.09 9.93 12.53 11.59 10.57 9.44 17.68 12.35; 20.88 17.63 15.32 15.31 18.92 20.92 28.14 28.98 35.75 34.01 29.02 28.21 48.6 35.84; 20.42 16.99 15.5 13.45 18.13 19.81 23.78 28.56 33.27 34.43 26.17 20.87 49.18 35.81; 20.71 17.41 15.38 14.69 18.65 20.53 26.68 28.84 34.92 34.15 28.07 25.76 48.79 35.83; 35.08 29.98 28.82 28.42 31.76 33.12 43.82 44.12 52.21 53.24 42.23 42.24 70.06 56.29; 30.87 26.98 29.15 25.14 29.45 30.19 34.07 38.32 46.76 50.0 38.93 31.3 68.22 52.84; 33.57 28.94 28.93 27.32 30.96 32.09 40.55 42.17 50.38 52.16 41.13 38.59 69.45 55.13; 43.06 39.04 41.33 41.76 41.52 42.16 51.78 53.39 62.5 64.75 51.2 49.65 81.99 69.6; 36.03 32.65 39.48 36.18 36.35 36.28 39.67 44.34 56.06 58.61 45.0 36.47 75.37 66.12; 40.55 36.82 40.71 39.89 39.73 40.09 47.72 50.35 60.34 62.7 49.13 45.25 79.77 68.43; 47.71 44.48 50.33 50.51 47.56 47.71 56.5 58.47 69.67 72.33 57.13 54.47 87.29 77.71; 40.02 37.38 46.86 45.36 40.06 40.33 43.07 49.09 62.17 63.55 48.3 39.61 80.59 73.35; 44.96 42.01 49.16 48.79 44.95 45.12 52.0 55.32 67.16 69.4 54.18 49.51 85.04 76.25; 51.11 49.53 57.4 56.6 51.67 51.71 59.93 62.21 74.26 75.63 60.86 57.71 90.23 82.63; 42.72 41.3 53.23 51.58 43.15 43.56 45.45 51.64 65.45 67.03 51.79 43.12 82.33 78.11; 48.11 46.67 56.0 54.92 48.71 48.85 55.08 58.66 71.31 72.76 57.83 52.84 87.59 81.12; 53.8 52.66 63.4 62.41 54.91 54.55 62.75 64.56 77.39 78.38 64.49 60.21 91.8 86.04; 45.77 44.39 58.3 56.22 46.24 45.82 47.2 55.02 68.37 69.51 55.28 46.26 83.24 80.4; 50.92 49.79 61.68 60.33 51.9 51.49 57.54 61.35 74.37 75.42 61.42 55.55 88.94 84.16; 56.02 55.08 67.57 67.32 57.38 56.04 64.28 67.37 79.41 80.54 66.38 62.02 92.91 88.48; 47.77 47.17 62.18 60.85 49.02 47.73 49.13 56.3 70.28 71.06 57.94 49.4 84.34 82.42; 53.07 52.33 65.76 65.15 54.47 53.12 59.2 63.65 76.35 77.38 63.56 57.8 90.04 86.45; 57.33 57.61 71.88 71.21 59.74 58.23 66.4 69.22 81.48 82.42 68.4 63.59 93.87 89.91; 49.06 49.33 66.24 64.29 52.42 50.36 51.88 58.58 72.2 72.53 60.06 51.8 85.44 83.7; 54.37 54.73 69.98 68.89 57.19 55.47 61.54 65.65 78.37 79.12 65.61 59.65 91.05 87.83; 59.23 60.19 74.98 74.3 62.1 59.85 68.07 70.93 83.41 83.75 70.38 65.03 94.15 91.16; 51.06 51.7 69.93 68.09 54.79 53.46 53.81 61.5 73.66 73.81 62.35 53.19 86.17 84.98; 56.3 57.23 73.28 72.22 59.56 57.6 63.29 67.76 80.14 80.43 67.7 61.07 91.48 89.09]
***** epoch: 16 ***** 
trn_loss: 0.012988704545583533 
tst_loss: 0.012988704541844429 
naive_trn_accuracy: 0 
naive_tst_accuracy: 0  
pck_val_accuracy: 0.5748541487956657  
[0.0 0.0 0.0 0.0 0.0 0.0 0.0 0.0 0.0 0.0 0.0 0.0 0.0 0.0; 0.0 0.0 0.0 0.0 0.0 0.0 0.0 0.0 0.0 0.0 0.0 0.0 0.0 0.0; 0.0 0.0 0.0 0.0 0.0 0.0 0.0 0.0 0.0 0.0 0.0 0.0 0.0 0.0; 7.2 5.93 3.94 4.63 7.46 7.17 10.41 10.06 13.65 12.67 10.76 10.47 18.1 13.5; 7.63 7.11 4.7 3.62 5.97 7.64 9.92 10.58 13.04 13.28 10.1 7.29 17.86 13.0; 7.35 6.34 4.2 4.29 6.94 7.33 10.25 10.24 13.44 12.87 10.54 9.41 18.02 13.33; 22.97 18.78 14.81 15.26 20.57 21.69 29.85 31.47 36.86 37.49 28.33 29.18 51.45 37.77; 21.83 18.95 15.41 14.84 18.33 21.36 23.69 27.92 35.37 36.72 26.63 20.68 48.53 36.26; 22.56 18.84 15.01 15.12 19.79 21.58 27.78 30.28 36.36 37.24 27.77 26.34 50.48 37.27; 35.73 31.3 27.98 29.49 32.97 35.57 43.91 45.96 54.14 54.98 42.82 41.78 73.24 58.68; 33.57 29.97 27.31 26.53 30.07 30.67 33.06 38.78 50.05 52.47 38.2 30.66 67.12 53.66; 34.96 30.84 27.75 28.5 31.96 33.85 40.28 43.55 52.77 54.14 41.28 38.06 71.19 57.0; 43.52 39.32 40.25 41.71 43.23 43.45 52.29 55.05 65.44 66.77 52.21 48.82 84.2 71.17; 38.73 35.43 36.9 38.59 36.35 36.99 38.38 43.7 60.07 60.44 44.08 36.38 75.73 65.29; 41.81 37.97 39.12 40.67 40.84 41.18 47.63 51.24 63.64 64.66 49.49 44.66 81.37 69.2; 47.97 45.63 48.83 51.22 48.71 47.97 56.69 60.45 72.33 74.25 58.6 53.64 88.81 78.21; 41.43 39.96 45.94 46.75 39.96 40.1 41.97 48.27 65.18 65.29 47.93 39.52 79.3 71.89; 45.63 43.66 47.86 49.72 45.67 45.2 51.75 56.36 69.94 71.26 55.04 48.92 85.63 76.1; 50.65 50.8 56.23 58.19 52.61 51.32 60.06 63.82 76.65 77.51 62.47 57.39 91.34 83.65; 44.37 42.33 52.12 51.67 43.87 43.2 44.72 51.28 69.37 68.32 51.7 43.12 82.05 76.56; 48.4 47.85 54.85 56.0 49.57 48.47 54.92 59.61 74.21 74.44 58.87 52.62 88.23 81.27; 53.27 54.2 62.51 63.34 55.62 53.91 62.89 66.41 79.87 80.27 65.41 59.8 92.95 87.01; 46.24 45.31 56.46 56.03 46.76 45.58 47.47 54.38 72.11 71.06 54.27 46.45 83.61 78.48; 50.76 51.11 60.47 60.89 52.54 50.98 57.72 62.37 77.27 77.19 61.69 55.34 89.83 84.16; 55.43 57.17 67.57 67.7 58.58 56.04 65.2 68.94 81.57 82.65 68.03 62.16 93.97 89.13; 48.36 47.68 59.87 60.48 50.26 48.21 48.85 56.3 73.75 73.26 56.75 49.31 84.34 80.13; 52.9 53.87 64.98 65.28 55.69 53.29 59.72 64.7 78.95 79.52 64.27 57.87 90.74 86.12; 57.33 59.31 72.16 71.4 61.27 58.17 67.42 71.11 83.41 84.4 69.87 64.29 94.43 90.56; 50.12 50.46 64.58 63.08 52.94 50.24 51.06 58.39 75.39 74.27 59.04 51.99 85.35 81.5; 54.75 56.23 69.61 68.61 58.38 55.38 61.94 66.84 80.72 81.01 66.26 60.18 91.39 87.53; 59.16 61.67 75.54 75.05 63.91 59.91 69.0 73.33 85.48 85.68 72.22 66.42 95.03 91.57; 52.23 53.76 68.63 66.79 55.1 52.63 53.17 60.95 77.03 75.64 61.25 54.48 86.36 82.88; 56.68 58.92 73.21 72.28 60.84 57.35 63.69 69.17 82.65 82.33 68.56 62.43 92.12 88.66]
***** epoch: 17 ***** 
trn_loss: 0.013280615728460796 
tst_loss: 0.013280615730722665 
naive_trn_accuracy: 0 
naive_tst_accuracy: 0  
pck_val_accuracy: 0.5740817969724459  
[0.0 0.0 0.0 0.0 0.0 0.0 0.0 0.0 0.0 0.0 0.0 0.0 0.0 0.0; 0.0 0.0 0.0 0.0 0.0 0.0 0.0 0.0 0.0 0.0 0.0 0.0 0.0 0.0; 0.0 0.0 0.0 0.0 0.0 0.0 0.0 0.0 0.0 0.0 0.0 0.0 0.0 0.0; 7.59 4.89 3.89 4.73 6.75 6.58 9.95 9.88 13.37 12.48 10.35 11.02 17.6 12.3; 7.16 7.21 3.97 3.15 5.46 7.64 8.91 9.12 10.85 12.73 10.47 7.57 17.49 12.0; 7.44 5.69 3.92 4.2 6.3 6.95 9.6 9.62 12.53 12.56 10.39 9.87 17.56 12.2; 21.86 17.74 14.57 14.56 19.58 21.3 29.43 30.04 36.9 35.43 30.27 29.78 50.35 37.26; 21.13 19.77 14.21 14.19 17.3 19.81 24.24 28.28 34.0 35.07 26.81 21.7 50.55 35.71; 21.6 18.45 14.45 14.44 18.79 20.78 27.69 29.45 35.93 35.31 29.11 27.08 50.41 36.75; 35.54 30.42 27.69 27.53 31.93 34.09 44.7 45.64 54.18 53.24 43.42 43.63 72.32 58.08; 30.4 29.97 30.07 26.53 28.84 31.74 32.78 38.87 48.4 50.73 38.75 31.58 69.41 53.66; 33.7 30.27 28.5 27.19 30.85 33.26 40.71 43.37 52.25 52.4 41.86 39.61 71.35 56.6; 43.65 39.37 39.74 39.98 41.25 42.93 52.24 54.27 64.61 65.31 51.06 50.76 82.96 69.78; 36.03 35.94 39.02 36.92 35.84 37.95 39.03 44.34 58.43 59.16 45.55 37.12 76.01 65.48; 40.92 38.18 39.5 38.95 39.37 41.18 47.82 50.93 62.54 63.25 49.22 46.21 80.63 68.34; 47.91 44.81 49.86 50.28 47.39 47.06 57.24 59.9 71.19 73.34 56.67 55.03 87.93 77.61; 39.44 41.09 46.96 45.55 39.24 41.53 41.69 48.91 63.45 64.56 49.68 40.72 79.67 72.71; 44.87 43.52 48.88 48.69 44.56 45.12 52.03 56.21 68.59 70.41 54.34 50.25 85.17 75.97; 50.98 49.59 56.28 56.84 51.18 51.19 60.43 63.04 75.23 77.1 60.9 58.27 90.93 82.4; 41.31 44.39 52.68 52.04 43.87 43.91 44.63 51.82 66.91 67.58 52.89 43.4 82.23 78.39; 47.52 47.78 55.07 55.23 48.64 48.64 55.14 59.27 72.44 73.92 58.23 53.3 88.02 81.06; 53.6 52.33 62.93 62.17 53.98 53.84 63.26 65.25 78.63 79.72 64.08 61.0 92.26 86.78; 43.66 46.65 57.01 55.84 46.76 45.94 46.37 54.65 70.01 70.42 55.28 45.8 83.52 81.04; 50.04 50.36 60.94 60.05 51.47 51.07 57.6 61.69 75.74 76.61 61.14 55.92 89.33 84.86; 56.22 54.91 66.92 67.42 56.83 55.33 64.88 68.07 80.74 81.83 65.82 63.5 93.37 88.58; 46.24 49.85 62.08 59.83 49.64 48.33 48.12 56.84 71.92 72.07 57.76 48.66 84.25 82.51; 52.65 53.15 65.29 64.87 54.33 52.87 59.26 64.3 77.79 78.57 63.13 58.54 90.32 86.55; 58.25 57.55 71.46 70.65 59.52 57.59 67.24 70.0 82.72 83.85 68.12 65.31 93.87 90.65; 47.3 52.83 66.79 63.36 53.04 50.84 49.95 59.49 73.75 73.53 60.06 50.6 85.07 83.61; 54.33 55.91 69.89 68.2 57.27 55.22 61.45 66.47 79.71 80.4 65.43 60.39 90.93 88.29; 60.01 60.13 74.65 74.72 61.82 59.91 68.81 71.76 84.42 84.99 70.24 66.93 94.38 91.57; 50.0 55.72 70.48 66.33 54.99 54.65 52.25 61.68 75.21 75.18 62.17 52.45 85.9 85.16; 56.43 58.6 73.24 71.9 59.45 58.06 63.26 68.37 81.33 81.72 67.55 62.09 91.54 89.43]
***** epoch: 18 ***** 
trn_loss: 0.01315233905775224 
tst_loss: 0.013152339062789942 
naive_trn_accuracy: 0 
naive_tst_accuracy: 0  
pck_val_accuracy: 0.5769461864496893  
[0.0 0.0 0.0 0.0 0.0 0.0 0.0 0.0 0.0 0.0 0.0 0.0 0.0 0.0; 0.0 0.0 0.0 0.0 0.0 0.0 0.0 0.0 0.0 0.0 0.0 0.0 0.0 0.0; 0.0 0.0 0.0 0.0 0.0 0.0 0.0 0.0 0.0 0.0 0.0 0.0 0.0 0.0; 7.66 6.32 4.64 4.07 7.57 8.72 10.6 9.92 13.83 11.7 10.9 10.88 17.5 13.59; 8.1 6.08 4.52 3.9 5.87 5.73 8.63 9.95 11.67 11.72 10.93 7.39 17.4 12.36; 7.82 6.23 4.6 4.01 6.98 7.67 9.94 9.93 13.11 11.71 10.91 9.72 17.47 13.18; 22.38 18.89 15.75 15.26 20.24 22.47 29.75 30.09 36.53 36.35 29.44 29.83 49.52 38.42; 21.48 19.26 15.96 13.54 19.57 20.76 23.14 28.74 33.36 35.44 26.91 21.98 47.34 36.08; 22.06 19.02 15.82 14.69 20.01 21.87 27.54 29.64 35.47 36.04 28.59 27.21 48.79 37.63; 36.39 31.52 30.04 28.23 32.14 34.99 44.7 46.01 53.91 54.29 43.19 43.4 72.5 58.31; 32.63 28.94 29.52 25.88 30.07 29.95 33.52 38.05 48.77 52.38 38.75 31.95 66.21 54.12; 35.04 30.62 29.86 27.44 31.42 33.22 40.95 43.33 52.18 53.65 41.71 39.57 70.4 56.91; 44.5 39.65 42.08 40.64 43.28 43.32 52.43 54.5 64.75 65.99 53.04 50.39 83.23 70.52; 37.68 35.02 40.31 36.83 36.56 36.75 38.66 43.7 58.07 61.36 44.9 37.67 74.27 66.94; 42.06 38.04 41.49 39.36 40.94 41.01 47.82 50.87 62.51 64.45 50.32 46.14 80.23 69.32; 49.15 45.19 51.08 50.56 48.6 48.35 56.96 60.45 71.6 73.47 58.28 55.3 88.76 78.54; 41.9 39.55 47.88 45.45 40.37 39.74 41.78 48.72 62.99 65.02 47.84 40.72 78.3 73.08; 46.55 43.23 50.0 48.85 45.74 45.33 51.88 56.51 68.71 70.65 54.8 50.43 85.26 76.71; 52.16 49.7 57.83 57.35 52.83 51.65 60.76 63.54 75.97 77.15 62.1 58.5 91.02 83.65; 44.13 42.64 53.69 51.3 43.46 43.32 44.72 51.64 66.82 67.86 51.52 43.86 81.23 77.66; 49.29 47.24 56.43 55.32 49.57 48.72 55.38 59.55 72.9 74.04 58.57 53.61 87.74 81.64; 54.45 52.72 63.96 62.36 55.51 54.23 63.49 65.9 79.14 79.94 65.18 61.42 92.58 86.92; 46.24 44.9 58.03 55.94 46.45 45.47 47.11 54.65 69.92 70.97 53.99 47.37 82.23 79.67; 51.51 50.0 61.96 60.21 52.36 51.15 58.0 62.12 76.05 76.95 61.45 56.72 89.12 84.49; 57.07 55.74 68.42 67.23 58.04 56.1 65.39 68.76 81.34 82.06 67.57 63.69 93.51 88.81; 47.54 47.48 63.1 59.74 49.33 47.14 48.94 56.48 71.65 72.8 56.84 49.95 82.97 81.14; 53.66 52.87 66.63 64.72 55.01 52.95 59.88 64.63 78.09 78.97 63.99 59.1 89.98 86.24; 58.44 58.7 72.68 71.21 61.0 58.17 67.38 70.14 83.04 83.75 69.14 65.26 94.2 90.79; 48.94 50.67 66.7 63.27 52.52 49.28 51.42 59.22 73.75 73.99 59.04 52.08 84.16 82.6; 55.04 55.91 70.67 68.54 58.05 55.05 62.03 66.47 79.93 80.5 65.77 60.86 90.84 88.05; 60.21 60.9 76.01 74.16 63.3 60.17 68.9 71.62 84.88 84.95 71.44 66.98 94.56 91.94; 51.29 53.24 70.39 66.33 54.79 52.27 53.44 61.5 75.3 75.64 61.89 53.83 85.07 83.97; 57.02 58.24 74.11 71.53 60.34 57.39 63.72 68.22 81.67 81.84 68.25 62.58 91.39 89.27]
***** epoch: 19 ***** 
trn_loss: 0.013389689045558944 
tst_loss: 0.013389689046860425 
naive_trn_accuracy: 0 
naive_tst_accuracy: 0  
pck_val_accuracy: 0.5729114389181398  
[0.0 0.0 0.0 0.0 0.0 0.0 0.0 0.0 0.0 0.0 0.0 0.0 0.0 0.0; 0.0 0.0 0.0 0.0 0.0 0.0 0.0 0.0 0.0 0.0 0.0 0.0 0.0 0.0; 0.0 0.0 0.0 0.0 0.0 0.0 0.0 0.0 0.0 0.0 0.0 0.0 0.0 0.0; 7.59 5.66 4.73 4.21 6.69 7.81 9.53 10.38 13.1 12.39 10.81 11.12 17.32 12.67; 7.63 7.0 4.34 3.9 6.39 6.8 10.1 10.13 12.22 12.36 12.12 8.59 18.68 14.1; 7.61 6.12 4.6 4.11 6.59 7.46 9.72 10.3 12.8 12.38 11.25 10.27 17.78 13.15; 21.86 19.93 15.93 15.87 19.97 21.05 30.08 30.69 36.86 36.07 29.62 29.87 49.61 36.9; 22.18 19.26 16.05 15.03 18.85 20.41 24.15 28.56 35.19 34.8 28.28 22.71 52.29 36.54; 21.97 19.7 15.97 15.59 19.58 20.82 28.09 29.97 36.3 35.65 29.18 27.48 50.51 36.78; 35.47 32.07 28.96 28.46 33.13 35.25 44.75 44.99 54.0 53.69 43.33 43.21 71.81 57.44; 32.04 30.28 29.43 26.25 28.63 32.34 33.61 38.32 47.22 49.91 39.03 31.86 68.86 54.3; 34.24 31.45 29.12 27.72 31.57 34.23 41.02 42.75 51.73 52.43 41.89 39.42 70.82 56.39; 44.31 40.91 40.02 39.93 42.68 43.58 52.75 53.3 63.65 65.44 51.66 49.51 82.45 68.95; 37.32 36.97 39.94 36.27 36.46 38.42 39.58 43.34 56.34 58.42 44.63 37.3 75.82 66.21; 41.81 39.54 39.99 38.71 40.52 41.77 48.34 49.95 61.2 63.1 49.31 45.43 80.23 68.04; 48.76 47.01 49.44 49.25 47.61 48.29 57.15 58.93 69.9 72.65 57.82 54.84 88.12 76.83; 40.96 41.19 47.6 45.18 40.78 41.17 42.88 49.0 61.99 63.19 48.21 40.54 79.67 73.08; 45.97 44.99 48.82 47.88 45.24 45.79 52.37 55.59 67.25 69.49 54.61 50.06 85.29 75.57; 52.49 51.35 55.95 55.9 51.4 51.58 59.97 62.53 74.31 76.69 61.32 57.57 90.37 82.5; 43.66 43.87 53.51 51.58 44.8 43.56 45.82 52.37 65.91 66.48 52.43 43.86 82.51 77.29; 49.33 48.75 55.13 54.45 49.11 48.76 55.23 59.12 71.49 73.28 58.35 52.99 87.74 80.75; 54.97 54.81 61.86 61.33 54.58 53.84 62.93 65.25 77.57 79.44 65.04 60.58 91.89 85.86; 45.66 46.96 57.93 56.03 47.68 46.18 47.2 54.93 68.73 68.96 54.91 47.55 83.24 79.76; 51.64 52.08 60.53 59.55 52.18 51.15 57.66 61.78 74.61 75.94 61.66 56.23 89.0 83.82; 56.74 57.33 66.49 66.01 56.99 56.1 64.55 68.11 79.73 81.37 67.2 63.18 92.77 88.12; 48.12 49.95 62.18 60.76 50.46 48.81 49.13 57.12 70.83 71.25 57.48 50.42 84.34 82.51; 53.66 54.76 65.04 64.25 54.72 53.54 59.38 64.42 76.75 77.99 63.96 58.91 89.95 86.24; 58.12 59.75 70.81 69.34 59.52 58.68 66.64 69.68 81.34 82.97 68.77 65.31 93.69 89.5; 49.88 52.73 66.14 63.54 53.86 51.31 51.7 59.49 72.56 72.25 59.5 52.91 85.07 83.33; 55.17 57.31 69.24 67.39 57.55 56.1 61.63 66.26 78.4 79.39 65.68 61.17 90.81 87.43; 60.54 62.16 74.27 72.66 62.42 60.17 68.16 71.02 82.95 84.17 70.79 67.25 94.15 90.88; 52.35 55.82 69.93 67.35 55.92 54.3 54.18 61.31 74.29 73.63 61.98 54.94 86.17 85.53; 57.61 59.96 72.81 70.88 60.16 58.11 63.48 67.76 80.05 80.65 67.85 63.14 91.48 89.09]
