***** epoch: 0 ***** 
trn_loss: 0 
tst_loss: 0 
naive_trn_accuracy: 0 
naive_tst_accuracy: 0  
pck_val_accuracy: 0.14895031600025038  
[0.0 0.0 0.0 0.0 0.0 0.0 0.0 0.0 0.0 0.0 0.0 0.0 0.0 0.0; 0.0 0.0 0.0 0.0 0.0 0.0 0.0 0.0 0.0 0.0 0.0 0.0 0.0 0.0; 0.0 0.0 0.0 0.0 0.0 0.0 0.0 0.0 0.0 0.0 0.0 0.0 0.0 0.0; 0.38 0.32 0.42 0.28 0.57 0.67 1.08 0.54 1.34 1.67 0.54 0.47 1.48 1.74; 0.85 0.29 0.52 0.39 0.15 0.34 0.13 0.13 0.51 1.28 0.51 0.39 0.77 2.57; 0.55 0.31 0.45 0.32 0.42 0.55 0.75 0.4 1.05 1.54 0.53 0.44 1.23 2.03; 1.53 0.88 1.73 1.67 1.7 2.95 2.43 1.68 5.63 5.82 1.61 1.82 5.37 6.31; 2.54 1.31 2.08 1.95 1.45 1.18 1.93 2.18 4.09 4.08 1.53 1.03 6.29 7.83; 1.89 1.04 1.85 1.76 1.61 2.31 2.26 1.85 5.1 5.22 1.58 1.55 5.69 6.83; 3.34 1.61 3.88 5.27 4.36 4.76 5.34 3.96 10.65 10.58 4.23 4.1 12.01 13.22; 4.74 2.91 4.16 4.16 2.91 3.37 3.87 4.48 8.7 8.55 3.32 2.71 11.42 15.79; 3.84 2.07 3.98 4.89 3.84 4.26 4.83 4.14 9.98 9.88 3.92 3.63 11.81 14.1; 5.73 2.98 6.8 8.61 6.38 8.28 8.58 6.1 16.88 17.34 6.78 7.27 19.33 22.35; 7.78 4.66 5.32 6.76 4.94 6.41 6.06 7.55 12.28 13.27 5.11 5.15 18.74 25.16; 6.47 3.58 6.28 7.96 5.87 7.6 7.71 6.6 15.3 15.94 6.2 6.54 19.13 23.31; 8.78 5.47 10.82 12.98 8.32 12.18 10.95 9.39 22.44 25.37 10.07 9.89 28.46 28.66; 11.51 5.97 8.18 10.14 6.69 9.95 8.63 9.73 18.54 20.79 7.54 7.73 27.98 33.25; 9.76 5.65 9.9 11.99 7.74 11.37 10.15 9.51 21.1 23.79 9.19 9.15 28.29 30.23; 11.93 7.24 13.52 17.77 11.31 16.08 14.53 11.87 27.73 32.26 13.62 13.32 37.79 35.57; 13.2 7.28 11.69 13.13 9.16 12.65 10.82 12.93 23.79 26.28 10.22 9.79 36.33 40.05; 12.39 7.25 12.88 16.15 10.54 14.84 13.25 12.24 26.37 30.2 12.45 12.11 37.29 37.11; 15.84 9.33 17.13 22.21 14.38 20.46 17.57 14.69 31.95 38.42 16.98 16.08 46.31 41.14; 15.23 9.17 15.32 15.99 11.48 15.51 12.76 16.26 27.75 29.85 13.15 13.14 44.93 45.57; 15.62 9.27 16.5 20.05 13.34 18.67 15.91 15.23 30.51 35.47 15.66 15.08 45.84 42.66; 19.08 12.07 20.94 26.65 18.34 24.93 20.68 18.04 36.91 44.38 19.8 20.32 53.42 46.78; 17.09 11.35 18.83 19.12 14.24 18.21 15.72 19.97 31.97 33.93 16.6 16.88 50.45 49.42; 18.36 11.81 20.21 24.03 16.87 22.51 18.97 18.71 35.21 40.78 18.7 19.14 52.4 47.69; 21.66 15.61 24.76 31.3 22.62 27.88 23.31 20.66 40.05 49.53 23.09 22.88 59.26 51.48; 19.29 14.56 22.73 23.41 17.15 20.24 17.91 24.2 35.68 37.24 19.16 20.36 55.58 53.02; 20.81 15.23 24.05 28.55 20.66 25.12 21.45 21.88 38.55 45.3 21.73 22.02 58.0 52.01; 23.38 18.99 28.22 36.09 25.36 29.69 26.35 24.61 44.74 54.69 25.91 26.04 64.83 54.83; 20.81 17.61 26.36 28.35 20.2 22.6 19.85 27.14 39.0 40.56 22.35 22.29 59.56 55.97; 22.45 18.5 27.58 33.39 23.52 27.13 24.11 25.48 42.77 49.82 24.68 24.76 63.02 55.22]
***** epoch: 1 ***** 
trn_loss: 0 
tst_loss: 0 
naive_trn_accuracy: 0 
naive_tst_accuracy: 0  
pck_val_accuracy: 0.2111315936217379  
[0.0 0.0 0.0 0.0 0.0 0.0 0.0 0.0 0.0 0.0 0.0 0.0 0.0 0.0; 0.0 0.0 0.0 0.0 0.0 0.0 0.0 0.0 0.0 0.0 0.0 0.0 0.0 0.0; 0.0 0.0 0.0 0.0 0.0 0.0 0.0 0.0 0.0 0.0 0.0 0.0 0.0 0.0; 0.38 0.48 0.83 0.97 1.45 0.48 1.01 0.74 2.95 2.41 0.74 1.14 2.08 2.01; 1.02 0.73 0.91 0.78 1.02 0.51 0.64 1.15 1.41 2.17 1.15 0.9 2.18 2.18; 0.61 0.57 0.86 0.9 1.3 0.49 0.89 0.88 2.42 2.33 0.88 1.06 2.12 2.07; 1.91 1.53 3.33 3.61 3.88 1.71 4.39 3.35 8.77 9.17 2.95 3.84 8.99 6.31; 2.54 2.62 2.6 4.16 2.76 1.52 2.58 3.59 7.29 8.67 3.96 3.61 9.11 7.57; 2.14 1.92 3.07 3.8 3.48 1.64 3.77 3.43 8.26 9.0 3.3 3.76 9.03 6.74; 4.48 2.82 8.32 8.19 8.08 3.81 8.92 6.77 17.01 18.54 7.52 8.01 18.66 11.68; 4.06 3.93 5.32 7.67 5.96 3.88 5.03 6.15 14.83 17.47 7.15 6.44 19.0 15.79; 4.33 3.21 7.28 8.01 7.32 3.83 7.58 6.56 16.26 18.17 7.39 7.47 18.77 13.09; 7.16 5.47 14.63 13.19 12.36 6.37 12.7 10.66 27.13 27.64 12.68 13.66 29.66 19.33; 6.26 6.7 10.65 12.48 9.74 5.9 9.54 9.86 21.1 25.51 9.83 10.95 30.68 21.82; 6.83 5.91 13.25 12.94 11.42 6.2 11.61 10.39 25.05 26.91 11.7 12.73 30.01 20.19; 10.02 8.69 20.6 20.12 16.16 9.61 17.16 14.69 33.89 37.88 16.71 18.17 41.28 26.17; 8.46 9.46 17.53 17.04 12.06 8.26 12.63 13.06 27.88 34.57 12.64 15.34 41.98 27.73; 9.46 8.96 19.53 19.05 14.69 9.12 15.6 14.13 31.82 36.74 15.31 17.2 41.52 26.71; 11.74 11.67 26.84 27.0 20.19 12.94 21.76 18.44 41.73 45.65 20.87 22.14 52.15 32.01; 10.49 11.64 20.91 22.37 14.83 10.29 15.98 18.57 33.5 40.56 16.86 18.94 51.73 30.94; 11.29 11.66 24.77 25.38 18.28 11.98 19.77 18.49 38.9 43.9 19.49 21.04 52.01 31.64; 13.65 14.4 32.04 33.24 24.23 16.08 25.74 23.27 46.89 52.48 25.44 27.19 60.81 36.11; 11.51 14.41 25.06 26.01 19.04 13.15 19.2 22.15 39.9 45.28 20.56 21.65 58.41 33.38; 12.87 14.4 29.61 30.72 22.38 15.02 23.49 22.89 44.48 50.0 23.76 25.29 59.98 35.17; 15.84 18.26 37.17 39.0 28.19 17.79 29.93 27.03 51.57 58.1 29.53 30.69 67.72 40.4; 13.37 17.32 29.22 31.73 22.67 14.67 22.16 25.86 44.12 48.6 23.75 24.23 63.16 36.71; 14.95 17.93 34.4 36.47 26.22 16.67 27.26 26.63 49.01 54.83 27.54 28.47 66.15 39.14; 17.08 22.61 41.12 44.41 31.83 20.27 33.04 30.78 54.66 63.72 32.48 34.45 73.56 43.22; 14.21 19.51 33.9 35.37 27.18 16.36 25.13 29.07 48.85 52.3 27.33 29.38 66.75 39.02; 16.05 21.5 38.61 41.27 30.17 18.86 30.32 30.19 52.66 59.79 30.71 32.71 71.22 41.78; 18.61 27.19 46.05 50.66 35.06 22.07 36.01 34.88 59.14 66.8 36.38 37.48 77.72 45.5; 15.23 22.13 39.48 41.35 30.38 17.2 27.96 32.52 52.43 56.38 31.16 32.86 69.06 40.56; 17.39 25.39 43.76 47.42 33.39 20.32 33.24 34.07 56.84 63.21 34.58 35.9 74.75 43.81]
***** epoch: 2 ***** 
trn_loss: 0 
tst_loss: 0 
naive_trn_accuracy: 0 
naive_tst_accuracy: 0  
pck_val_accuracy: 0.288201895199267  
[0.0 0.0 0.0 0.0 0.0 0.0 0.0 0.0 0.0 0.0 0.0 0.0 0.0 0.0; 0.0 0.0 0.0 0.0 0.0 0.0 0.0 0.0 0.0 0.0 0.0 0.0 0.0 0.0; 0.0 0.0 0.0 0.0 0.0 0.0 0.0 0.0 0.0 0.0 0.0 0.0 0.0 0.0; 0.86 0.48 0.97 1.25 0.65 0.67 1.69 1.54 4.02 2.34 1.41 2.02 3.22 2.89; 1.86 0.87 0.91 1.17 1.45 1.35 0.9 1.28 3.2 2.81 1.79 2.06 4.11 3.34; 1.22 0.62 0.95 1.22 0.93 0.91 1.42 1.45 3.74 2.5 1.54 2.03 3.53 3.04; 3.44 2.17 4.3 6.11 3.31 2.76 6.22 4.29 11.19 9.1 5.77 5.32 13.56 11.61; 4.06 3.49 3.9 5.72 3.78 4.72 4.64 5.12 9.85 11.48 6.77 6.44 14.25 14.63; 3.66 2.64 4.16 5.97 3.48 3.47 5.67 4.58 10.73 9.92 6.12 5.7 13.79 12.65; 8.87 5.95 9.92 12.35 7.51 7.61 11.89 9.26 21.7 20.28 12.15 11.71 27.52 23.22; 8.63 6.99 9.87 10.14 7.7 9.95 8.89 9.22 17.52 21.17 11.62 10.44 30.04 27.34; 8.79 6.32 9.9 11.58 7.58 8.45 10.86 9.24 20.26 20.59 11.97 11.27 28.38 24.64; 14.12 10.46 17.41 18.81 14.14 11.7 18.24 15.43 32.28 30.12 17.99 18.51 41.74 33.69; 13.2 11.64 16.23 16.38 12.5 12.48 13.53 11.78 26.09 30.87 17.11 15.46 44.29 39.92; 13.79 10.88 17.0 17.96 13.55 11.98 16.62 14.17 30.15 30.38 17.69 17.46 42.62 35.83; 18.8 15.85 23.3 25.54 19.87 16.27 23.58 20.12 42.26 41.77 24.63 24.63 54.03 46.04; 16.24 15.57 23.38 22.63 16.42 17.2 17.65 16.26 32.99 40.56 21.46 20.49 57.0 48.78; 17.88 15.75 23.33 24.52 18.64 16.61 21.54 18.79 39.08 41.35 23.54 23.21 55.05 46.98; 22.33 20.43 30.65 33.1 24.07 20.27 28.38 25.55 49.83 49.26 31.01 30.22 66.17 57.25; 19.97 19.94 28.57 29.52 20.78 20.4 22.04 20.74 40.15 46.94 25.42 24.36 66.88 55.07; 21.48 20.26 29.93 31.86 22.9 20.32 26.2 23.9 46.51 48.46 29.08 28.21 66.42 56.5; 25.86 25.58 36.75 40.74 28.19 24.26 33.65 30.85 56.06 55.49 36.24 34.72 74.03 64.83; 23.52 23.58 35.84 36.67 24.71 22.43 25.39 24.58 45.91 52.93 29.5 27.96 70.99 61.75; 25.02 24.87 36.44 39.32 26.95 23.6 30.81 28.7 52.57 54.61 33.92 32.4 72.98 63.77; 29.68 31.05 43.07 48.37 33.44 28.45 38.85 34.81 60.75 60.71 41.48 38.83 79.93 71.41; 25.89 27.66 41.43 41.48 29.94 24.79 28.61 29.45 50.51 56.38 33.46 31.7 74.45 64.96; 28.31 29.84 42.5 45.97 32.19 27.13 35.33 32.97 57.23 59.22 38.72 36.38 78.05 69.19; 32.44 35.64 49.58 54.68 37.64 31.3 41.96 39.03 64.43 65.06 44.97 43.67 84.23 75.17; 28.09 30.86 44.81 46.16 33.58 27.32 31.7 33.42 53.84 59.31 36.27 35.18 76.12 68.16; 30.87 33.94 47.92 51.72 36.19 29.87 38.43 37.1 60.79 63.08 41.97 40.76 81.45 72.76; 35.02 41.03 54.92 59.75 41.84 33.02 45.0 42.59 67.52 68.94 48.93 47.17 86.98 78.05; 29.78 34.93 49.48 50.72 37.06 28.84 34.28 36.36 56.52 61.99 39.97 36.47 77.92 71.12; 33.13 38.86 53.03 56.61 40.13 31.51 41.31 40.45 63.74 66.55 45.84 43.5 83.87 75.67]
***** epoch: 3 ***** 
trn_loss: 0 
tst_loss: 0 
naive_trn_accuracy: 0 
naive_tst_accuracy: 0  
pck_val_accuracy: 0.32930068301290377  
[0.0 0.0 0.0 0.0 0.0 0.0 0.0 0.0 0.0 0.0 0.0 0.0 0.0 0.0; 0.0 0.0 0.0 0.0 0.0 0.0 0.0 0.0 0.0 0.0 0.0 0.0 0.0 0.0; 0.0 0.0 0.0 0.0 0.0 0.0 0.0 0.0 0.0 0.0 0.0 0.0 0.0 0.0; 1.24 1.13 1.11 0.83 1.53 1.05 2.09 1.95 3.48 3.55 2.15 2.36 5.1 2.95; 1.18 1.31 0.78 2.08 1.74 0.67 2.19 1.66 3.32 4.21 3.07 2.19 4.62 5.13; 1.22 1.19 0.99 1.27 1.61 0.91 2.13 1.85 3.43 3.78 2.46 2.3 4.94 3.7; 5.53 3.7 5.69 5.9 5.33 3.81 7.23 6.04 13.26 12.99 8.32 7.74 16.17 13.15; 4.91 5.09 6.49 7.15 6.4 5.06 5.41 5.89 13.43 14.03 9.32 6.57 18.1 16.43; 5.31 4.2 5.97 6.33 5.71 4.26 6.6 5.99 13.32 13.35 8.67 7.34 16.84 14.28; 10.97 7.88 11.58 11.94 10.5 7.23 16.28 11.8 24.78 24.43 14.83 14.4 32.55 23.56; 11.51 10.04 12.34 13.78 11.63 8.77 12.24 10.63 22.51 25.89 16.22 12.5 36.59 31.58; 11.17 8.65 11.84 12.58 10.9 7.79 14.89 11.4 24.0 24.93 15.31 13.75 33.94 26.31; 17.94 13.03 19.21 19.22 16.72 11.13 22.77 18.58 37.04 35.14 21.28 20.93 48.19 35.91; 16.92 15.43 19.22 21.72 18.02 11.64 17.91 15.11 33.25 36.61 22.99 18.94 53.79 42.88; 17.57 13.89 19.21 20.09 17.19 11.31 21.1 17.39 35.74 35.65 21.87 20.25 50.11 38.3; 24.62 17.86 26.14 26.23 22.78 14.94 29.05 25.22 45.34 46.65 28.93 27.25 58.86 48.05; 20.81 20.09 28.31 27.31 23.26 15.01 23.2 20.87 42.33 46.43 28.86 24.1 66.62 52.12; 23.25 18.65 26.9 26.61 22.95 14.96 27.04 23.72 44.31 46.58 28.9 26.17 61.52 49.45; 29.1 23.01 33.08 32.82 28.51 19.03 35.41 30.11 52.44 54.22 35.1 32.44 70.54 58.79; 25.55 23.87 35.84 34.46 27.33 16.69 26.93 27.14 48.08 53.32 33.97 28.35 73.3 60.46; 27.82 23.32 34.04 33.39 28.09 18.19 32.49 29.09 50.95 53.91 34.71 31.03 71.49 59.37; 32.63 28.4 38.35 40.32 33.12 22.26 41.69 35.48 57.8 60.37 40.94 37.28 77.99 67.58; 27.75 28.38 42.86 40.57 31.25 18.21 31.06 32.27 53.2 57.53 37.55 30.8 77.79 66.11; 30.87 28.39 39.92 40.41 32.45 20.8 38.03 34.38 56.22 59.39 39.77 35.06 77.92 67.08; 35.78 33.87 44.94 47.61 38.21 24.26 44.93 40.11 62.49 64.99 46.78 41.52 83.02 72.82; 30.46 31.73 48.57 46.94 36.05 20.07 33.89 37.64 57.54 61.86 41.51 34.28 79.97 69.19; 33.86 33.11 46.2 47.38 37.44 22.75 41.13 39.26 60.79 63.92 44.96 39.04 81.97 71.57; 38.45 39.42 50.49 53.64 43.21 26.83 48.45 44.0 65.37 68.21 50.87 44.82 86.11 77.79; 32.15 35.37 53.51 52.93 39.68 21.75 36.98 40.2 60.49 65.18 46.1 38.66 82.03 71.5; 36.18 37.98 51.54 53.39 41.95 25.0 44.5 42.69 63.69 67.16 49.23 42.71 84.71 75.63; 40.55 44.17 56.17 60.31 47.98 29.02 51.42 48.22 68.25 71.62 54.9 49.26 89.06 81.07; 33.84 39.16 58.31 58.13 42.73 22.43 39.82 42.89 64.07 67.09 48.53 41.37 83.18 74.84; 38.13 42.38 56.92 59.55 46.11 26.64 47.43 46.39 66.81 70.06 52.71 46.55 87.04 78.93]
***** epoch: 4 ***** 
trn_loss: 0 
tst_loss: 0 
naive_trn_accuracy: 0 
naive_tst_accuracy: 0  
pck_val_accuracy: 0.36217481598559126  
[0.0 0.0 0.0 0.0 0.0 0.0 0.0 0.0 0.0 0.0 0.0 0.0 0.0 0.0; 0.0 0.0 0.0 0.0 0.0 0.0 0.0 0.0 0.0 0.0 0.0 0.0 0.0 0.0; 0.0 0.0 0.0 0.0 0.0 0.0 0.0 0.0 0.0 0.0 0.0 0.0 0.0 0.0; 1.62 1.53 0.97 1.46 1.7 1.05 3.11 1.95 4.69 4.15 2.75 2.62 5.64 3.89; 1.35 1.75 0.91 1.17 1.6 1.52 2.06 1.92 4.6 5.48 2.94 2.58 9.11 5.01; 1.53 1.61 0.95 1.36 1.66 1.22 2.75 1.94 4.66 4.61 2.82 2.61 6.83 4.28; 5.82 4.51 6.38 6.52 7.51 3.71 9.12 7.98 15.54 14.12 8.26 8.14 21.28 14.23; 4.91 6.7 5.71 5.72 5.96 4.22 7.35 5.38 14.07 14.54 8.94 9.15 28.5 17.2; 5.49 5.28 6.15 6.24 6.96 3.89 8.51 7.09 15.03 14.27 8.49 8.49 23.75 15.25; 11.93 9.81 14.22 14.57 13.09 8.09 17.91 14.96 27.8 26.97 16.64 16.35 40.81 28.52; 12.18 12.81 12.73 13.65 10.47 8.26 13.92 11.78 23.27 27.68 15.58 14.82 48.91 32.99; 12.02 10.88 13.7 14.25 12.15 8.15 16.53 13.86 26.24 27.22 16.28 15.83 43.59 30.06; 18.7 15.04 22.12 22.28 18.58 12.46 25.68 22.4 39.99 39.16 23.49 24.29 57.11 42.42; 16.24 18.63 20.78 22.63 15.99 11.47 21.01 16.65 34.78 39.92 23.5 21.39 63.03 44.16; 17.82 16.32 21.65 22.4 17.65 12.1 24.07 20.42 38.2 39.42 23.49 23.3 59.14 43.01; 23.38 21.0 31.0 30.53 25.12 16.65 33.24 29.44 50.1 50.07 31.95 30.62 70.4 55.17; 20.64 23.29 30.78 29.91 21.22 14.67 26.03 22.54 41.43 49.11 29.5 26.55 73.3 54.3; 22.39 21.81 30.92 30.32 23.73 15.94 30.76 27.07 47.12 49.74 31.1 29.22 71.4 54.87; 27.29 27.35 38.14 37.61 30.69 20.46 39.05 35.35 56.33 58.5 38.66 36.27 79.53 64.23; 24.37 28.09 38.44 36.93 27.18 16.86 30.41 28.55 48.47 55.87 34.99 30.15 77.15 63.16; 26.24 27.62 38.25 37.38 29.44 19.16 36.08 33.01 53.63 57.59 37.4 34.17 78.71 63.86; 30.25 33.07 44.24 43.58 35.78 23.22 44.53 40.71 61.89 63.99 44.23 41.45 85.3 71.74; 26.06 32.02 44.42 42.91 30.23 17.71 33.12 33.8 53.32 59.57 39.85 34.15 80.23 66.88; 28.74 32.69 44.3 43.35 33.8 21.23 40.6 38.34 58.95 62.47 42.72 38.95 83.56 70.07; 33.87 38.78 50.07 52.74 41.36 25.31 47.64 44.6 66.24 68.01 47.72 45.76 88.79 77.38; 26.9 35.08 49.74 49.02 33.72 19.9 36.73 37.39 57.16 62.88 42.53 38.53 81.64 70.6; 31.36 37.46 49.95 51.45 38.63 23.36 43.88 42.12 63.12 66.24 45.93 43.28 86.34 75.06; 36.16 43.28 55.27 57.81 44.91 27.69 51.22 49.16 69.19 70.62 51.95 49.26 90.87 80.81; 28.43 38.43 54.29 54.23 36.92 21.08 39.56 40.33 60.49 65.56 45.85 41.88 82.8 73.3; 33.37 41.55 54.93 56.56 42.06 25.3 47.21 46.13 66.2 68.88 49.85 46.73 88.1 78.23; 38.26 48.11 61.1 63.01 50.4 29.02 53.65 52.45 71.94 73.9 56.24 52.49 92.15 83.56; 29.95 41.34 58.31 58.13 40.41 21.75 43.17 43.79 63.17 69.39 48.28 45.62 83.83 76.64; 35.27 45.7 60.13 61.31 46.83 26.4 50.04 49.47 68.92 72.34 53.5 50.13 89.29 81.18]
***** epoch: 5 ***** 
trn_loss: 0 
tst_loss: 0 
naive_trn_accuracy: 0 
naive_tst_accuracy: 0  
pck_val_accuracy: 0.3804057345778766  
[0.0 0.0 0.0 0.0 0.0 0.0 0.0 0.0 0.0 0.0 0.0 0.0 0.0 0.0; 0.0 0.0 0.0 0.0 0.0 0.0 0.0 0.0 0.0 0.0 0.0 0.0 0.0 0.0; 0.0 0.0 0.0 0.0 0.0 0.0 0.0 0.0 0.0 0.0 0.0 0.0 0.0 0.0; 1.34 1.53 1.25 1.53 2.02 0.76 3.24 2.82 4.89 3.75 1.88 3.03 7.45 3.76; 1.52 1.75 1.43 2.6 2.18 0.51 2.19 2.18 4.22 4.72 3.58 2.71 9.24 4.75; 1.4 1.61 1.31 1.9 2.08 0.67 2.88 2.6 4.66 4.08 2.46 2.92 8.07 4.1; 6.01 5.47 7.28 7.43 7.43 3.43 10.2 8.58 16.21 13.99 8.99 9.42 23.49 14.63; 6.26 7.86 7.14 7.8 8.58 3.04 9.66 6.53 14.58 16.58 11.88 8.76 28.5 18.61; 6.1 6.32 7.23 7.56 7.84 3.28 10.02 7.88 15.65 14.88 9.99 9.2 25.21 16.0; 11.74 13.11 14.15 16.38 14.78 7.71 19.12 16.63 28.33 27.84 17.79 17.03 42.21 31.07; 11.17 14.12 14.68 16.78 16.72 7.76 16.11 13.44 26.6 30.23 19.67 15.59 47.88 34.02; 11.53 13.47 14.33 16.52 15.47 7.73 18.09 15.54 27.74 28.67 18.43 16.53 44.16 32.08; 17.65 18.26 23.37 25.05 21.65 11.51 27.64 25.02 40.19 39.83 25.91 25.1 57.85 44.3; 15.57 19.8 23.12 25.36 22.67 9.78 22.55 19.85 36.7 40.31 28.1 21.52 64.83 45.83; 16.9 18.81 23.28 25.16 22.01 10.89 25.89 23.24 38.99 39.99 26.66 23.87 60.25 44.82; 23.47 24.22 31.62 32.76 28.35 15.41 34.86 32.33 50.97 51.07 33.69 31.97 71.01 56.58; 19.46 25.62 31.82 32.51 27.76 12.65 28.48 26.76 45.91 49.36 34.1 27.06 74.45 56.35; 22.03 24.72 31.69 32.67 28.14 14.42 32.67 30.41 49.23 50.48 33.83 30.28 72.19 56.5; 27.29 29.53 38.83 40.25 33.2 18.84 40.68 38.16 58.14 58.5 40.13 38.09 78.93 65.77; 23.01 30.13 40.0 39.92 33.87 14.5 32.73 33.03 51.02 55.48 40.1 31.83 79.08 63.93; 25.75 29.74 39.24 40.14 33.44 17.27 37.94 36.4 55.69 57.46 40.12 35.94 78.98 65.14; 30.92 35.0 45.08 47.54 38.93 20.93 45.95 43.06 63.3 63.99 45.84 43.2 84.56 73.56; 24.7 33.92 46.75 44.21 38.23 15.68 36.6 36.24 56.14 59.31 43.68 34.41 81.39 69.7; 28.68 34.61 45.66 46.38 38.68 19.04 42.73 40.71 60.84 62.38 45.09 40.19 83.47 72.23; 33.21 39.9 50.55 53.5 42.73 23.03 49.19 47.35 67.78 68.01 49.66 47.58 88.12 78.59; 26.23 38.28 53.25 50.07 41.42 17.71 39.69 40.72 61.25 62.24 47.77 38.02 83.7 73.17; 30.69 39.33 51.49 52.31 42.26 21.11 45.92 45.07 65.54 66.02 49.01 44.3 86.6 76.73; 34.45 44.65 54.72 59.47 48.55 25.31 51.96 51.04 71.27 71.15 53.15 50.74 90.13 81.88; 27.07 42.21 57.66 55.01 44.62 18.72 43.3 44.17 63.94 64.16 50.32 41.49 84.98 75.22; 31.79 43.78 55.74 57.92 47.14 22.93 48.98 48.68 68.75 68.74 52.18 47.57 88.36 79.59; 37.31 49.4 59.64 65.16 52.75 26.26 55.07 53.99 73.88 74.16 56.71 53.7 91.81 84.23; 28.93 45.71 63.12 60.99 47.97 19.9 45.88 46.73 67.01 67.09 52.87 44.59 85.88 77.66; 34.29 48.08 60.85 63.71 51.04 23.97 51.91 51.5 71.52 71.73 55.39 50.57 89.78 81.97]
***** epoch: 6 ***** 
trn_loss: 0 
tst_loss: 0 
naive_trn_accuracy: 0 
naive_tst_accuracy: 0  
pck_val_accuracy: 0.3882451283568235  
[0.0 0.0 0.0 0.0 0.0 0.0 0.0 0.0 0.0 0.0 0.0 0.0 0.0 0.0; 0.0 0.0 0.0 0.0 0.0 0.0 0.0 0.0 0.0 0.0 0.0 0.0 0.0 0.0; 0.0 0.0 0.0 0.0 0.0 0.0 0.0 0.0 0.0 0.0 0.0 0.0 0.0 0.0; 1.05 1.45 1.66 2.01 2.34 0.29 3.51 2.62 4.29 3.55 2.62 3.1 8.39 3.76; 0.34 1.89 2.47 1.95 2.03 0.34 2.96 2.3 4.6 6.25 2.55 2.45 10.65 5.13; 0.79 1.61 1.94 1.99 2.23 0.3 3.32 2.51 4.4 4.48 2.6 2.87 9.17 4.23; 3.34 6.52 7.07 8.26 8.97 2.38 11.55 11.2 16.68 14.79 10.07 10.7 26.51 16.51; 3.21 8.3 7.66 7.15 8.87 2.02 9.02 7.68 14.96 16.58 10.47 10.05 32.61 19.13; 3.29 7.15 7.28 7.87 8.93 2.25 10.68 9.99 16.09 15.41 10.21 10.48 28.6 17.41; 6.3 13.11 15.33 17.07 15.35 3.9 20.95 18.85 29.54 28.98 18.93 19.92 46.51 32.75; 6.26 16.59 15.45 16.38 16.42 4.38 16.11 14.21 25.7 30.74 19.28 17.01 54.04 35.94; 6.28 14.35 15.37 16.83 15.73 4.08 19.28 17.25 28.22 29.59 19.05 18.92 49.1 33.85; 10.88 20.11 23.93 25.47 24.15 5.33 30.27 27.63 43.6 42.17 27.72 28.67 62.75 47.11; 8.29 22.42 25.71 25.88 22.67 7.76 24.23 19.08 35.29 44.26 27.2 22.81 70.22 48.4; 9.95 20.93 24.55 25.61 23.62 6.2 28.19 24.69 40.75 42.89 27.54 26.66 65.32 47.55; 13.84 26.23 33.43 34.35 29.56 7.8 37.57 34.41 54.12 53.28 35.91 35.46 74.7 58.93; 9.98 27.22 33.9 33.16 28.49 9.11 28.48 25.35 41.56 53.19 32.95 28.48 77.54 58.15; 12.45 26.58 33.59 33.94 29.18 8.27 34.44 31.29 49.8 53.25 34.89 33.07 75.67 58.66; 15.84 32.42 40.36 41.29 34.65 9.23 43.58 40.17 61.09 61.31 42.55 40.58 82.82 68.32; 11.0 32.17 40.91 40.18 32.41 9.78 33.51 30.99 47.95 59.31 38.57 32.73 81.77 64.83; 14.09 32.33 40.55 40.9 33.85 9.43 40.12 37.02 56.57 60.62 41.18 37.89 82.46 67.12; 17.46 37.97 46.67 48.58 39.18 10.56 48.31 44.8 66.31 65.93 47.79 45.83 88.05 74.23; 12.01 37.26 47.66 44.86 36.48 10.29 37.63 35.21 53.96 63.27 43.3 36.6 83.95 69.06; 15.5 37.72 47.02 47.29 38.21 10.46 44.64 41.51 62.07 65.01 46.24 42.66 86.65 72.45; 18.42 41.67 52.36 55.52 43.62 11.89 51.22 48.36 70.26 70.68 51.48 49.19 90.2 78.72; 12.86 41.19 52.47 50.72 40.84 10.62 41.37 38.8 57.8 65.94 46.36 41.11 85.37 72.02; 16.41 41.5 52.4 53.85 42.63 11.44 47.83 45.07 65.98 69.05 49.71 46.42 88.54 76.42; 19.47 46.34 57.0 60.86 47.82 12.56 54.66 51.58 73.68 74.3 54.09 52.29 91.68 82.62; 13.54 44.1 57.53 55.27 43.17 10.79 44.97 42.25 60.74 67.73 49.81 43.81 86.39 74.71; 17.33 45.54 57.19 58.91 46.16 11.92 51.33 48.37 69.23 72.04 52.62 49.38 89.86 79.9; 20.23 51.33 61.23 65.58 52.18 13.23 57.09 53.99 75.95 76.71 57.72 54.64 92.95 84.5; 14.21 47.6 61.04 59.04 45.64 11.47 47.04 44.3 63.68 70.92 52.49 47.55 87.03 77.54; 18.06 50.0 61.17 63.3 49.84 12.59 53.63 50.66 71.74 74.71 55.92 52.21 90.92 82.11]
***** epoch: 7 ***** 
trn_loss: 0 
tst_loss: 0 
naive_trn_accuracy: 0 
naive_tst_accuracy: 0  
pck_val_accuracy: 0.4288606524151859  
[0.0 0.0 0.0 0.0 0.0 0.0 0.0 0.0 0.0 0.0 0.0 0.0 0.0 0.0; 0.0 0.0 0.0 0.0 0.0 0.0 0.0 0.0 0.0 0.0 0.0 0.0 0.0 0.0; 0.0 0.0 0.0 0.0 0.0 0.0 0.0 0.0 0.0 0.0 0.0 0.0 0.0 0.0; 2.29 1.93 1.46 2.43 2.75 1.81 3.58 2.95 5.09 4.35 3.49 3.36 8.32 4.16; 2.2 1.6 2.21 1.82 2.47 2.36 3.61 2.69 5.63 5.1 2.55 2.32 10.14 5.78; 2.26 1.81 1.72 2.22 2.65 2.01 3.59 2.86 5.27 4.61 3.17 3.01 8.95 4.72; 8.02 8.61 7.14 9.65 9.21 6.47 11.69 12.27 17.62 14.99 10.6 9.69 28.26 16.58; 9.64 9.32 8.7 8.32 10.76 8.26 10.05 10.24 19.82 14.8 10.34 10.95 33.63 20.41; 8.6 8.86 7.69 9.19 9.76 7.12 11.13 11.58 18.37 14.93 10.51 10.12 30.1 17.89; 16.51 16.17 15.67 19.99 18.26 12.46 23.45 20.93 31.95 29.25 19.6 19.92 48.66 33.96; 17.09 18.05 18.18 17.69 18.17 15.68 18.04 19.33 32.74 29.34 21.2 19.07 54.56 38.0; 16.72 16.84 16.55 19.19 18.22 13.63 21.59 20.38 32.22 29.28 20.15 19.63 50.68 35.35; 25.76 24.22 25.52 29.7 26.58 19.22 32.16 30.52 46.01 43.31 28.86 28.8 65.5 48.52; 22.67 23.44 28.05 27.7 23.4 21.25 26.29 25.86 43.73 44.13 28.61 25.9 70.35 51.09; 24.65 23.94 26.4 29.0 25.44 19.95 30.14 28.92 45.23 43.59 28.77 27.81 67.17 49.41; 31.58 30.09 35.85 38.17 32.88 25.4 39.66 37.83 56.26 52.95 37.38 36.61 78.52 61.34; 28.09 27.95 35.32 36.41 30.38 24.62 30.41 32.01 51.28 53.7 34.74 30.28 77.79 61.62; 30.32 29.33 35.67 37.56 31.98 25.12 36.48 35.83 54.55 53.2 36.47 34.44 78.27 61.44; 36.16 36.36 44.04 46.08 38.29 29.59 45.74 43.93 63.56 61.71 44.23 41.72 85.5 71.41; 31.3 34.64 43.9 42.0 34.59 26.48 34.79 38.03 57.54 60.84 41.63 34.92 81.64 68.68; 34.41 35.75 43.99 44.66 36.97 28.47 41.98 41.9 61.49 61.41 43.33 39.39 84.18 70.47; 39.5 41.51 50.97 53.57 42.0 32.64 49.53 49.43 68.92 68.88 49.6 46.1 88.52 76.85; 34.01 39.45 49.48 47.98 39.68 29.01 39.95 42.25 61.25 64.54 44.96 38.66 83.31 71.76; 37.52 40.78 50.45 51.63 41.17 31.33 46.23 46.96 66.29 67.38 48.0 43.55 86.73 75.1; 43.03 45.7 56.38 59.06 46.61 35.68 52.77 53.59 73.81 72.69 54.09 49.26 90.87 81.28; 36.21 42.79 56.36 53.19 43.31 30.52 43.17 45.84 65.35 66.71 47.89 42.14 85.24 74.84; 40.57 44.66 56.37 57.01 45.43 33.82 49.47 50.92 70.9 70.63 51.96 46.82 88.94 79.07; 45.04 50.2 60.82 64.33 50.0 38.15 55.81 56.94 76.69 76.24 57.05 52.02 92.21 84.77; 37.9 45.71 61.17 58.39 46.22 31.87 45.62 48.66 66.88 69.39 50.7 44.46 86.39 77.66; 42.46 48.6 60.94 62.26 48.65 35.89 52.3 54.09 73.32 73.88 54.86 49.43 90.22 82.33; 47.52 54.06 64.84 69.26 54.2 39.68 57.91 58.95 78.63 78.65 60.54 54.98 93.62 86.71; 38.92 49.2 64.94 62.16 49.27 33.39 47.81 51.6 69.31 72.32 53.38 47.94 87.29 80.23; 44.42 52.33 64.87 66.79 52.44 37.41 54.43 56.43 75.43 76.47 58.07 52.56 91.45 84.49]
***** epoch: 8 ***** 
trn_loss: 0 
tst_loss: 0 
naive_trn_accuracy: 0 
naive_tst_accuracy: 0  
pck_val_accuracy: 0.4215698741322921  
[0.0 0.0 0.0 0.0 0.0 0.0 0.0 0.0 0.0 0.0 0.0 0.0 0.0 0.0; 0.0 0.0 0.0 0.0 0.0 0.0 0.0 0.0 0.0 0.0 0.0 0.0 0.0 0.0; 0.0 0.0 0.0 0.0 0.0 0.0 0.0 0.0 0.0 0.0 0.0 0.0 0.0 0.0; 1.53 1.77 1.66 2.22 2.99 1.14 5.07 3.22 5.36 4.95 3.69 3.7 9.13 5.23; 1.69 2.18 1.95 2.21 3.34 1.52 3.99 3.07 6.01 5.87 2.94 2.45 11.81 6.8; 1.59 1.92 1.76 2.22 3.12 1.28 4.7 3.17 5.58 5.27 3.43 3.27 10.05 5.77; 5.15 7.56 6.59 10.48 8.89 3.62 13.45 12.21 20.23 16.4 11.88 10.7 29.33 18.99; 4.23 9.17 8.83 7.54 12.5 4.55 11.86 10.12 19.31 19.13 12.01 11.6 37.1 23.49; 4.82 8.13 7.37 9.46 10.18 3.95 12.9 11.49 19.91 17.34 11.92 11.01 32.0 20.54; 9.64 15.04 15.12 19.01 17.53 5.52 25.34 21.86 33.96 30.66 21.88 20.86 50.67 34.5; 7.61 16.59 18.44 17.82 19.33 5.73 21.13 19.08 30.31 32.4 22.73 19.33 60.46 39.54; 8.91 15.6 16.27 18.6 18.17 5.6 23.89 20.91 32.7 31.26 22.17 20.34 54.03 36.23; 12.4 22.37 24.9 27.76 26.9 7.42 33.11 31.99 47.29 42.9 31.48 30.75 67.99 50.27; 9.64 22.56 28.96 29.78 25.44 8.09 28.09 26.76 41.43 47.19 30.91 25.13 72.02 52.25; 11.41 22.44 26.31 28.46 26.38 7.66 31.38 30.19 45.27 44.38 31.28 28.82 69.37 50.95; 16.79 28.88 34.88 35.53 34.25 9.61 41.96 39.03 57.87 54.55 39.33 38.76 79.6 62.82; 11.0 27.37 38.31 39.27 31.4 9.95 33.12 33.8 49.62 55.36 36.02 31.44 79.46 60.59; 14.7 28.34 36.08 36.83 33.23 9.73 38.92 37.24 55.03 54.83 38.19 36.25 79.55 62.05; 19.27 34.59 42.3 42.26 39.26 11.7 47.57 44.74 64.5 62.99 45.91 44.21 85.77 71.01; 12.35 32.9 45.84 44.86 36.05 10.46 35.82 39.18 54.48 61.61 42.02 34.66 83.31 67.91; 16.78 33.99 43.54 43.17 38.11 11.25 43.53 42.83 61.05 62.51 44.57 40.94 84.93 69.94; 21.47 39.58 48.96 49.34 43.38 12.46 51.35 49.56 70.4 69.01 50.4 48.18 89.53 77.32; 13.37 37.55 53.25 49.54 39.68 10.79 39.18 42.64 58.7 65.94 46.49 38.4 85.24 71.89; 18.55 38.86 50.45 49.41 42.06 11.86 47.16 47.18 66.37 67.95 49.05 44.83 88.06 75.45; 22.23 44.49 53.95 55.45 47.33 13.32 54.39 53.25 74.61 72.76 54.77 52.42 91.95 81.14; 13.87 42.21 57.92 53.84 43.75 11.97 42.91 46.22 62.92 68.37 50.32 42.65 86.65 75.61; 19.22 43.68 55.33 54.89 46.05 12.83 50.44 50.84 70.59 71.25 53.23 49.07 90.13 79.24; 23.09 50.04 58.6 61.21 51.21 14.75 56.76 56.54 77.03 76.17 56.98 55.11 93.09 84.43; 14.72 45.27 61.95 58.26 45.64 12.14 45.75 49.3 66.37 70.41 54.41 45.1 87.16 78.56; 20.07 48.34 59.76 60.18 49.22 13.81 52.97 54.05 73.36 74.19 56.09 51.68 91.05 82.42; 24.14 53.1 62.83 65.09 54.36 15.22 59.26 59.09 79.04 78.78 59.4 57.47 94.09 86.38; 15.74 49.49 65.32 61.9 48.11 12.14 48.07 51.98 70.08 73.21 56.19 47.55 88.19 80.62; 21.11 51.81 63.7 63.98 52.13 14.11 55.41 56.65 75.96 76.87 58.29 54.07 92.07 84.4]
***** epoch: 9 ***** 
trn_loss: 0 
tst_loss: 0 
naive_trn_accuracy: 0 
naive_tst_accuracy: 0  
pck_val_accuracy: 0.4509140358351924  
[0.0 0.0 0.0 0.0 0.0 0.0 0.0 0.0 0.0 0.0 0.0 0.0 0.0 0.0; 0.0 0.0 0.0 0.0 0.0 0.0 0.0 0.0 0.0 0.0 0.0 0.0 0.0 0.0; 0.0 0.0 0.0 0.0 0.0 0.0 0.0 0.0 0.0 0.0 0.0 0.0 0.0 0.0; 2.48 2.17 1.87 2.5 3.63 2.38 5.27 4.23 6.36 4.48 4.09 3.97 9.53 5.57; 3.38 2.47 2.6 3.25 3.2 2.87 4.25 3.71 6.01 5.36 3.96 3.74 11.42 6.42; 2.81 2.28 2.12 2.76 3.48 2.55 4.92 4.05 6.24 4.78 4.05 3.89 10.18 5.86; 9.73 7.0 8.53 9.44 10.82 7.9 13.65 14.02 20.09 18.01 13.42 12.11 30.6 20.47; 9.64 11.06 9.87 10.66 12.79 9.44 12.63 12.29 21.23 17.86 13.28 12.5 39.54 22.72; 9.7 8.45 9.0 9.86 11.53 8.45 13.3 13.42 20.48 17.95 13.37 12.25 33.67 21.24; 18.89 15.21 16.99 18.88 20.19 14.18 25.54 23.94 34.9 33.47 24.16 22.27 52.42 37.92; 18.44 18.05 19.48 19.9 21.22 15.01 22.29 22.66 35.81 34.18 22.86 20.75 62.64 42.88; 18.73 16.22 17.86 19.23 20.56 14.48 24.42 23.5 35.21 33.71 23.71 21.75 55.93 39.62; 27.1 23.33 26.07 28.87 29.08 20.08 34.59 33.0 48.09 47.86 32.62 31.49 68.72 54.23; 25.21 25.33 29.22 30.56 28.92 20.07 28.99 29.32 46.55 47.7 30.27 27.32 73.94 55.2; 26.42 24.04 27.17 29.46 29.02 20.07 32.67 31.73 47.56 47.81 31.81 30.06 70.52 54.56; 32.54 30.25 34.95 37.34 35.14 25.12 43.24 41.45 57.74 57.16 40.6 39.43 79.46 66.64; 29.1 29.84 36.36 38.36 34.88 24.11 33.51 37.13 55.12 55.87 36.91 31.96 80.49 64.7; 31.3 30.1 35.44 37.69 35.05 24.76 39.89 39.96 56.84 56.72 39.33 36.87 79.81 65.98; 37.31 36.93 44.04 44.34 40.39 29.97 48.18 47.08 65.64 65.19 47.45 44.82 85.84 73.69; 31.98 35.37 44.55 44.73 38.66 26.48 37.89 42.13 60.36 61.35 42.27 35.31 83.7 69.96; 35.39 36.37 44.21 44.48 39.77 28.71 44.64 45.38 63.82 63.87 45.67 41.56 85.1 72.41; 40.46 40.79 50.55 51.42 45.48 33.21 52.7 52.52 70.53 70.75 51.21 48.79 89.66 80.0; 34.69 39.45 51.17 49.28 42.3 27.82 41.37 46.09 64.19 65.31 46.23 38.79 85.75 73.94; 38.38 40.31 50.77 50.68 44.34 31.27 48.8 50.31 68.35 68.88 49.49 45.36 88.32 77.92; 42.56 44.89 56.24 57.39 49.6 35.3 55.68 56.67 75.15 74.9 55.77 52.62 91.95 83.36; 36.04 42.79 56.62 53.32 45.93 30.35 44.85 50.58 68.03 68.75 49.68 42.91 86.78 77.15; 40.21 44.15 56.37 55.97 48.29 33.52 51.95 54.58 72.7 72.78 53.67 49.29 90.17 81.23; 44.18 48.91 60.47 62.18 53.8 38.06 58.18 59.56 77.7 77.91 58.72 55.45 93.02 85.97; 38.07 46.87 61.3 58.26 48.11 31.37 47.55 53.39 70.59 71.05 53.13 45.1 87.42 79.59; 41.98 48.19 60.76 60.81 51.77 35.64 54.52 57.44 75.25 75.55 56.8 51.9 91.1 83.78; 46.47 52.53 64.42 66.9 57.11 40.06 60.68 62.04 79.77 80.25 61.41 57.6 94.23 87.45; 39.59 50.51 66.75 62.16 51.16 33.05 50.64 56.34 72.51 72.58 56.19 48.07 87.93 81.39; 43.99 51.81 65.24 65.25 54.98 37.53 57.23 60.08 77.27 77.61 59.61 54.33 92.07 85.37]
***** epoch: 10 ***** 
trn_loss: 0 
tst_loss: 0 
naive_trn_accuracy: 0 
naive_tst_accuracy: 0  
pck_val_accuracy: 0.46738744659243997  
[0.0 0.0 0.0 0.0 0.0 0.0 0.0 0.0 0.0 0.0 0.0 0.0 0.0 0.0; 0.0 0.0 0.0 0.0 0.0 0.0 0.0 0.0 0.0 0.0 0.0 0.0 0.0 0.0; 0.0 0.0 0.0 0.0 0.0 0.0 0.0 0.0 0.0 0.0 0.0 0.0 0.0 0.0; 3.53 2.57 2.43 2.5 3.31 2.09 5.61 4.56 6.16 4.75 4.3 3.9 9.87 5.3; 3.05 2.91 3.25 2.99 3.92 3.54 3.87 3.97 8.18 6.63 3.32 4.12 12.2 5.78; 3.36 2.69 2.71 2.67 3.53 2.62 5.01 4.36 6.86 5.4 3.96 3.98 10.67 5.46; 10.5 10.14 9.43 10.06 11.39 7.8 15.88 14.76 21.57 18.47 13.22 13.12 30.47 20.94; 10.83 10.19 10.52 11.18 13.37 9.11 12.89 13.32 24.04 20.92 13.92 12.63 39.15 19.77; 10.62 10.16 9.81 10.45 12.1 8.27 14.85 14.26 22.42 19.32 13.46 12.95 33.45 20.54; 19.27 20.35 18.86 21.51 20.44 15.32 28.04 27.03 36.5 33.87 23.96 24.29 54.03 38.79; 18.61 20.09 19.48 21.2 22.38 14.0 20.88 24.2 39.51 35.71 26.05 21.01 59.56 40.44; 19.04 20.26 19.08 21.4 21.13 14.84 25.58 26.06 37.54 34.5 24.68 23.17 55.93 39.36; 26.62 27.84 28.64 31.37 29.48 20.93 37.16 36.35 49.56 49.46 34.03 33.85 71.81 54.5; 25.38 27.22 28.83 30.95 28.78 20.07 29.77 32.27 50.0 49.11 33.59 26.55 73.04 55.84; 26.17 27.62 28.71 31.22 29.23 20.62 34.62 34.95 49.71 49.34 33.88 31.34 72.23 54.96; 33.02 34.67 38.28 40.8 36.11 27.02 45.2 44.0 60.15 60.44 41.81 41.05 81.74 66.64; 28.43 32.75 37.53 37.58 33.72 23.44 34.54 38.54 57.03 57.27 39.97 32.99 79.08 64.31; 31.36 33.99 38.02 39.68 35.25 25.73 41.53 42.12 59.08 59.35 41.18 38.28 80.83 65.84; 37.21 40.31 45.56 48.37 41.52 30.73 50.34 49.3 67.85 68.01 48.46 45.49 87.05 74.56; 30.96 37.7 45.58 43.3 38.08 26.64 39.43 41.87 62.15 63.01 45.08 35.95 82.8 70.6; 34.96 39.38 45.57 46.61 40.29 29.26 46.59 46.74 65.89 66.29 47.29 42.22 85.59 73.2; 39.98 44.81 52.5 53.92 45.4 33.4 53.99 53.99 72.81 74.16 52.95 49.6 90.4 79.87; 34.52 41.48 51.69 47.59 41.72 28.5 43.3 45.84 65.35 66.58 48.91 39.82 84.47 74.2; 38.01 43.63 52.22 51.72 44.08 31.63 50.31 51.19 70.24 71.55 51.56 46.24 88.36 77.92; 42.27 48.03 57.98 60.1 49.52 35.87 57.03 57.48 77.23 77.24 56.91 53.03 92.35 83.62; 36.55 45.12 56.49 51.5 45.93 30.19 46.26 49.17 68.54 68.88 50.96 42.53 85.62 77.28; 40.21 46.99 57.46 57.1 48.23 33.82 53.32 54.62 74.24 74.36 54.86 49.43 90.04 81.45; 44.27 51.97 61.93 64.82 52.42 37.87 59.46 60.36 79.17 80.32 59.06 55.65 93.36 86.04; 38.58 48.76 61.43 56.83 47.97 31.87 49.1 51.22 71.23 71.56 53.64 45.1 86.52 80.49; 42.22 50.83 61.75 62.04 50.83 35.71 55.9 57.22 76.44 77.3 57.19 52.03 91.01 84.13; 47.04 54.47 65.6 68.91 55.57 39.77 61.62 62.84 80.84 82.66 61.74 58.28 94.36 88.12; 39.93 52.69 65.06 60.21 50.0 32.72 51.16 53.91 73.91 73.72 56.96 47.42 87.42 82.03; 44.48 53.83 65.42 65.88 53.58 37.23 58.02 59.77 78.46 79.59 60.1 54.55 91.98 86.03]
***** epoch: 11 ***** 
trn_loss: 0 
tst_loss: 0 
naive_trn_accuracy: 0 
naive_tst_accuracy: 0  
pck_val_accuracy: 0.47950150788521334  
[0.0 0.0 0.0 0.0 0.0 0.0 0.0 0.0 0.0 0.0 0.0 0.0 0.0 0.0; 0.0 0.0 0.0 0.0 0.0 0.0 0.0 0.0 0.0 0.0 0.0 0.0 0.0 0.0; 0.0 0.0 0.0 0.0 0.0 0.0 0.0 0.0 0.0 0.0 0.0 0.0 0.0 0.0; 2.86 3.06 2.77 3.89 3.55 2.38 5.34 4.76 6.16 5.29 3.56 3.57 9.73 5.17; 2.88 2.62 2.99 2.6 4.07 4.38 4.77 2.82 7.54 5.74 3.19 4.51 12.58 5.78; 2.87 2.9 2.85 3.44 3.74 3.1 5.14 4.09 6.64 5.44 3.43 3.89 10.71 5.38; 11.07 9.41 9.99 11.87 12.84 10.66 16.01 15.22 21.43 19.54 13.09 13.59 31.21 21.34; 12.86 10.48 10.0 10.01 12.5 11.97 13.27 12.68 24.3 21.17 12.64 13.53 39.15 23.62; 11.71 9.79 9.99 11.22 12.72 11.13 15.07 14.35 22.42 20.11 12.93 13.57 33.94 22.12; 22.42 21.08 18.38 22.76 23.26 19.98 28.18 29.24 37.37 37.01 25.23 24.83 56.51 39.53; 23.86 18.92 19.22 17.82 21.08 20.74 21.91 23.43 40.66 36.48 23.5 20.49 59.82 42.88; 22.94 20.31 18.67 21.04 22.48 20.26 26.02 27.24 38.51 36.83 24.64 23.34 57.65 40.68; 30.15 28.8 29.54 33.66 32.23 26.45 38.38 38.1 50.84 49.4 36.31 35.2 73.42 56.17; 28.26 25.76 30.13 26.79 27.47 28.5 29.38 33.03 51.15 48.85 32.18 27.32 73.17 56.74; 29.47 27.72 29.75 31.27 30.53 27.19 35.28 36.36 50.95 49.21 34.89 32.49 73.34 56.37; 36.07 35.72 39.53 42.82 39.42 33.4 45.68 44.74 62.89 60.64 45.23 41.86 83.02 67.79; 31.81 31.44 37.92 34.33 31.83 33.56 34.79 39.31 57.67 56.89 38.83 32.86 79.59 66.37; 34.53 34.2 38.97 39.86 36.71 33.45 41.93 42.87 61.1 59.35 43.03 38.77 81.84 67.3; 41.22 41.35 48.06 50.45 44.1 39.11 51.22 51.04 69.73 67.87 51.14 46.5 88.05 75.44; 33.84 37.55 45.97 42.65 37.21 35.75 38.02 43.02 62.53 64.41 43.42 37.24 82.8 72.02; 38.56 40.0 47.33 47.74 41.64 37.9 46.68 48.28 67.25 66.68 48.48 43.32 86.25 74.26; 43.42 45.7 54.3 56.49 48.38 42.53 56.15 56.94 74.28 74.3 55.44 50.54 91.28 80.6; 37.39 41.48 52.6 47.07 40.7 38.62 41.49 47.25 65.6 69.52 47.77 40.59 84.08 75.48; 41.24 44.2 53.71 53.21 45.64 41.12 51.11 53.61 71.3 72.65 52.79 47.13 88.81 78.85; 45.99 48.83 59.99 63.01 52.5 45.29 58.58 60.16 78.03 77.98 59.4 53.3 93.15 84.5; 40.1 45.56 58.18 51.5 44.62 40.3 44.2 51.73 68.29 71.3 50.7 42.78 85.11 77.92; 43.87 47.67 59.36 59.0 49.69 43.49 53.63 57.26 74.68 75.68 56.4 49.69 90.39 82.24; 48.66 51.65 64.49 66.27 55.82 47.19 60.81 62.84 80.31 81.06 62.15 55.79 93.83 86.78; 40.78 48.91 63.12 55.53 47.53 42.5 47.04 54.29 71.61 73.34 53.0 45.36 86.01 81.51; 45.82 50.67 64.01 62.53 52.86 45.5 56.07 59.9 77.32 78.4 59.0 52.21 91.14 84.97; 50.19 55.03 67.75 69.74 58.24 48.72 62.77 65.19 82.65 82.73 64.36 58.14 94.83 88.79; 43.15 51.38 65.84 58.91 49.56 44.52 49.61 57.11 74.17 75.13 56.96 48.32 87.16 82.8; 47.65 53.73 67.09 65.97 55.14 47.2 58.24 62.41 79.74 80.11 61.81 54.77 92.2 86.73]
***** epoch: 12 ***** 
trn_loss: 0 
tst_loss: 0 
naive_trn_accuracy: 0 
naive_tst_accuracy: 0  
pck_val_accuracy: 0.4802258431693386  
[0.0 0.0 0.0 0.0 0.0 0.0 0.0 0.0 0.0 0.0 0.0 0.0 0.0 0.0; 0.0 0.0 0.0 0.0 0.0 0.0 0.0 0.0 0.0 0.0 0.0 0.0 0.0 0.0; 0.0 0.0 0.0 0.0 0.0 0.0 0.0 0.0 0.0 0.0 0.0 0.0 0.0 0.0; 3.24 2.74 2.98 3.26 3.88 2.95 5.74 4.69 6.63 6.09 4.36 3.97 9.53 5.57; 4.74 2.77 2.73 2.08 3.49 3.54 5.41 3.59 6.27 4.72 4.09 4.64 12.32 7.06; 3.78 2.75 2.89 2.85 3.74 3.16 5.63 4.31 6.51 5.62 4.27 4.2 10.49 6.08; 10.59 10.78 10.12 11.38 12.12 9.32 16.55 16.5 22.84 20.35 13.42 13.53 32.75 21.21; 11.34 13.1 8.31 10.53 12.94 10.29 13.53 13.96 25.96 23.09 15.96 12.76 41.34 22.98; 10.86 11.61 9.49 11.09 12.41 9.67 15.51 15.62 23.91 21.29 14.3 13.26 35.7 21.82; 20.52 20.84 19.9 21.3 23.26 16.27 28.45 28.71 38.31 37.01 25.03 25.17 56.17 40.54; 21.66 22.56 18.83 19.12 21.51 17.54 21.65 24.84 41.43 40.05 25.54 21.65 62.77 44.67; 20.93 21.45 19.53 20.54 22.64 16.73 26.11 27.38 39.38 38.06 25.21 23.96 58.44 41.96; 28.72 28.96 30.44 32.96 31.1 23.5 39.53 39.1 51.37 50.74 35.84 35.4 72.95 58.32; 26.23 29.11 30.52 28.09 29.65 23.44 30.41 34.06 51.41 52.17 33.59 28.61 74.58 57.77; 27.82 29.02 30.47 31.27 30.58 23.48 36.39 37.37 51.38 51.23 35.06 33.07 73.51 58.13; 34.16 34.67 39.46 41.36 37.8 28.07 46.15 46.28 62.56 62.38 44.09 41.86 82.42 68.32; 29.1 34.35 38.96 35.5 34.3 27.15 36.47 40.08 58.44 60.2 40.36 33.89 81.26 66.62; 32.34 34.56 39.29 39.32 36.55 27.74 42.82 44.15 61.14 61.63 42.81 39.12 82.02 67.74; 37.69 41.11 47.3 49.62 42.73 32.35 51.89 51.91 69.59 69.48 50.94 47.24 88.46 76.04; 31.3 38.72 46.49 42.26 38.37 29.68 39.69 44.05 63.55 65.94 45.21 36.98 84.08 73.04; 35.39 40.26 47.02 47.06 41.17 31.39 47.7 49.21 67.52 68.26 48.97 43.72 86.95 75.01; 40.74 45.45 53.54 56.28 47.09 35.78 55.34 56.14 74.68 74.83 56.11 50.87 91.28 80.87; 34.69 42.21 52.99 47.33 41.72 32.04 43.43 47.5 66.37 69.39 48.91 40.08 85.75 76.51; 38.56 44.3 53.35 53.17 45.17 34.43 51.24 53.17 71.82 72.96 53.63 47.17 89.38 79.37; 43.13 49.16 58.74 61.62 50.97 38.92 58.24 59.89 78.23 78.11 59.73 54.24 93.22 84.03; 36.04 46.29 57.4 51.24 45.64 33.56 46.13 50.83 69.31 71.68 51.85 42.27 86.78 78.69; 40.57 48.13 58.27 58.01 49.07 36.98 54.08 56.78 75.16 75.9 57.02 50.13 91.01 82.19; 45.8 52.29 63.38 65.3 53.96 40.15 60.74 62.78 80.38 80.72 61.74 57.07 94.03 86.51; 37.9 49.93 61.82 56.44 49.42 34.91 48.97 53.01 71.87 72.83 55.17 44.97 87.42 81.64; 42.95 51.45 62.84 62.22 52.34 38.26 56.69 59.42 77.45 78.01 59.48 52.92 91.76 84.84; 47.61 54.38 67.06 68.7 56.95 42.15 62.91 65.06 82.18 82.66 64.43 58.75 94.56 88.12; 38.92 52.4 65.71 59.69 51.31 35.92 51.42 55.7 74.81 75.13 58.88 47.42 88.19 83.57; 44.48 53.68 66.59 65.57 54.93 39.9 58.95 61.84 79.65 80.07 62.52 54.86 92.38 86.56]
***** epoch: 13 ***** 
trn_loss: 0 
tst_loss: 0 
naive_trn_accuracy: 0 
naive_tst_accuracy: 0  
pck_val_accuracy: 0.4907161097042831  
[0.0 0.0 0.0 0.0 0.0 0.0 0.0 0.0 0.0 0.0 0.0 0.0 0.0 0.0; 0.0 0.0 0.0 0.0 0.0 0.0 0.0 0.0 0.0 0.0 0.0 0.0 0.0 0.0; 0.0 0.0 0.0 0.0 0.0 0.0 0.0 0.0 0.0 0.0 0.0 0.0 0.0 0.0; 3.53 2.74 2.5 2.85 4.04 1.81 5.61 5.63 7.5 5.96 5.77 4.71 10.94 6.11; 4.74 3.35 4.16 2.99 3.63 4.05 4.12 4.48 8.44 6.63 4.34 4.64 14.25 6.55; 3.97 2.95 3.07 2.9 3.89 2.62 5.1 5.24 7.82 6.19 5.28 4.69 12.08 6.26; 11.55 8.93 10.26 10.27 12.6 8.66 16.96 17.57 24.65 21.35 15.03 15.21 34.16 21.88; 12.86 13.97 11.56 11.7 12.79 11.13 16.11 15.88 27.49 23.09 16.6 14.3 43.39 21.82; 12.02 10.73 10.71 10.77 12.67 9.55 16.67 16.99 25.63 21.95 15.57 14.9 37.33 21.86; 20.13 19.63 18.52 21.24 22.21 15.13 30.81 30.32 41.26 39.02 27.72 26.45 58.59 41.07; 22.17 24.45 21.04 22.5 21.08 18.21 25.77 28.81 41.94 40.69 27.71 21.91 63.8 43.13; 20.87 21.35 19.39 21.67 21.81 16.24 29.08 29.8 41.49 39.6 27.72 24.89 60.38 41.78; 28.72 28.48 28.64 31.02 30.78 21.12 41.96 40.78 54.79 52.81 38.26 37.08 73.96 58.72; 26.06 30.86 32.08 31.99 29.22 23.95 33.63 38.41 52.69 53.32 36.14 28.48 75.61 57.38; 27.76 29.33 29.84 31.36 30.22 22.14 39.1 39.96 54.07 52.99 37.53 34.13 74.53 58.26; 35.02 34.59 38.49 39.9 36.43 26.36 49.05 48.76 64.63 61.04 45.91 43.81 83.15 70.47; 29.27 36.39 40.65 38.1 33.72 26.48 39.05 42.89 60.36 60.71 43.04 33.25 82.93 67.52; 32.95 35.23 39.24 39.28 35.46 26.4 45.61 46.74 63.16 60.93 44.92 40.19 83.08 69.46; 38.93 39.98 46.05 46.84 40.95 30.07 53.31 53.12 71.33 68.27 51.88 49.13 88.32 77.11; 31.3 40.9 48.18 44.6 39.1 29.01 42.91 46.61 64.96 66.58 47.38 37.24 86.01 72.53; 36.18 40.31 46.79 46.06 40.29 29.68 49.73 50.88 69.14 67.69 50.33 45.05 87.53 75.54; 41.89 43.85 52.01 53.57 44.51 33.87 56.82 57.41 76.62 73.23 56.04 51.95 91.07 81.54; 33.33 44.4 54.29 50.07 42.44 30.69 46.91 49.55 66.88 69.77 50.45 40.85 87.03 75.74; 38.8 44.04 52.8 52.35 43.77 32.73 53.41 54.71 73.27 72.04 54.11 48.14 89.69 79.55; 43.23 47.71 57.0 58.64 47.9 36.25 59.8 61.1 80.04 76.51 58.59 55.05 93.09 83.76; 34.69 47.6 58.05 55.14 45.35 32.38 49.48 53.01 70.46 72.07 53.13 43.3 87.68 79.2; 40.15 47.67 57.37 57.42 46.99 34.85 56.25 58.32 76.75 74.98 56.71 51.02 91.23 82.19; 45.52 51.57 60.26 63.08 51.86 38.06 62.23 63.51 81.92 78.85 61.01 57.87 94.03 86.78; 36.55 51.09 62.6 59.17 48.4 33.39 52.06 54.55 73.02 74.36 56.07 46.01 88.32 81.0; 42.28 51.4 61.08 61.72 50.62 36.37 58.73 60.43 78.86 77.3 59.3 53.8 92.07 84.8; 47.81 53.74 64.22 66.76 54.36 40.15 63.85 65.33 83.59 81.06 62.95 59.76 94.9 88.79; 38.24 54.73 65.45 62.55 50.44 33.73 54.25 57.23 74.81 75.64 59.39 47.81 88.83 83.06; 44.36 54.09 64.65 65.29 52.96 37.83 60.55 62.54 80.57 79.19 61.72 55.66 92.82 86.82]
