***** epoch: 0 ***** 
trn_loss: 0 
tst_loss: 0 
naive_trn_accuracy: 0 
naive_tst_accuracy: 0  
pck_val_accuracy: 0.2153312826062828  
[0.0 0.0 0.0 0.0 0.0 0.0 0.0 0.0 0.0 0.0 0.0 0.0 0.0 0.0; NaN NaN NaN NaN NaN NaN NaN NaN NaN NaN NaN NaN NaN NaN; 0.0 0.0 0.0 0.0 0.0 0.0 0.0 0.0 0.0 0.0 0.0 0.0 0.0 0.0; 0.65 0.69 0.41 0.92 0.23 1.03 0.82 0.61 1.52 2.12 1.12 0.41 4.99 2.65; NaN NaN NaN NaN NaN NaN NaN NaN NaN NaN NaN NaN NaN NaN; 0.65 0.69 0.41 0.92 0.23 1.03 0.82 0.61 1.52 2.12 1.12 0.41 4.99 2.65; 2.74 1.61 2.27 3.18 1.15 3.75 3.57 2.75 5.96 7.17 3.55 2.34 16.51 9.27; NaN NaN NaN NaN NaN NaN NaN NaN NaN NaN NaN NaN NaN NaN; 2.74 1.61 2.27 3.18 1.15 3.75 3.57 2.75 5.96 7.17 3.55 2.34 16.51 9.27; 5.74 3.57 5.15 7.17 3.69 6.59 6.42 5.3 13.54 15.15 7.61 5.49 30.48 16.6; NaN NaN NaN NaN NaN NaN NaN NaN NaN NaN NaN NaN NaN NaN; 5.74 3.57 5.15 7.17 3.69 6.59 6.42 5.3 13.54 15.15 7.61 5.49 30.48 16.6; 9.0 6.33 9.89 12.19 6.45 10.59 11.42 9.37 20.2 24.34 11.66 9.26 45.36 25.87; NaN NaN NaN NaN NaN NaN NaN NaN NaN NaN NaN NaN NaN NaN; 9.0 6.33 9.89 12.19 6.45 10.59 11.42 9.37 20.2 24.34 11.66 9.26 45.36 25.87; 12.26 8.98 16.17 17.21 10.02 14.21 15.09 13.54 28.79 32.63 16.73 12.31 59.33 35.34; NaN NaN NaN NaN NaN NaN NaN NaN NaN NaN NaN NaN NaN NaN; 12.26 8.98 16.17 17.21 10.02 14.21 15.09 13.54 28.79 32.63 16.73 12.31 59.33 35.34; 14.47 11.05 21.11 22.34 12.79 18.09 19.37 16.9 35.15 41.62 21.4 15.77 67.18 42.57; NaN NaN NaN NaN NaN NaN NaN NaN NaN NaN NaN NaN NaN NaN; 14.47 11.05 21.11 22.34 12.79 18.09 19.37 16.9 35.15 41.62 21.4 15.77 67.18 42.57; 16.82 13.35 25.03 28.28 14.86 21.45 23.96 21.08 42.12 48.38 26.57 19.23 73.09 50.1; NaN NaN NaN NaN NaN NaN NaN NaN NaN NaN NaN NaN NaN NaN; 16.82 13.35 25.03 28.28 14.86 21.45 23.96 21.08 42.12 48.38 26.57 19.23 73.09 50.1; 18.64 16.34 30.38 33.5 18.43 23.77 27.83 24.95 48.69 54.24 31.24 23.3 77.78 56.21; NaN NaN NaN NaN NaN NaN NaN NaN NaN NaN NaN NaN NaN NaN; 18.64 16.34 30.38 33.5 18.43 23.77 27.83 24.95 48.69 54.24 31.24 23.3 77.78 56.21; 21.25 19.79 36.25 38.11 21.43 26.23 30.68 28.21 54.55 59.9 36.11 26.75 79.92 61.81; NaN NaN NaN NaN NaN NaN NaN NaN NaN NaN NaN NaN NaN NaN; 21.25 19.79 36.25 38.11 21.43 26.23 30.68 28.21 54.55 59.9 36.11 26.75 79.92 61.81; 23.08 22.67 40.89 43.14 25.23 29.46 33.64 31.98 58.38 64.44 40.26 29.81 81.45 64.97; NaN NaN NaN NaN NaN NaN NaN NaN NaN NaN NaN NaN NaN NaN; 23.08 22.67 40.89 43.14 25.23 29.46 33.64 31.98 58.38 64.44 40.26 29.81 81.45 64.97]
***** epoch: 0 ***** 
trn_loss: 0 
tst_loss: 0 
naive_trn_accuracy: 0 
naive_tst_accuracy: 0  
pck_val_accuracy: 0.216581013431013  
[0.0 0.0 0.0 0.0 0.0 0.0 0.0 0.0 0.0 0.0 0.0 0.0 0.0 0.0; NaN NaN NaN NaN NaN NaN NaN NaN NaN NaN NaN NaN NaN NaN; 0.0 0.0 0.0 0.0 0.0 0.0 0.0 0.0 0.0 0.0 0.0 0.0 0.0 0.0; 0.26 0.35 0.72 1.23 0.58 0.52 1.12 0.61 1.31 1.92 0.71 0.51 6.52 1.83; NaN NaN NaN NaN NaN NaN NaN NaN NaN NaN NaN NaN NaN NaN; 0.26 0.35 0.72 1.23 0.58 0.52 1.12 0.61 1.31 1.92 0.71 0.51 6.52 1.83; 2.74 1.04 2.88 4.2 2.07 2.58 3.26 2.04 4.55 7.37 3.75 2.95 20.9 5.7; NaN NaN NaN NaN NaN NaN NaN NaN NaN NaN NaN NaN NaN NaN; 2.74 1.04 2.88 4.2 2.07 2.58 3.26 2.04 4.55 7.37 3.75 2.95 20.9 5.7; 6.0 1.96 6.39 8.3 3.8 6.46 6.73 4.38 10.51 15.76 8.62 5.39 36.39 12.83; NaN NaN NaN NaN NaN NaN NaN NaN NaN NaN NaN NaN NaN NaN; 6.0 1.96 6.39 8.3 3.8 6.46 6.73 4.38 10.51 15.76 8.62 5.39 36.39 12.83; 9.39 3.57 10.61 13.63 5.65 11.5 10.4 8.04 17.78 27.88 14.2 8.44 50.25 21.79; NaN NaN NaN NaN NaN NaN NaN NaN NaN NaN NaN NaN NaN NaN; 9.39 3.57 10.61 13.63 5.65 11.5 10.4 8.04 17.78 27.88 14.2 8.44 50.25 21.79; 11.73 6.56 15.55 18.85 8.18 16.15 14.68 13.03 24.95 37.27 19.68 12.92 62.28 31.06; NaN NaN NaN NaN NaN NaN NaN NaN NaN NaN NaN NaN NaN NaN; 11.73 6.56 15.55 18.85 8.18 16.15 14.68 13.03 24.95 37.27 19.68 12.92 62.28 31.06; 14.6 8.75 20.39 24.9 11.41 19.51 17.43 17.52 32.83 44.75 24.14 16.89 68.91 40.53; NaN NaN NaN NaN NaN NaN NaN NaN NaN NaN NaN NaN NaN NaN; 14.6 8.75 20.39 24.9 11.41 19.51 17.43 17.52 32.83 44.75 24.14 16.89 68.91 40.53; 17.21 11.28 24.2 30.84 14.86 22.35 20.49 20.98 40.0 50.61 28.9 20.04 74.01 48.47; NaN NaN NaN NaN NaN NaN NaN NaN NaN NaN NaN NaN NaN NaN; 17.21 11.28 24.2 30.84 14.86 22.35 20.49 20.98 40.0 50.61 28.9 20.04 74.01 48.47; 19.95 14.04 29.25 36.37 17.86 25.06 24.77 24.85 45.76 55.86 33.57 24.31 76.76 54.28; NaN NaN NaN NaN NaN NaN NaN NaN NaN NaN NaN NaN NaN NaN; 19.95 14.04 29.25 36.37 17.86 25.06 24.77 24.85 45.76 55.86 33.57 24.31 76.76 54.28; 21.51 16.92 33.57 42.62 21.54 27.91 29.26 29.53 51.01 59.49 37.83 28.89 77.98 59.88; NaN NaN NaN NaN NaN NaN NaN NaN NaN NaN NaN NaN NaN NaN; 21.51 16.92 33.57 42.62 21.54 27.91 29.26 29.53 51.01 59.49 37.83 28.89 77.98 59.88; 23.47 20.14 37.49 47.44 24.19 30.49 32.21 33.3 55.56 63.84 41.58 33.77 79.31 62.93; NaN NaN NaN NaN NaN NaN NaN NaN NaN NaN NaN NaN NaN NaN; 23.47 20.14 37.49 47.44 24.19 30.49 32.21 33.3 55.56 63.84 41.58 33.77 79.31 62.93]
***** epoch: 1 ***** 
trn_loss: 0 
tst_loss: 0 
naive_trn_accuracy: 0 
naive_tst_accuracy: 0  
pck_val_accuracy: 0.3029971972471971  
[0.0 0.0 0.0 0.0 0.0 0.0 0.0 0.0 0.0 0.0 0.0 0.0 0.0 0.0; NaN NaN NaN NaN NaN NaN NaN NaN NaN NaN NaN NaN NaN NaN; 0.0 0.0 0.0 0.0 0.0 0.0 0.0 0.0 0.0 0.0 0.0 0.0 0.0 0.0; 1.43 0.35 1.44 1.64 0.58 0.9 0.71 1.22 1.82 2.63 2.13 0.92 5.81 2.85; NaN NaN NaN NaN NaN NaN NaN NaN NaN NaN NaN NaN NaN NaN; 1.43 0.35 1.44 1.64 0.58 0.9 0.71 1.22 1.82 2.63 2.13 0.92 5.81 2.85; 4.82 1.04 5.97 5.33 3.23 3.88 4.99 3.97 7.58 11.11 5.17 4.58 22.73 11.3; NaN NaN NaN NaN NaN NaN NaN NaN NaN NaN NaN NaN NaN NaN; 4.82 1.04 5.97 5.33 3.23 3.88 4.99 3.97 7.58 11.11 5.17 4.58 22.73 11.3; 10.3 3.68 12.87 11.48 5.65 9.3 8.77 8.35 16.16 20.81 12.68 9.66 45.97 21.08; NaN NaN NaN NaN NaN NaN NaN NaN NaN NaN NaN NaN NaN NaN; 10.3 3.68 12.87 11.48 5.65 9.3 8.77 8.35 16.16 20.81 12.68 9.66 45.97 21.08; 15.65 7.94 19.36 18.65 8.87 16.02 16.11 14.87 28.28 32.02 19.47 13.73 60.75 33.71; NaN NaN NaN NaN NaN NaN NaN NaN NaN NaN NaN NaN NaN NaN; 15.65 7.94 19.36 18.65 8.87 16.02 16.11 14.87 28.28 32.02 19.47 13.73 60.75 33.71; 20.86 12.66 27.6 25.51 14.4 22.22 21.0 21.69 37.27 42.63 27.48 20.24 72.99 45.93; NaN NaN NaN NaN NaN NaN NaN NaN NaN NaN NaN NaN NaN NaN; 20.86 12.66 27.6 25.51 14.4 22.22 21.0 21.69 37.27 42.63 27.48 20.24 72.99 45.93; 24.77 16.69 35.32 32.99 18.89 27.26 25.08 28.31 46.77 50.2 33.77 24.82 77.88 56.42; NaN NaN NaN NaN NaN NaN NaN NaN NaN NaN NaN NaN NaN NaN; 24.77 16.69 35.32 32.99 18.89 27.26 25.08 28.31 46.77 50.2 33.77 24.82 77.88 56.42; 28.16 22.09 41.4 42.01 23.16 33.07 29.56 33.5 52.53 56.26 38.74 29.91 81.75 63.75; NaN NaN NaN NaN NaN NaN NaN NaN NaN NaN NaN NaN NaN NaN; 28.16 22.09 41.4 42.01 23.16 33.07 29.56 33.5 52.53 56.26 38.74 29.91 81.75 63.75; 30.9 27.85 47.79 48.26 29.03 36.43 34.66 39.0 58.08 62.02 43.1 33.98 84.1 69.86; NaN NaN NaN NaN NaN NaN NaN NaN NaN NaN NaN NaN NaN NaN; 30.9 27.85 47.79 48.26 29.03 36.43 34.66 39.0 58.08 62.02 43.1 33.98 84.1 69.86; 33.12 31.65 52.73 55.53 32.72 40.05 38.84 42.97 61.82 66.87 46.96 38.35 85.22 74.03; NaN NaN NaN NaN NaN NaN NaN NaN NaN NaN NaN NaN NaN NaN; 33.12 31.65 52.73 55.53 32.72 40.05 38.84 42.97 61.82 66.87 46.96 38.35 85.22 74.03; 35.59 35.56 57.05 59.63 35.48 43.54 42.51 46.74 64.95 70.81 50.51 41.91 86.14 76.48; NaN NaN NaN NaN NaN NaN NaN NaN NaN NaN NaN NaN NaN NaN; 35.59 35.56 57.05 59.63 35.48 43.54 42.51 46.74 64.95 70.81 50.51 41.91 86.14 76.48]
***** epoch: 2 ***** 
trn_loss: 0 
tst_loss: 0 
naive_trn_accuracy: 0 
naive_tst_accuracy: 0  
pck_val_accuracy: 0.345688297813298  
[0.0 0.0 0.0 0.0 0.0 0.0 0.0 0.0 0.0 0.0 0.0 0.0 0.0 0.0; NaN NaN NaN NaN NaN NaN NaN NaN NaN NaN NaN NaN NaN NaN; 0.0 0.0 0.0 0.0 0.0 0.0 0.0 0.0 0.0 0.0 0.0 0.0 0.0 0.0; 1.69 0.81 1.75 1.95 1.04 0.9 1.73 1.22 3.03 3.43 2.33 1.53 6.73 3.05; NaN NaN NaN NaN NaN NaN NaN NaN NaN NaN NaN NaN NaN NaN; 1.69 0.81 1.75 1.95 1.04 0.9 1.73 1.22 3.03 3.43 2.33 1.53 6.73 3.05; 5.87 2.53 7.42 6.05 4.84 4.91 6.01 5.8 11.41 12.32 7.1 4.98 26.81 13.34; NaN NaN NaN NaN NaN NaN NaN NaN NaN NaN NaN NaN NaN NaN; 5.87 2.53 7.42 6.05 4.84 4.91 6.01 5.8 11.41 12.32 7.1 4.98 26.81 13.34; 11.34 6.67 15.35 13.52 8.76 9.95 12.23 12.22 21.41 23.43 14.5 10.78 50.66 23.52; NaN NaN NaN NaN NaN NaN NaN NaN NaN NaN NaN NaN NaN NaN; 11.34 6.67 15.35 13.52 8.76 9.95 12.23 12.22 21.41 23.43 14.5 10.78 50.66 23.52; 18.38 11.05 23.69 21.82 12.44 16.41 19.98 20.06 33.03 34.65 22.01 18.01 67.07 40.12; NaN NaN NaN NaN NaN NaN NaN NaN NaN NaN NaN NaN NaN NaN; 18.38 11.05 23.69 21.82 12.44 16.41 19.98 20.06 33.03 34.65 22.01 18.01 67.07 40.12; 25.16 14.73 32.54 29.2 17.97 22.35 26.4 27.29 42.93 45.25 31.03 25.33 76.66 54.07; NaN NaN NaN NaN NaN NaN NaN NaN NaN NaN NaN NaN NaN NaN; 25.16 14.73 32.54 29.2 17.97 22.35 26.4 27.29 42.93 45.25 31.03 25.33 76.66 54.07; 28.42 20.71 38.83 37.81 23.5 28.42 31.4 34.42 50.71 52.32 38.34 30.42 82.26 63.44; NaN NaN NaN NaN NaN NaN NaN NaN NaN NaN NaN NaN NaN NaN; 28.42 20.71 38.83 37.81 23.5 28.42 31.4 34.42 50.71 52.32 38.34 30.42 82.26 63.44; 31.55 25.55 46.04 45.9 28.46 32.43 37.0 40.02 57.37 58.08 43.0 34.69 84.91 71.49; NaN NaN NaN NaN NaN NaN NaN NaN NaN NaN NaN NaN NaN NaN; 31.55 25.55 46.04 45.9 28.46 32.43 37.0 40.02 57.37 58.08 43.0 34.69 84.91 71.49; 35.98 30.84 53.76 54.61 32.95 36.82 41.08 45.21 61.62 63.94 47.77 39.27 86.34 75.76; NaN NaN NaN NaN NaN NaN NaN NaN NaN NaN NaN NaN NaN NaN; 35.98 30.84 53.76 54.61 32.95 36.82 41.08 45.21 61.62 63.94 47.77 39.27 86.34 75.76; 38.46 35.21 59.73 60.86 37.9 41.34 44.75 49.8 65.15 68.28 51.52 42.83 87.46 79.23; NaN NaN NaN NaN NaN NaN NaN NaN NaN NaN NaN NaN NaN NaN; 38.46 35.21 59.73 60.86 37.9 41.34 44.75 49.8 65.15 68.28 51.52 42.83 87.46 79.23; 41.46 40.39 63.54 65.47 41.71 44.7 47.6 53.67 68.99 71.82 54.06 46.08 87.97 81.57; NaN NaN NaN NaN NaN NaN NaN NaN NaN NaN NaN NaN NaN NaN; 41.46 40.39 63.54 65.47 41.71 44.7 47.6 53.67 68.99 71.82 54.06 46.08 87.97 81.57]
***** epoch: 3 ***** 
trn_loss: 0 
tst_loss: 0 
naive_trn_accuracy: 0 
naive_tst_accuracy: 0  
pck_val_accuracy: 0.3785262681762685  
[0.0 0.0 0.0 0.0 0.0 0.0 0.0 0.0 0.0 0.0 0.0 0.0 0.0 0.0; NaN NaN NaN NaN NaN NaN NaN NaN NaN NaN NaN NaN NaN NaN; 0.0 0.0 0.0 0.0 0.0 0.0 0.0 0.0 0.0 0.0 0.0 0.0 0.0 0.0; 2.09 1.04 2.16 2.15 1.38 1.29 2.24 1.12 3.33 3.64 2.84 2.14 8.15 3.26; NaN NaN NaN NaN NaN NaN NaN NaN NaN NaN NaN NaN NaN NaN; 2.09 1.04 2.16 2.15 1.38 1.29 2.24 1.12 3.33 3.64 2.84 2.14 8.15 3.26; 6.13 3.57 8.14 7.27 4.72 5.04 7.34 6.31 12.63 14.04 8.42 6.41 28.54 15.38; NaN NaN NaN NaN NaN NaN NaN NaN NaN NaN NaN NaN NaN NaN; 6.13 3.57 8.14 7.27 4.72 5.04 7.34 6.31 12.63 14.04 8.42 6.41 28.54 15.38; 12.78 8.63 16.58 15.06 9.56 10.21 15.39 13.65 24.14 25.66 17.75 13.94 55.05 29.23; NaN NaN NaN NaN NaN NaN NaN NaN NaN NaN NaN NaN NaN NaN; 12.78 8.63 16.58 15.06 9.56 10.21 15.39 13.65 24.14 25.66 17.75 13.94 55.05 29.23; 19.95 13.23 25.13 24.59 14.75 16.28 23.14 22.3 35.76 37.78 25.15 20.55 71.76 46.54; NaN NaN NaN NaN NaN NaN NaN NaN NaN NaN NaN NaN NaN NaN; 19.95 13.23 25.13 24.59 14.75 16.28 23.14 22.3 35.76 37.78 25.15 20.55 71.76 46.54; 27.9 18.3 34.6 32.48 20.51 23.0 30.89 31.36 44.44 48.69 34.69 28.18 79.2 61.3; NaN NaN NaN NaN NaN NaN NaN NaN NaN NaN NaN NaN NaN NaN; 27.9 18.3 34.6 32.48 20.51 23.0 30.89 31.36 44.44 48.69 34.69 28.18 79.2 61.3; 31.94 24.4 42.43 41.5 25.58 28.68 35.68 38.8 52.02 56.67 40.97 33.16 84.0 69.04; NaN NaN NaN NaN NaN NaN NaN NaN NaN NaN NaN NaN NaN NaN; 31.94 24.4 42.43 41.5 25.58 28.68 35.68 38.8 52.02 56.67 40.97 33.16 84.0 69.04; 35.98 28.31 49.02 49.39 30.88 34.11 40.47 44.5 58.79 61.11 45.64 38.56 86.03 75.76; NaN NaN NaN NaN NaN NaN NaN NaN NaN NaN NaN NaN NaN NaN; 35.98 28.31 49.02 49.39 30.88 34.11 40.47 44.5 58.79 61.11 45.64 38.56 86.03 75.76; 38.85 33.37 56.33 57.68 35.37 38.24 44.85 48.88 63.64 66.57 50.3 42.83 87.97 78.72; NaN NaN NaN NaN NaN NaN NaN NaN NaN NaN NaN NaN NaN NaN; 38.85 33.37 56.33 57.68 35.37 38.24 44.85 48.88 63.64 66.57 50.3 42.83 87.97 78.72; 41.72 38.2 61.79 63.52 39.63 42.89 47.81 53.05 66.77 70.0 53.85 45.57 88.89 81.67; NaN NaN NaN NaN NaN NaN NaN NaN NaN NaN NaN NaN NaN NaN; 41.72 38.2 61.79 63.52 39.63 42.89 47.81 53.05 66.77 70.0 53.85 45.57 88.89 81.67; 44.2 42.92 65.4 68.65 44.01 47.16 50.25 56.72 70.3 73.54 56.19 49.54 89.4 83.6; NaN NaN NaN NaN NaN NaN NaN NaN NaN NaN NaN NaN NaN NaN; 44.2 42.92 65.4 68.65 44.01 47.16 50.25 56.72 70.3 73.54 56.19 49.54 89.4 83.6]
***** epoch: 4 ***** 
trn_loss: 0 
tst_loss: 0 
naive_trn_accuracy: 0 
naive_tst_accuracy: 0  
pck_val_accuracy: 0.40582560495060555  
[0.0 0.0 0.0 0.0 0.0 0.0 0.0 0.0 0.0 0.0 0.0 0.0 0.0 0.0; NaN NaN NaN NaN NaN NaN NaN NaN NaN NaN NaN NaN NaN NaN; 0.0 0.0 0.0 0.0 0.0 0.0 0.0 0.0 0.0 0.0 0.0 0.0 0.0 0.0; 2.09 1.04 2.37 2.77 1.84 1.03 2.75 1.73 4.04 3.84 3.55 2.34 10.4 4.07; NaN NaN NaN NaN NaN NaN NaN NaN NaN NaN NaN NaN NaN NaN; 2.09 1.04 2.37 2.77 1.84 1.03 2.75 1.73 4.04 3.84 3.55 2.34 10.4 4.07; 5.22 4.26 8.14 7.99 6.11 5.17 9.79 6.72 13.94 16.36 9.63 8.04 34.35 17.52; NaN NaN NaN NaN NaN NaN NaN NaN NaN NaN NaN NaN NaN NaN; 5.22 4.26 8.14 7.99 6.11 5.17 9.79 6.72 13.94 16.36 9.63 8.04 34.35 17.52; 12.52 9.09 17.2 15.88 11.29 10.21 17.94 15.48 26.06 29.8 18.76 15.67 59.33 34.73; NaN NaN NaN NaN NaN NaN NaN NaN NaN NaN NaN NaN NaN NaN; 12.52 9.09 17.2 15.88 11.29 10.21 17.94 15.48 26.06 29.8 18.76 15.67 59.33 34.73; 21.12 15.19 27.19 25.72 17.74 16.41 25.48 25.15 38.28 43.13 27.89 22.18 75.23 50.92; NaN NaN NaN NaN NaN NaN NaN NaN NaN NaN NaN NaN NaN NaN; 21.12 15.19 27.19 25.72 17.74 16.41 25.48 25.15 38.28 43.13 27.89 22.18 75.23 50.92; 27.9 21.52 36.25 35.04 23.73 24.42 34.56 34.42 46.97 54.24 36.61 30.11 81.45 65.68; NaN NaN NaN NaN NaN NaN NaN NaN NaN NaN NaN NaN NaN NaN; 27.9 21.52 36.25 35.04 23.73 24.42 34.56 34.42 46.97 54.24 36.61 30.11 81.45 65.68; 32.72 27.04 45.11 43.03 28.92 28.94 40.37 41.96 53.94 60.91 42.8 34.99 85.52 73.42; NaN NaN NaN NaN NaN NaN NaN NaN NaN NaN NaN NaN NaN NaN; 32.72 27.04 45.11 43.03 28.92 28.94 40.37 41.96 53.94 60.91 42.8 34.99 85.52 73.42; 36.51 31.99 50.98 51.23 33.41 34.37 44.44 47.86 60.71 64.44 46.86 40.79 87.36 78.82; NaN NaN NaN NaN NaN NaN NaN NaN NaN NaN NaN NaN NaN NaN; 36.51 31.99 50.98 51.23 33.41 34.37 44.44 47.86 60.71 64.44 46.86 40.79 87.36 78.82; 39.63 37.28 56.95 58.81 37.79 37.6 48.83 52.04 64.65 68.99 50.91 45.47 88.99 81.47; NaN NaN NaN NaN NaN NaN NaN NaN NaN NaN NaN NaN NaN NaN; 39.63 37.28 56.95 58.81 37.79 37.6 48.83 52.04 64.65 68.99 50.91 45.47 88.99 81.47; 43.55 41.31 62.1 64.55 41.82 43.02 51.78 56.31 68.08 72.53 55.07 48.42 89.81 83.71; NaN NaN NaN NaN NaN NaN NaN NaN NaN NaN NaN NaN NaN NaN; 43.55 41.31 62.1 64.55 41.82 43.02 51.78 56.31 68.08 72.53 55.07 48.42 89.81 83.71; 46.28 44.99 66.63 69.47 46.08 46.9 54.23 58.66 71.31 75.45 57.61 51.88 90.42 85.54; NaN NaN NaN NaN NaN NaN NaN NaN NaN NaN NaN NaN NaN NaN; 46.28 44.99 66.63 69.47 46.08 46.9 54.23 58.66 71.31 75.45 57.61 51.88 90.42 85.54]
***** epoch: 5 ***** 
trn_loss: 0 
tst_loss: 0 
naive_trn_accuracy: 0 
naive_tst_accuracy: 0  
pck_val_accuracy: 0.4249738206238212  
[0.0 0.0 0.0 0.0 0.0 0.0 0.0 0.0 0.0 0.0 0.0 0.0 0.0 0.0; NaN NaN NaN NaN NaN NaN NaN NaN NaN NaN NaN NaN NaN NaN; 0.0 0.0 0.0 0.0 0.0 0.0 0.0 0.0 0.0 0.0 0.0 0.0 0.0 0.0; 1.3 1.61 2.27 2.77 1.96 1.16 3.16 1.73 3.54 4.44 3.14 2.64 11.72 5.4; NaN NaN NaN NaN NaN NaN NaN NaN NaN NaN NaN NaN NaN NaN; 1.3 1.61 2.27 2.77 1.96 1.16 3.16 1.73 3.54 4.44 3.14 2.64 11.72 5.4; 5.48 5.87 8.65 8.4 7.37 5.81 10.5 7.43 15.45 18.38 9.63 8.65 37.31 20.06; NaN NaN NaN NaN NaN NaN NaN NaN NaN NaN NaN NaN NaN NaN; 5.48 5.87 8.65 8.4 7.37 5.81 10.5 7.43 15.45 18.38 9.63 8.65 37.31 20.06; 13.43 10.93 18.43 17.32 12.67 10.85 19.27 17.11 29.7 31.82 19.17 17.19 62.49 39.0; NaN NaN NaN NaN NaN NaN NaN NaN NaN NaN NaN NaN NaN NaN; 13.43 10.93 18.43 17.32 12.67 10.85 19.27 17.11 29.7 31.82 19.17 17.19 62.49 39.0; 23.34 17.38 28.42 27.15 20.28 18.22 27.32 28.0 41.52 44.34 29.51 24.11 76.66 55.09; NaN NaN NaN NaN NaN NaN NaN NaN NaN NaN NaN NaN NaN NaN; 23.34 17.38 28.42 27.15 20.28 18.22 27.32 28.0 41.52 44.34 29.51 24.11 76.66 55.09; 30.51 23.25 37.18 37.09 26.15 24.68 37.1 36.97 51.31 56.16 37.12 32.25 82.57 67.62; NaN NaN NaN NaN NaN NaN NaN NaN NaN NaN NaN NaN NaN NaN; 30.51 23.25 37.18 37.09 26.15 24.68 37.1 36.97 51.31 56.16 37.12 32.25 82.57 67.62; 36.38 28.65 46.55 46.0 31.68 29.33 42.1 44.09 57.37 62.22 43.91 37.13 86.03 75.97; NaN NaN NaN NaN NaN NaN NaN NaN NaN NaN NaN NaN NaN NaN; 36.38 28.65 46.55 46.0 31.68 29.33 42.1 44.09 57.37 62.22 43.91 37.13 86.03 75.97; 40.16 34.87 52.01 53.69 36.75 34.63 46.18 50.0 63.43 66.87 48.48 42.52 88.18 80.35; NaN NaN NaN NaN NaN NaN NaN NaN NaN NaN NaN NaN NaN NaN; 40.16 34.87 52.01 53.69 36.75 34.63 46.18 50.0 63.43 66.87 48.48 42.52 88.18 80.35; 42.76 39.36 57.57 60.25 41.59 38.24 50.36 54.79 67.47 71.01 52.13 46.9 89.5 83.5; NaN NaN NaN NaN NaN NaN NaN NaN NaN NaN NaN NaN NaN NaN; 42.76 39.36 57.57 60.25 41.59 38.24 50.36 54.79 67.47 71.01 52.13 46.9 89.5 83.5; 46.41 43.27 63.34 66.09 44.35 44.32 53.01 59.27 70.61 73.64 56.09 49.85 90.11 85.54; NaN NaN NaN NaN NaN NaN NaN NaN NaN NaN NaN NaN NaN NaN; 46.41 43.27 63.34 66.09 44.35 44.32 53.01 59.27 70.61 73.64 56.09 49.85 90.11 85.54; 49.54 47.18 67.46 70.8 48.5 48.84 55.96 61.3 72.63 76.36 59.03 52.7 90.72 86.97; NaN NaN NaN NaN NaN NaN NaN NaN NaN NaN NaN NaN NaN NaN; 49.54 47.18 67.46 70.8 48.5 48.84 55.96 61.3 72.63 76.36 59.03 52.7 90.72 86.97]
***** epoch: 6 ***** 
trn_loss: 0 
tst_loss: 0 
naive_trn_accuracy: 0 
naive_tst_accuracy: 0  
pck_val_accuracy: 0.44272839660339713  
[0.0 0.0 0.0 0.0 0.0 0.0 0.0 0.0 0.0 0.0 0.0 0.0 0.0 0.0; NaN NaN NaN NaN NaN NaN NaN NaN NaN NaN NaN NaN NaN NaN; 0.0 0.0 0.0 0.0 0.0 0.0 0.0 0.0 0.0 0.0 0.0 0.0 0.0 0.0; 1.43 2.07 2.27 2.87 1.96 1.94 3.77 1.53 4.04 5.76 2.43 2.24 11.93 6.01; NaN NaN NaN NaN NaN NaN NaN NaN NaN NaN NaN NaN NaN NaN; 1.43 2.07 2.27 2.87 1.96 1.94 3.77 1.53 4.04 5.76 2.43 2.24 11.93 6.01; 6.78 6.67 10.09 9.22 7.83 6.72 12.23 8.96 18.48 20.71 10.04 8.85 38.63 22.1; NaN NaN NaN NaN NaN NaN NaN NaN NaN NaN NaN NaN NaN NaN; 6.78 6.67 10.09 9.22 7.83 6.72 12.23 8.96 18.48 20.71 10.04 8.85 38.63 22.1; 13.82 12.08 20.91 19.57 13.94 12.79 21.0 19.35 32.83 33.64 20.69 18.11 64.12 40.73; NaN NaN NaN NaN NaN NaN NaN NaN NaN NaN NaN NaN NaN NaN; 13.82 12.08 20.91 19.57 13.94 12.79 21.0 19.35 32.83 33.64 20.69 18.11 64.12 40.73; 24.12 18.99 30.79 29.0 22.7 20.8 29.66 30.14 44.44 46.97 31.14 25.43 78.08 57.54; NaN NaN NaN NaN NaN NaN NaN NaN NaN NaN NaN NaN NaN NaN; 24.12 18.99 30.79 29.0 22.7 20.8 29.66 30.14 44.44 46.97 31.14 25.43 78.08 57.54; 32.33 24.4 40.16 39.04 27.65 26.74 38.02 39.0 54.14 58.08 38.95 32.25 84.1 69.45; NaN NaN NaN NaN NaN NaN NaN NaN NaN NaN NaN NaN NaN NaN; 32.33 24.4 40.16 39.04 27.65 26.74 38.02 39.0 54.14 58.08 38.95 32.25 84.1 69.45; 38.46 30.26 48.61 47.95 33.64 31.52 42.41 46.44 61.01 63.23 46.25 38.15 86.75 78.0; NaN NaN NaN NaN NaN NaN NaN NaN NaN NaN NaN NaN NaN NaN; 38.46 30.26 48.61 47.95 33.64 31.52 42.41 46.44 61.01 63.23 46.25 38.15 86.75 78.0; 42.5 36.25 53.86 55.02 38.36 37.73 46.48 52.14 65.35 67.27 51.01 43.54 88.28 81.57; NaN NaN NaN NaN NaN NaN NaN NaN NaN NaN NaN NaN NaN NaN; 42.5 36.25 53.86 55.02 38.36 37.73 46.48 52.14 65.35 67.27 51.01 43.54 88.28 81.57; 45.5 40.97 58.29 61.58 43.09 41.47 50.76 57.03 68.89 72.32 54.97 47.91 89.7 83.5; NaN NaN NaN NaN NaN NaN NaN NaN NaN NaN NaN NaN NaN NaN; 45.5 40.97 58.29 61.58 43.09 41.47 50.76 57.03 68.89 72.32 54.97 47.91 89.7 83.5; 48.76 45.22 64.26 67.11 45.62 45.87 53.62 60.29 72.42 74.14 58.52 51.37 90.32 85.64; NaN NaN NaN NaN NaN NaN NaN NaN NaN NaN NaN NaN NaN NaN; 48.76 45.22 64.26 67.11 45.62 45.87 53.62 60.29 72.42 74.14 58.52 51.37 90.32 85.64; 51.76 49.02 68.59 71.52 49.08 50.26 56.57 62.32 74.55 77.17 61.16 54.22 91.13 86.97; NaN NaN NaN NaN NaN NaN NaN NaN NaN NaN NaN NaN NaN NaN; 51.76 49.02 68.59 71.52 49.08 50.26 56.57 62.32 74.55 77.17 61.16 54.22 91.13 86.97]
***** epoch: 7 ***** 
trn_loss: 0 
tst_loss: 0 
naive_trn_accuracy: 0 
naive_tst_accuracy: 0  
pck_val_accuracy: 0.457489016539017  
[0.0 0.0 0.0 0.0 0.0 0.0 0.0 0.0 0.0 0.0 0.0 0.0 0.0 0.0; NaN NaN NaN NaN NaN NaN NaN NaN NaN NaN NaN NaN NaN NaN; 0.0 0.0 0.0 0.0 0.0 0.0 0.0 0.0 0.0 0.0 0.0 0.0 0.0 0.0; 1.3 2.42 2.57 2.66 2.07 1.81 4.18 1.73 5.76 6.26 2.64 2.64 12.33 6.21; NaN NaN NaN NaN NaN NaN NaN NaN NaN NaN NaN NaN NaN NaN; 1.3 2.42 2.57 2.66 2.07 1.81 4.18 1.73 5.76 6.26 2.64 2.64 12.33 6.21; 5.61 7.94 10.61 10.55 8.99 6.98 13.25 9.98 19.8 21.82 10.34 9.16 39.45 23.63; NaN NaN NaN NaN NaN NaN NaN NaN NaN NaN NaN NaN NaN NaN; 5.61 7.94 10.61 10.55 8.99 6.98 13.25 9.98 19.8 21.82 10.34 9.16 39.45 23.63; 13.43 14.5 20.49 20.49 16.01 14.34 22.32 20.77 35.66 36.26 21.6 18.01 65.44 44.4; NaN NaN NaN NaN NaN NaN NaN NaN NaN NaN NaN NaN NaN NaN; 13.43 14.5 20.49 20.49 16.01 14.34 22.32 20.77 35.66 36.26 21.6 18.01 65.44 44.4; 23.99 21.52 30.28 31.05 24.77 23.39 30.78 32.28 47.98 49.09 32.45 26.55 79.71 60.59; NaN NaN NaN NaN NaN NaN NaN NaN NaN NaN NaN NaN NaN NaN; 23.99 21.52 30.28 31.05 24.77 23.39 30.78 32.28 47.98 49.09 32.45 26.55 79.71 60.59; 32.33 26.47 40.27 40.27 29.72 29.2 38.84 41.34 56.87 59.6 40.57 33.98 84.91 72.0; NaN NaN NaN NaN NaN NaN NaN NaN NaN NaN NaN NaN NaN NaN; 32.33 26.47 40.27 40.27 29.72 29.2 38.84 41.34 56.87 59.6 40.57 33.98 84.91 72.0; 38.59 31.99 48.92 49.18 35.48 34.37 44.14 48.27 62.73 65.45 47.36 39.88 87.16 78.51; NaN NaN NaN NaN NaN NaN NaN NaN NaN NaN NaN NaN NaN NaN; 38.59 31.99 48.92 49.18 35.48 34.37 44.14 48.27 62.73 65.45 47.36 39.88 87.16 78.51; 42.89 37.74 53.55 56.76 39.75 40.31 48.42 53.97 67.07 68.38 52.54 45.98 88.79 82.59; NaN NaN NaN NaN NaN NaN NaN NaN NaN NaN NaN NaN NaN NaN; 42.89 37.74 53.55 56.76 39.75 40.31 48.42 53.97 67.07 68.38 52.54 45.98 88.79 82.59; 45.37 42.58 58.08 62.6 45.05 44.06 52.91 58.66 70.61 72.63 56.19 49.75 90.01 84.01; NaN NaN NaN NaN NaN NaN NaN NaN NaN NaN NaN NaN NaN NaN; 45.37 42.58 58.08 62.6 45.05 44.06 52.91 58.66 70.61 72.63 56.19 49.75 90.01 84.01; 48.5 45.68 64.26 68.03 47.7 47.16 55.96 61.71 74.34 75.25 59.43 53.31 90.93 86.15; NaN NaN NaN NaN NaN NaN NaN NaN NaN NaN NaN NaN NaN NaN; 48.5 45.68 64.26 68.03 47.7 47.16 55.96 61.71 74.34 75.25 59.43 53.31 90.93 86.15; 51.5 49.14 69.41 72.54 50.81 50.9 58.72 63.75 76.87 77.78 62.58 56.05 91.64 87.37; NaN NaN NaN NaN NaN NaN NaN NaN NaN NaN NaN NaN NaN NaN; 51.5 49.14 69.41 72.54 50.81 50.9 58.72 63.75 76.87 77.78 62.58 56.05 91.64 87.37]
***** epoch: 8 ***** 
trn_loss: 0 
tst_loss: 0 
naive_trn_accuracy: 0 
naive_tst_accuracy: 0  
pck_val_accuracy: 0.4716451326451333  
[0.0 0.0 0.0 0.0 0.0 0.0 0.0 0.0 0.0 0.0 0.0 0.0 0.0 0.0; NaN NaN NaN NaN NaN NaN NaN NaN NaN NaN NaN NaN NaN NaN; 0.0 0.0 0.0 0.0 0.0 0.0 0.0 0.0 0.0 0.0 0.0 0.0 0.0 0.0; 1.56 2.65 2.88 2.66 2.19 2.07 4.79 2.14 6.77 6.36 3.14 2.95 13.25 6.52; NaN NaN NaN NaN NaN NaN NaN NaN NaN NaN NaN NaN NaN NaN; 1.56 2.65 2.88 2.66 2.19 2.07 4.79 2.14 6.77 6.36 3.14 2.95 13.25 6.52; 6.13 8.63 11.33 10.55 9.22 6.72 14.48 11.3 22.32 22.63 12.47 10.27 41.39 24.54; NaN NaN NaN NaN NaN NaN NaN NaN NaN NaN NaN NaN NaN NaN; 6.13 8.63 11.33 10.55 9.22 6.72 14.48 11.3 22.32 22.63 12.47 10.27 41.39 24.54; 14.08 15.54 21.63 21.41 16.82 14.99 24.16 22.2 38.08 37.98 23.23 18.72 66.77 46.44; NaN NaN NaN NaN NaN NaN NaN NaN NaN NaN NaN NaN NaN NaN; 14.08 15.54 21.63 21.41 16.82 14.99 24.16 22.2 38.08 37.98 23.23 18.72 66.77 46.44; 23.73 22.44 31.93 31.45 25.69 23.26 33.23 33.91 51.72 51.72 32.45 28.28 79.82 62.42; NaN NaN NaN NaN NaN NaN NaN NaN NaN NaN NaN NaN NaN NaN; 23.73 22.44 31.93 31.45 25.69 23.26 33.23 33.91 51.72 51.72 32.45 28.28 79.82 62.42; 31.94 28.08 41.5 41.29 30.99 30.1 40.67 42.97 60.51 61.21 41.58 35.71 85.02 73.12; NaN NaN NaN NaN NaN NaN NaN NaN NaN NaN NaN NaN NaN NaN; 31.94 28.08 41.5 41.29 30.99 30.1 40.67 42.97 60.51 61.21 41.58 35.71 85.02 73.12; 38.98 34.18 48.71 50.0 36.52 35.01 46.48 49.69 65.96 67.68 48.99 41.91 87.56 78.62; NaN NaN NaN NaN NaN NaN NaN NaN NaN NaN NaN NaN NaN NaN; 38.98 34.18 48.71 50.0 36.52 35.01 46.48 49.69 65.96 67.68 48.99 41.91 87.56 78.62; 43.55 39.82 54.38 57.48 41.47 40.96 50.46 55.6 70.3 70.2 54.16 48.02 89.09 82.28; NaN NaN NaN NaN NaN NaN NaN NaN NaN NaN NaN NaN NaN NaN; 43.55 39.82 54.38 57.48 41.47 40.96 50.46 55.6 70.3 70.2 54.16 48.02 89.09 82.28; 46.94 44.19 60.04 63.32 45.85 44.19 54.43 60.39 73.54 74.14 57.61 51.27 90.01 84.32; NaN NaN NaN NaN NaN NaN NaN NaN NaN NaN NaN NaN NaN NaN; 46.94 44.19 60.04 63.32 45.85 44.19 54.43 60.39 73.54 74.14 57.61 51.27 90.01 84.32; 49.54 47.3 64.78 69.06 49.19 47.29 57.19 62.53 76.26 76.87 60.55 54.43 90.93 86.25; NaN NaN NaN NaN NaN NaN NaN NaN NaN NaN NaN NaN NaN NaN; 49.54 47.3 64.78 69.06 49.19 47.29 57.19 62.53 76.26 76.87 60.55 54.43 90.93 86.25; 52.02 50.4 69.93 72.95 52.3 51.29 60.65 64.97 78.18 78.79 63.69 57.17 91.54 87.47; NaN NaN NaN NaN NaN NaN NaN NaN NaN NaN NaN NaN NaN NaN; 52.02 50.4 69.93 72.95 52.3 51.29 60.65 64.97 78.18 78.79 63.69 57.17 91.54 87.47]
***** epoch: 9 ***** 
trn_loss: 0 
tst_loss: 0 
naive_trn_accuracy: 0 
naive_tst_accuracy: 0  
pck_val_accuracy: 0.48306676101676166  
[0.0 0.0 0.0 0.0 0.0 0.0 0.0 0.0 0.0 0.0 0.0 0.0 0.0 0.0; NaN NaN NaN NaN NaN NaN NaN NaN NaN NaN NaN NaN NaN NaN; 0.0 0.0 0.0 0.0 0.0 0.0 0.0 0.0 0.0 0.0 0.0 0.0 0.0 0.0; 1.96 2.42 2.78 2.97 1.73 1.55 5.61 2.04 7.37 6.26 3.14 2.85 14.58 6.52; NaN NaN NaN NaN NaN NaN NaN NaN NaN NaN NaN NaN NaN NaN; 1.96 2.42 2.78 2.97 1.73 1.55 5.61 2.04 7.37 6.26 3.14 2.85 14.58 6.52; 6.65 8.4 11.53 11.27 9.22 6.46 15.6 12.53 22.63 23.64 13.39 10.89 42.2 25.05; NaN NaN NaN NaN NaN NaN NaN NaN NaN NaN NaN NaN NaN NaN; 6.65 8.4 11.53 11.27 9.22 6.46 15.6 12.53 22.63 23.64 13.39 10.89 42.2 25.05; 14.6 15.77 22.55 23.05 17.97 15.5 24.87 23.73 38.79 39.7 23.83 20.14 67.07 48.17; NaN NaN NaN NaN NaN NaN NaN NaN NaN NaN NaN NaN NaN NaN; 14.6 15.77 22.55 23.05 17.97 15.5 24.87 23.73 38.79 39.7 23.83 20.14 67.07 48.17; 24.25 23.94 32.03 32.68 27.07 24.42 34.96 35.74 53.43 53.74 34.08 29.81 79.2 62.63; NaN NaN NaN NaN NaN NaN NaN NaN NaN NaN NaN NaN NaN NaN; 24.25 23.94 32.03 32.68 27.07 24.42 34.96 35.74 53.43 53.74 34.08 29.81 79.2 62.63; 32.99 30.03 41.92 42.11 32.49 30.75 42.0 44.3 62.32 63.33 43.2 36.72 85.02 73.93; NaN NaN NaN NaN NaN NaN NaN NaN NaN NaN NaN NaN NaN NaN; 32.99 30.03 41.92 42.11 32.49 30.75 42.0 44.3 62.32 63.33 43.2 36.72 85.02 73.93; 39.5 36.36 49.43 50.72 37.9 35.27 47.91 51.53 67.78 69.9 50.2 42.73 87.46 79.53; NaN NaN NaN NaN NaN NaN NaN NaN NaN NaN NaN NaN NaN NaN; 39.5 36.36 49.43 50.72 37.9 35.27 47.91 51.53 67.78 69.9 50.2 42.73 87.46 79.53; 43.55 41.43 55.41 58.09 43.43 40.57 51.48 57.33 72.22 72.73 55.88 48.22 89.09 82.99; NaN NaN NaN NaN NaN NaN NaN NaN NaN NaN NaN NaN NaN NaN; 43.55 41.43 55.41 58.09 43.43 40.57 51.48 57.33 72.22 72.73 55.88 48.22 89.09 82.99; 46.68 45.11 61.07 63.73 47.0 43.67 55.15 61.71 75.05 76.16 59.43 51.48 90.01 84.93; NaN NaN NaN NaN NaN NaN NaN NaN NaN NaN NaN NaN NaN NaN; 46.68 45.11 61.07 63.73 47.0 43.67 55.15 61.71 75.05 76.16 59.43 51.48 90.01 84.93; 49.15 47.87 65.6 69.26 50.46 47.03 57.49 63.65 77.17 79.19 62.17 55.04 91.03 86.76; NaN NaN NaN NaN NaN NaN NaN NaN NaN NaN NaN NaN NaN NaN; 49.15 47.87 65.6 69.26 50.46 47.03 57.49 63.65 77.17 79.19 62.17 55.04 91.03 86.76; 51.76 50.29 70.85 73.05 53.34 50.78 60.35 66.6 78.89 80.81 64.91 57.38 91.44 87.68; NaN NaN NaN NaN NaN NaN NaN NaN NaN NaN NaN NaN NaN NaN; 51.76 50.29 70.85 73.05 53.34 50.78 60.35 66.6 78.89 80.81 64.91 57.38 91.44 87.68]
***** epoch: 10 ***** 
trn_loss: 0 
tst_loss: 0 
naive_trn_accuracy: 0 
naive_tst_accuracy: 0  
pck_val_accuracy: 0.491632181707182  
[0.0 0.0 0.0 0.0 0.0 0.0 0.0 0.0 0.0 0.0 0.0 0.0 0.0 0.0; NaN NaN NaN NaN NaN NaN NaN NaN NaN NaN NaN NaN NaN NaN; 0.0 0.0 0.0 0.0 0.0 0.0 0.0 0.0 0.0 0.0 0.0 0.0 0.0 0.0; 2.22 2.65 3.4 2.66 2.07 1.55 5.5 2.24 8.28 7.47 3.04 2.64 14.88 7.84; NaN NaN NaN NaN NaN NaN NaN NaN NaN NaN NaN NaN NaN NaN; 2.22 2.65 3.4 2.66 2.07 1.55 5.5 2.24 8.28 7.47 3.04 2.64 14.88 7.84; 7.04 9.9 12.05 11.99 8.76 7.24 15.39 13.65 23.43 25.05 14.1 10.89 43.22 26.07; NaN NaN NaN NaN NaN NaN NaN NaN NaN NaN NaN NaN NaN NaN; 7.04 9.9 12.05 11.99 8.76 7.24 15.39 13.65 23.43 25.05 14.1 10.89 43.22 26.07; 15.65 17.38 22.35 23.46 17.74 17.44 25.28 26.48 39.9 41.11 24.75 20.55 68.71 49.8; NaN NaN NaN NaN NaN NaN NaN NaN NaN NaN NaN NaN NaN NaN; 15.65 17.38 22.35 23.46 17.74 17.44 25.28 26.48 39.9 41.11 24.75 20.55 68.71 49.8; 24.9 24.86 32.75 33.81 26.96 25.71 34.96 36.66 54.75 54.44 34.79 30.42 80.43 63.03; NaN NaN NaN NaN NaN NaN NaN NaN NaN NaN NaN NaN NaN NaN; 24.9 24.86 32.75 33.81 26.96 25.71 34.96 36.66 54.75 54.44 34.79 30.42 80.43 63.03; 32.59 31.53 42.43 43.24 33.29 31.65 42.41 45.82 64.24 63.54 45.13 37.23 85.52 74.24; NaN NaN NaN NaN NaN NaN NaN NaN NaN NaN NaN NaN NaN NaN; 32.59 31.53 42.43 43.24 33.29 31.65 42.41 45.82 64.24 63.54 45.13 37.23 85.52 74.24; 38.98 37.4 50.15 51.23 38.71 37.21 48.52 52.14 69.29 71.01 52.54 43.03 87.87 79.74; NaN NaN NaN NaN NaN NaN NaN NaN NaN NaN NaN NaN NaN NaN; 38.98 37.4 50.15 51.23 38.71 37.21 48.52 52.14 69.29 71.01 52.54 43.03 87.87 79.74; 43.68 41.66 56.44 57.89 43.89 42.12 51.99 57.54 73.23 73.84 58.22 48.52 89.5 83.3; NaN NaN NaN NaN NaN NaN NaN NaN NaN NaN NaN NaN NaN NaN; 43.68 41.66 56.44 57.89 43.89 42.12 51.99 57.54 73.23 73.84 58.22 48.52 89.5 83.3; 46.81 45.57 62.31 63.22 47.47 44.96 55.76 61.71 76.26 76.67 61.16 51.68 90.52 85.03; NaN NaN NaN NaN NaN NaN NaN NaN NaN NaN NaN NaN NaN NaN; 46.81 45.57 62.31 63.22 47.47 44.96 55.76 61.71 76.26 76.67 61.16 51.68 90.52 85.03; 49.67 47.87 66.53 68.75 50.69 48.45 58.1 64.46 77.98 79.19 64.3 55.34 91.23 86.76; NaN NaN NaN NaN NaN NaN NaN NaN NaN NaN NaN NaN NaN NaN; 49.67 47.87 66.53 68.75 50.69 48.45 58.1 64.46 77.98 79.19 64.3 55.34 91.23 86.76; 52.28 50.86 71.27 72.95 53.8 52.07 60.45 67.21 79.6 81.01 66.23 57.88 91.64 87.88; NaN NaN NaN NaN NaN NaN NaN NaN NaN NaN NaN NaN NaN NaN; 52.28 50.86 71.27 72.95 53.8 52.07 60.45 67.21 79.6 81.01 66.23 57.88 91.64 87.88]
