***** epoch: 0 ***** 
trn_loss: 0 
tst_loss: 0 
naive_trn_accuracy: 0 
naive_tst_accuracy: 0  
pck_val_accuracy: 0.19057106088356057  
[0.0 0.0 0.0 0.0 0.0 0.0 0.0 0.0 0.0 0.0 0.0 0.0 0.0 0.0; NaN NaN NaN NaN NaN NaN NaN NaN NaN NaN NaN NaN NaN NaN; 0.0 0.0 0.0 0.0 0.0 0.0 0.0 0.0 0.0 0.0 0.0 0.0 0.0 0.0; 0.58 0.35 1.28 0.98 0.58 0.39 0.51 0.86 0.56 1.21 0.86 0.56 1.12 0.87; NaN NaN NaN NaN NaN NaN NaN NaN NaN NaN NaN NaN NaN NaN; 0.58 0.35 1.28 0.98 0.58 0.39 0.51 0.86 0.56 1.21 0.86 0.56 1.12 0.87; 2.27 1.5 3.85 3.75 2.01 2.73 1.93 2.54 3.84 5.56 2.9 1.93 4.69 4.28; NaN NaN NaN NaN NaN NaN NaN NaN NaN NaN NaN NaN NaN NaN; 2.27 1.5 3.85 3.75 2.01 2.73 1.93 2.54 3.84 5.56 2.9 1.93 4.69 4.28; 6.75 3.05 7.65 7.09 4.2 6.36 4.94 5.44 9.24 11.46 6.4 5.65 11.31 10.39; NaN NaN NaN NaN NaN NaN NaN NaN NaN NaN NaN NaN NaN NaN; 6.75 3.05 7.65 7.09 4.2 6.36 4.94 5.44 9.24 11.46 6.4 5.65 11.31 10.39; 10.06 5.24 13.46 12.17 7.02 10.77 8.55 9.71 16.31 19.55 11.74 10.39 21.0 17.21; NaN NaN NaN NaN NaN NaN NaN NaN NaN NaN NaN NaN NaN NaN; 10.06 5.24 13.46 12.17 7.02 10.77 8.55 9.71 16.31 19.55 11.74 10.39 21.0 17.21; 15.25 8.35 19.67 17.87 10.02 16.22 13.39 15.4 25.56 27.27 18.09 14.61 32.01 26.68; NaN NaN NaN NaN NaN NaN NaN NaN NaN NaN NaN NaN NaN NaN; 15.25 8.35 19.67 17.87 10.02 16.22 13.39 15.4 25.56 27.27 18.09 14.61 32.01 26.68; 19.99 13.07 26.71 24.35 14.85 21.87 18.28 22.41 36.67 35.1 24.03 20.93 46.33 36.66; NaN NaN NaN NaN NaN NaN NaN NaN NaN NaN NaN NaN NaN NaN; 19.99 13.07 26.71 24.35 14.85 21.87 18.28 22.41 36.67 35.1 24.03 20.93 46.33 36.66; 25.37 18.13 34.93 31.02 19.57 26.28 25.05 28.56 47.53 41.62 29.78 25.71 59.58 45.11; NaN NaN NaN NaN NaN NaN NaN NaN NaN NaN NaN NaN NaN NaN; 25.37 18.13 34.93 31.02 19.57 26.28 25.05 28.56 47.53 41.62 29.78 25.71 59.58 45.11; 30.24 22.86 42.06 36.98 24.12 30.76 31.31 35.26 56.82 47.93 34.96 29.84 70.59 54.23; NaN NaN NaN NaN NaN NaN NaN NaN NaN NaN NaN NaN NaN NaN; 30.24 22.86 42.06 36.98 24.12 30.76 31.31 35.26 56.82 47.93 34.96 29.84 70.59 54.23; 34.85 27.35 48.23 43.35 29.13 35.3 36.71 41.57 65.4 54.09 39.63 34.01 78.24 62.37; NaN NaN NaN NaN NaN NaN NaN NaN NaN NaN NaN NaN NaN NaN; 34.85 27.35 48.23 43.35 29.13 35.3 36.71 41.57 65.4 54.09 39.63 34.01 78.24 62.37; 37.9 31.72 53.67 49.77 33.1 38.29 40.63 48.27 71.36 58.23 44.21 37.22 84.4 69.81; NaN NaN NaN NaN NaN NaN NaN NaN NaN NaN NaN NaN NaN NaN; 37.9 31.72 53.67 49.77 33.1 38.29 40.63 48.27 71.36 58.23 44.21 37.22 84.4 69.81]
***** epoch: 1 ***** 
trn_loss: 0 
tst_loss: 0 
naive_trn_accuracy: 0 
naive_tst_accuracy: 0  
pck_val_accuracy: 0.22605653513153512  
[0.0 0.0 0.0 0.0 0.0 0.0 0.0 0.0 0.0 0.0 0.0 0.0 0.0 0.0; NaN NaN NaN NaN NaN NaN NaN NaN NaN NaN NaN NaN NaN NaN; 0.0 0.0 0.0 0.0 0.0 0.0 0.0 0.0 0.0 0.0 0.0 0.0 0.0 0.0; 0.52 0.69 0.98 1.13 0.63 0.58 0.66 0.61 1.01 0.66 1.12 1.12 1.38 1.78; NaN NaN NaN NaN NaN NaN NaN NaN NaN NaN NaN NaN NaN NaN; 0.52 0.69 0.98 1.13 0.63 0.58 0.66 0.61 1.01 0.66 1.12 1.12 1.38 1.78; 2.47 1.96 4.57 3.24 2.76 3.63 2.39 3.0 4.49 3.54 3.66 3.11 5.25 5.5; NaN NaN NaN NaN NaN NaN NaN NaN NaN NaN NaN NaN NaN NaN; 2.47 1.96 4.57 3.24 2.76 3.63 2.39 3.0 4.49 3.54 3.66 3.11 5.25 5.5; 5.78 4.78 10.17 8.12 6.28 8.24 6.47 6.71 10.61 9.44 8.28 7.38 13.46 11.97; NaN NaN NaN NaN NaN NaN NaN NaN NaN NaN NaN NaN NaN NaN; 5.78 4.78 10.17 8.12 6.28 8.24 6.47 6.71 10.61 9.44 8.28 7.38 13.46 11.97; 10.97 8.75 15.97 13.92 10.07 13.69 10.74 12.04 18.38 16.31 13.16 12.53 23.9 19.6; NaN NaN NaN NaN NaN NaN NaN NaN NaN NaN NaN NaN NaN NaN; 10.97 8.75 15.97 13.92 10.07 13.69 10.74 12.04 18.38 16.31 13.16 12.53 23.9 19.6; 17.26 13.24 23.88 22.09 16.0 19.73 17.31 19.21 28.99 24.7 19.66 18.53 38.33 32.23; NaN NaN NaN NaN NaN NaN NaN NaN NaN NaN NaN NaN NaN NaN; 17.26 13.24 23.88 22.09 16.0 19.73 17.31 19.21 28.99 24.7 19.66 18.53 38.33 32.23; 23.69 19.17 32.77 28.97 21.53 25.44 23.98 27.24 42.22 33.69 26.27 25.92 53.52 43.74; NaN NaN NaN NaN NaN NaN NaN NaN NaN NaN NaN NaN NaN NaN; 23.69 19.17 32.77 28.97 21.53 25.44 23.98 27.24 42.22 33.69 26.27 25.92 53.52 43.74; 29.98 25.45 41.81 35.39 26.37 31.67 31.31 34.71 53.13 41.67 32.06 31.77 67.94 52.7; NaN NaN NaN NaN NaN NaN NaN NaN NaN NaN NaN NaN NaN NaN; 29.98 25.45 41.81 35.39 26.37 31.67 31.31 34.71 53.13 41.67 32.06 31.77 67.94 52.7; 35.95 31.03 49.97 41.19 32.18 36.34 39.0 42.38 62.32 48.54 39.18 36.81 77.68 61.61; NaN NaN NaN NaN NaN NaN NaN NaN NaN NaN NaN NaN NaN NaN; 35.95 31.03 49.97 41.19 32.18 36.34 39.0 42.38 62.32 48.54 39.18 36.81 77.68 61.61; 41.27 36.61 57.47 47.61 36.67 41.01 44.04 49.03 69.75 55.71 43.39 40.89 83.94 70.01; NaN NaN NaN NaN NaN NaN NaN NaN NaN NaN NaN NaN NaN NaN; 41.27 36.61 57.47 47.61 36.67 41.01 44.04 49.03 69.75 55.71 43.39 40.89 83.94 70.01; 45.49 41.39 64.0 52.29 39.78 44.32 48.73 54.67 75.3 60.76 48.88 43.84 88.23 77.65; NaN NaN NaN NaN NaN NaN NaN NaN NaN NaN NaN NaN NaN NaN; 45.49 41.39 64.0 52.29 39.78 44.32 48.73 54.67 75.3 60.76 48.88 43.84 88.23 77.65]
***** epoch: 2 ***** 
trn_loss: 0 
tst_loss: 0 
naive_trn_accuracy: 0 
naive_tst_accuracy: 0  
pck_val_accuracy: 0.24541383338883327  
[0.0 0.0 0.0 0.0 0.0 0.0 0.0 0.0 0.0 0.0 0.0 0.0 0.0 0.0; NaN NaN NaN NaN NaN NaN NaN NaN NaN NaN NaN NaN NaN NaN; 0.0 0.0 0.0 0.0 0.0 0.0 0.0 0.0 0.0 0.0 0.0 0.0 0.0 0.0; 0.65 1.09 1.23 0.98 0.46 0.52 1.02 0.86 1.16 0.91 1.47 0.92 1.07 1.88; NaN NaN NaN NaN NaN NaN NaN NaN NaN NaN NaN NaN NaN NaN; 0.65 1.09 1.23 0.98 0.46 0.52 1.02 0.86 1.16 0.91 1.47 0.92 1.07 1.88; 3.31 2.99 5.24 3.34 2.99 3.63 4.02 3.81 4.6 4.19 4.22 3.05 4.59 6.01; NaN NaN NaN NaN NaN NaN NaN NaN NaN NaN NaN NaN NaN NaN; 3.31 2.99 5.24 3.34 2.99 3.63 4.02 3.81 4.6 4.19 4.22 3.05 4.59 6.01; 6.88 5.58 11.5 8.58 6.04 8.05 8.04 7.16 10.66 9.49 8.18 8.04 12.23 12.37; NaN NaN NaN NaN NaN NaN NaN NaN NaN NaN NaN NaN NaN NaN; 6.88 5.58 11.5 8.58 6.04 8.05 8.04 7.16 10.66 9.49 8.18 8.04 12.23 12.37; 12.33 9.96 19.41 14.95 10.31 14.21 14.31 13.92 19.9 17.02 13.97 12.73 23.34 21.59; NaN NaN NaN NaN NaN NaN NaN NaN NaN NaN NaN NaN NaN NaN; 12.33 9.96 19.41 14.95 10.31 14.21 14.31 13.92 19.9 17.02 13.97 12.73 23.34 21.59; 19.21 15.54 27.79 22.34 16.87 20.38 21.08 21.6 31.52 26.21 21.6 19.81 39.76 34.83; NaN NaN NaN NaN NaN NaN NaN NaN NaN NaN NaN NaN NaN NaN; 19.21 15.54 27.79 22.34 16.87 20.38 21.08 21.6 31.52 26.21 21.6 19.81 39.76 34.83; 26.15 22.22 37.75 29.74 22.8 26.93 28.16 30.89 44.95 36.26 28.4 27.24 56.73 46.08; NaN NaN NaN NaN NaN NaN NaN NaN NaN NaN NaN NaN NaN NaN; 26.15 22.22 37.75 29.74 22.8 26.93 28.16 30.89 44.95 36.26 28.4 27.24 56.73 46.08; 32.77 29.76 47.15 37.24 28.84 32.97 35.54 38.92 56.77 44.04 35.21 33.81 71.25 56.72; NaN NaN NaN NaN NaN NaN NaN NaN NaN NaN NaN NaN NaN NaN; 32.77 29.76 47.15 37.24 28.84 32.97 35.54 38.92 56.77 44.04 35.21 33.81 71.25 56.72; 38.29 35.52 55.57 43.61 34.48 38.42 42.36 47.51 65.91 52.42 42.84 39.46 80.33 66.8; NaN NaN NaN NaN NaN NaN NaN NaN NaN NaN NaN NaN NaN NaN; 38.29 35.52 55.57 43.61 34.48 38.42 42.36 47.51 65.91 52.42 42.84 39.46 80.33 66.8; 45.04 41.28 62.46 49.92 39.55 42.63 47.86 53.05 72.63 58.84 47.31 43.33 85.58 74.34; NaN NaN NaN NaN NaN NaN NaN NaN NaN NaN NaN NaN NaN NaN; 45.04 41.28 62.46 49.92 39.55 42.63 47.86 53.05 72.63 58.84 47.31 43.33 85.58 74.34; 49.19 46.8 68.88 54.55 43.01 46.4 51.93 58.43 78.48 63.64 52.49 46.69 88.94 80.09; NaN NaN NaN NaN NaN NaN NaN NaN NaN NaN NaN NaN NaN NaN; 49.19 46.8 68.88 54.55 43.01 46.4 51.93 58.43 78.48 63.64 52.49 46.69 88.94 80.09]
***** epoch: 3 ***** 
trn_loss: 0 
tst_loss: 0 
naive_trn_accuracy: 0 
naive_tst_accuracy: 0  
pck_val_accuracy: 0.25377222915972913  
[0.0 0.0 0.0 0.0 0.0 0.0 0.0 0.0 0.0 0.0 0.0 0.0 0.0 0.0; NaN NaN NaN NaN NaN NaN NaN NaN NaN NaN NaN NaN NaN NaN; 0.0 0.0 0.0 0.0 0.0 0.0 0.0 0.0 0.0 0.0 0.0 0.0 0.0 0.0; 0.58 1.15 0.87 0.98 0.52 1.04 0.92 0.81 1.31 0.56 1.22 0.97 0.97 1.27; NaN NaN NaN NaN NaN NaN NaN NaN NaN NaN NaN NaN NaN NaN; 0.58 1.15 0.87 0.98 0.52 1.04 0.92 0.81 1.31 0.56 1.22 0.97 0.97 1.27; 3.05 3.17 5.19 3.65 2.71 3.83 4.23 3.76 5.0 4.24 3.46 3.41 4.18 5.4; NaN NaN NaN NaN NaN NaN NaN NaN NaN NaN NaN NaN NaN NaN; 3.05 3.17 5.19 3.65 2.71 3.83 4.23 3.76 5.0 4.24 3.46 3.41 4.18 5.4; 7.33 6.39 11.66 8.37 6.04 7.66 8.25 7.72 12.42 10.0 7.72 8.86 11.16 12.63; NaN NaN NaN NaN NaN NaN NaN NaN NaN NaN NaN NaN NaN NaN; 7.33 6.39 11.66 8.37 6.04 7.66 8.25 7.72 12.42 10.0 7.72 8.86 11.16 12.63; 12.78 11.05 19.98 14.89 11.28 13.43 15.27 14.38 21.97 17.42 13.52 13.54 23.34 21.84; NaN NaN NaN NaN NaN NaN NaN NaN NaN NaN NaN NaN NaN NaN; 12.78 11.05 19.98 14.89 11.28 13.43 15.27 14.38 21.97 17.42 13.52 13.54 23.34 21.84; 19.21 16.81 28.66 22.39 17.21 19.79 22.05 23.07 34.39 26.82 21.49 20.06 40.88 35.79; NaN NaN NaN NaN NaN NaN NaN NaN NaN NaN NaN NaN NaN NaN; 19.21 16.81 28.66 22.39 17.21 19.79 22.05 23.07 34.39 26.82 21.49 20.06 40.88 35.79; 26.67 23.66 39.14 29.64 24.18 27.26 30.45 31.91 47.53 37.42 28.91 27.6 58.41 48.07; NaN NaN NaN NaN NaN NaN NaN NaN NaN NaN NaN NaN NaN NaN; 26.67 23.66 39.14 29.64 24.18 27.26 30.45 31.91 47.53 37.42 28.91 27.6 58.41 48.07; 33.94 31.84 49.46 37.24 30.4 34.33 37.58 41.06 58.89 46.87 37.3 35.29 73.6 58.5; NaN NaN NaN NaN NaN NaN NaN NaN NaN NaN NaN NaN NaN NaN; 33.94 31.84 49.46 37.24 30.4 34.33 37.58 41.06 58.89 46.87 37.3 35.29 73.6 58.5; 39.39 37.31 56.81 44.53 35.81 40.49 44.04 49.39 67.73 55.61 44.21 41.09 82.11 68.84; NaN NaN NaN NaN NaN NaN NaN NaN NaN NaN NaN NaN NaN NaN; 39.39 37.31 56.81 44.53 35.81 40.49 44.04 49.39 67.73 55.61 44.21 41.09 82.11 68.84; 46.07 44.33 63.89 49.97 39.38 43.74 49.64 56.3 74.85 62.17 49.14 45.42 86.8 75.92; NaN NaN NaN NaN NaN NaN NaN NaN NaN NaN NaN NaN NaN NaN; 46.07 44.33 63.89 49.97 39.38 43.74 49.64 56.3 74.85 62.17 49.14 45.42 86.8 75.92; 50.55 49.4 69.95 55.47 43.7 47.76 53.62 61.18 79.65 66.62 54.22 49.13 89.7 81.47; NaN NaN NaN NaN NaN NaN NaN NaN NaN NaN NaN NaN NaN NaN; 50.55 49.4 69.95 55.47 43.7 47.76 53.62 61.18 79.65 66.62 54.22 49.13 89.7 81.47]
***** epoch: 4 ***** 
trn_loss: 0 
tst_loss: 0 
naive_trn_accuracy: 0 
naive_tst_accuracy: 0  
pck_val_accuracy: 0.25899382423132444  
[0.0 0.0 0.0 0.0 0.0 0.0 0.0 0.0 0.0 0.0 0.0 0.0 0.0 0.0; NaN NaN NaN NaN NaN NaN NaN NaN NaN NaN NaN NaN NaN NaN; 0.0 0.0 0.0 0.0 0.0 0.0 0.0 0.0 0.0 0.0 0.0 0.0 0.0 0.0; 0.52 1.09 1.13 0.98 0.46 1.17 0.97 0.91 1.06 0.91 0.76 1.07 0.87 1.43; NaN NaN NaN NaN NaN NaN NaN NaN NaN NaN NaN NaN NaN NaN; 0.52 1.09 1.13 0.98 0.46 1.17 0.97 0.91 1.06 0.91 0.76 1.07 0.87 1.43; 2.66 3.4 5.8 3.7 2.42 3.57 4.38 4.07 4.34 4.09 3.15 3.36 3.82 5.19; NaN NaN NaN NaN NaN NaN NaN NaN NaN NaN NaN NaN NaN NaN; 2.66 3.4 5.8 3.7 2.42 3.57 4.38 4.07 4.34 4.09 3.15 3.36 3.82 5.19; 6.62 7.02 12.12 8.47 6.04 7.85 9.22 8.49 11.67 9.55 7.22 8.4 10.6 12.47; NaN NaN NaN NaN NaN NaN NaN NaN NaN NaN NaN NaN NaN NaN; 6.62 7.02 12.12 8.47 6.04 7.85 9.22 8.49 11.67 9.55 7.22 8.4 10.6 12.47; 12.72 12.09 20.6 15.25 11.63 13.43 16.34 15.29 21.82 16.31 12.96 13.8 22.78 21.89; NaN NaN NaN NaN NaN NaN NaN NaN NaN NaN NaN NaN NaN NaN; 12.72 12.09 20.6 15.25 11.63 13.43 16.34 15.29 21.82 16.31 12.96 13.8 22.78 21.89; 18.82 17.33 29.99 22.91 17.39 20.64 23.47 24.44 34.8 26.72 20.68 20.98 41.34 36.0; NaN NaN NaN NaN NaN NaN NaN NaN NaN NaN NaN NaN NaN NaN; 18.82 17.33 29.99 22.91 17.39 20.64 23.47 24.44 34.8 26.72 20.68 20.98 41.34 36.0; 26.87 25.33 40.63 30.61 24.29 27.84 31.77 33.08 48.54 38.54 28.61 28.51 59.79 48.32; NaN NaN NaN NaN NaN NaN NaN NaN NaN NaN NaN NaN NaN NaN; 26.87 25.33 40.63 30.61 24.29 27.84 31.77 33.08 48.54 38.54 28.61 28.51 59.79 48.32; 34.78 33.05 50.69 38.26 31.43 35.11 39.21 42.28 60.61 48.18 37.5 36.35 74.67 59.73; NaN NaN NaN NaN NaN NaN NaN NaN NaN NaN NaN NaN NaN NaN; 34.78 33.05 50.69 38.26 31.43 35.11 39.21 42.28 60.61 48.18 37.5 36.35 74.67 59.73; 40.3 38.86 57.99 45.71 36.96 40.75 45.98 51.88 69.34 57.37 44.41 41.8 83.28 69.76; NaN NaN NaN NaN NaN NaN NaN NaN NaN NaN NaN NaN NaN NaN; 40.3 38.86 57.99 45.71 36.96 40.75 45.98 51.88 69.34 57.37 44.41 41.8 83.28 69.76; 47.11 45.54 65.18 51.31 40.99 44.26 51.88 58.23 75.81 64.14 50.25 46.13 87.72 76.78; NaN NaN NaN NaN NaN NaN NaN NaN NaN NaN NaN NaN NaN NaN; 47.11 45.54 65.18 51.31 40.99 44.26 51.88 58.23 75.81 64.14 50.25 46.13 87.72 76.78; 51.46 51.3 70.78 56.19 45.19 48.15 55.45 62.96 80.0 68.84 55.03 50.05 90.01 81.98; NaN NaN NaN NaN NaN NaN NaN NaN NaN NaN NaN NaN NaN NaN; 51.46 51.3 70.78 56.19 45.19 48.15 55.45 62.96 80.0 68.84 55.03 50.05 90.01 81.98]
