***** epoch: 0 ***** 
trn_loss: 0 
tst_loss: 0 
naive_trn_accuracy: 0 
naive_tst_accuracy: 0  
pck_val_accuracy: 0.19684167360417337  
[0.0 0.0 0.0 0.0 0.0 0.0 0.0 0.0 0.0 0.0 0.0 0.0 0.0 0.0; NaN NaN NaN NaN NaN NaN NaN NaN NaN NaN NaN NaN NaN NaN; 0.0 0.0 0.0 0.0 0.0 0.0 0.0 0.0 0.0 0.0 0.0 0.0 0.0 0.0; 0.65 0.46 0.82 1.44 0.29 0.52 0.66 0.71 1.16 0.4 1.07 0.71 0.87 1.32; NaN NaN NaN NaN NaN NaN NaN NaN NaN NaN NaN NaN NaN NaN; 0.65 0.46 0.82 1.44 0.29 0.52 0.66 0.71 1.16 0.4 1.07 0.71 0.87 1.32; 2.14 1.78 4.26 4.47 1.73 2.21 3.05 3.15 5.3 2.22 3.0 2.34 3.67 5.09; NaN NaN NaN NaN NaN NaN NaN NaN NaN NaN NaN NaN NaN NaN; 2.14 1.78 4.26 4.47 1.73 2.21 3.05 3.15 5.3 2.22 3.0 2.34 3.67 5.09; 5.13 3.91 8.63 8.68 3.86 4.74 6.11 6.96 11.97 5.76 6.3 6.16 9.43 9.88; NaN NaN NaN NaN NaN NaN NaN NaN NaN NaN NaN NaN NaN NaN; 5.13 3.91 8.63 8.68 3.86 4.74 6.11 6.96 11.97 5.76 6.3 6.16 9.43 9.88; 9.09 8.12 15.05 15.0 6.28 7.98 10.59 12.86 18.59 11.21 11.59 10.79 21.56 17.82; NaN NaN NaN NaN NaN NaN NaN NaN NaN NaN NaN NaN NaN NaN; 9.09 8.12 15.05 15.0 6.28 7.98 10.59 12.86 18.59 11.21 11.59 10.79 21.56 17.82; 13.43 12.44 22.55 21.88 9.67 12.52 15.33 18.24 29.09 18.03 17.28 15.84 35.93 27.04; NaN NaN NaN NaN NaN NaN NaN NaN NaN NaN NaN NaN NaN NaN; 13.43 12.44 22.55 21.88 9.67 12.52 15.33 18.24 29.09 18.03 17.28 15.84 35.93 27.04; 20.38 17.79 30.82 28.86 14.62 16.48 22.2 24.44 41.46 25.51 23.32 21.18 52.45 38.29; NaN NaN NaN NaN NaN NaN NaN NaN NaN NaN NaN NaN NaN NaN; 20.38 17.79 30.82 28.86 14.62 16.48 22.2 24.44 41.46 25.51 23.32 21.18 52.45 38.29; 25.83 24.12 40.16 36.11 19.06 24.21 29.33 32.72 53.33 34.44 30.49 26.58 68.04 49.95; NaN NaN NaN NaN NaN NaN NaN NaN NaN NaN NaN NaN NaN NaN; 25.83 24.12 40.16 36.11 19.06 24.21 29.33 32.72 53.33 34.44 30.49 26.58 68.04 49.95; 31.86 28.9 48.13 42.78 24.7 31.21 34.83 39.48 62.68 41.72 35.98 31.77 79.26 59.98; NaN NaN NaN NaN NaN NaN NaN NaN NaN NaN NaN NaN NaN NaN; 31.86 28.9 48.13 42.78 24.7 31.21 34.83 39.48 62.68 41.72 35.98 31.77 79.26 59.98; 38.22 34.08 54.85 47.97 29.76 36.4 40.07 45.83 69.7 49.19 41.57 36.05 85.52 68.33; NaN NaN NaN NaN NaN NaN NaN NaN NaN NaN NaN NaN NaN NaN; 38.22 34.08 54.85 47.97 29.76 36.4 40.07 45.83 69.7 49.19 41.57 36.05 85.52 68.33; 41.86 39.49 60.76 53.67 34.02 41.53 45.32 52.29 75.1 54.7 46.54 40.02 87.77 75.0; NaN NaN NaN NaN NaN NaN NaN NaN NaN NaN NaN NaN NaN NaN; 41.86 39.49 60.76 53.67 34.02 41.53 45.32 52.29 75.1 54.7 46.54 40.02 87.77 75.0]
***** epoch: 0 ***** 
trn_loss: 0 
tst_loss: 0 
naive_trn_accuracy: 0 
naive_tst_accuracy: 0  
pck_val_accuracy: 0.21779757881007877  
[0.0 0.0 0.0 0.0 0.0 0.0 0.0 0.0 0.0 0.0 0.0 0.0 0.0 0.0; NaN NaN NaN NaN NaN NaN NaN NaN NaN NaN NaN NaN NaN NaN; 0.0 0.0 0.0 0.0 0.0 0.0 0.0 0.0 0.0 0.0 0.0 0.0 0.0 0.0; 0.45 0.75 1.13 1.08 0.4 0.58 0.71 1.17 1.01 0.35 0.36 0.97 0.61 1.17; NaN NaN NaN NaN NaN NaN NaN NaN NaN NaN NaN NaN NaN NaN; 0.45 0.75 1.13 1.08 0.4 0.58 0.71 1.17 1.01 0.35 0.36 0.97 0.61 1.17; 2.53 2.71 4.93 3.9 2.01 2.14 3.56 4.12 6.01 2.12 1.93 2.49 1.99 5.09; NaN NaN NaN NaN NaN NaN NaN NaN NaN NaN NaN NaN NaN NaN; 2.53 2.71 4.93 3.9 2.01 2.14 3.56 4.12 6.01 2.12 1.93 2.49 1.99 5.09; 6.1 5.53 10.53 8.12 4.78 4.67 7.74 8.08 15.4 5.66 5.74 5.45 6.07 10.44; NaN NaN NaN NaN NaN NaN NaN NaN NaN NaN NaN NaN NaN NaN; 6.1 5.53 10.53 8.12 4.78 4.67 7.74 8.08 15.4 5.66 5.74 5.45 6.07 10.44; 11.16 10.54 18.85 14.28 8.12 8.11 13.09 14.63 25.81 10.45 10.77 9.93 15.44 20.21; NaN NaN NaN NaN NaN NaN NaN NaN NaN NaN NaN NaN NaN NaN; 11.16 10.54 18.85 14.28 8.12 8.11 13.09 14.63 25.81 10.45 10.77 9.93 15.44 20.21; 16.87 16.23 26.5 20.65 11.8 12.46 19.7 22.21 38.38 17.07 16.72 16.8 30.99 31.62; NaN NaN NaN NaN NaN NaN NaN NaN NaN NaN NaN NaN NaN NaN; 16.87 16.23 26.5 20.65 11.8 12.46 19.7 22.21 38.38 17.07 16.72 16.8 30.99 31.62; 24.46 22.86 35.59 29.38 17.1 19.4 28.16 31.1 50.86 26.16 24.39 22.61 49.54 45.16; NaN NaN NaN NaN NaN NaN NaN NaN NaN NaN NaN NaN NaN NaN; 24.46 22.86 35.59 29.38 17.1 19.4 28.16 31.1 50.86 26.16 24.39 22.61 49.54 45.16; 31.8 29.76 46.33 37.75 22.28 26.74 35.79 40.45 60.45 34.55 31.81 29.79 68.04 56.72; NaN NaN NaN NaN NaN NaN NaN NaN NaN NaN NaN NaN NaN NaN; 31.8 29.76 46.33 37.75 22.28 26.74 35.79 40.45 60.45 34.55 31.81 29.79 68.04 56.72; 37.96 36.15 55.26 44.89 28.79 34.33 42.77 49.09 68.99 44.85 39.63 36.51 80.17 67.87; NaN NaN NaN NaN NaN NaN NaN NaN NaN NaN NaN NaN NaN NaN; 37.96 36.15 55.26 44.89 28.79 34.33 42.77 49.09 68.99 44.85 39.63 36.51 80.17 67.87; 44.45 42.2 62.66 50.9 34.25 39.71 48.78 56.0 74.6 51.77 44.72 41.14 87.51 76.43; NaN NaN NaN NaN NaN NaN NaN NaN NaN NaN NaN NaN NaN NaN; 44.45 42.2 62.66 50.9 34.25 39.71 48.78 56.0 74.6 51.77 44.72 41.14 87.51 76.43; 48.48 47.5 68.88 55.68 39.72 44.65 53.0 61.08 78.94 58.99 49.7 44.81 90.37 82.18; NaN NaN NaN NaN NaN NaN NaN NaN NaN NaN NaN NaN NaN NaN; 48.48 47.5 68.88 55.68 39.72 44.65 53.0 61.08 78.94 58.99 49.7 44.81 90.37 82.18]
***** epoch: 1 ***** 
trn_loss: 0 
tst_loss: 0 
naive_trn_accuracy: 0 
naive_tst_accuracy: 0  
pck_val_accuracy: 0.22784447219447226  
[0.0 0.0 0.0 0.0 0.0 0.0 0.0 0.0 0.0 0.0 0.0 0.0 0.0 0.0; NaN NaN NaN NaN NaN NaN NaN NaN NaN NaN NaN NaN NaN NaN; 0.0 0.0 0.0 0.0 0.0 0.0 0.0 0.0 0.0 0.0 0.0 0.0 0.0 0.0; 0.45 0.81 1.39 0.87 0.35 0.32 0.87 0.61 1.36 0.71 0.3 0.66 0.36 1.02; NaN NaN NaN NaN NaN NaN NaN NaN NaN NaN NaN NaN NaN NaN; 0.45 0.81 1.39 0.87 0.35 0.32 0.87 0.61 1.36 0.71 0.3 0.66 0.36 1.02; 2.21 3.74 4.93 2.77 2.19 1.69 3.51 3.56 6.36 2.73 2.03 2.55 1.94 5.09; NaN NaN NaN NaN NaN NaN NaN NaN NaN NaN NaN NaN NaN NaN; 2.21 3.74 4.93 2.77 2.19 1.69 3.51 3.56 6.36 2.73 2.03 2.55 1.94 5.09; 5.65 7.08 11.5 7.96 4.61 3.5 7.54 8.89 16.11 6.77 5.69 5.8 5.81 11.3; NaN NaN NaN NaN NaN NaN NaN NaN NaN NaN NaN NaN NaN NaN; 5.65 7.08 11.5 7.96 4.61 3.5 7.54 8.89 16.11 6.77 5.69 5.8 5.81 11.3; 11.81 11.74 18.64 13.97 8.0 6.49 14.56 16.21 27.78 12.27 9.65 10.95 14.12 21.13; NaN NaN NaN NaN NaN NaN NaN NaN NaN NaN NaN NaN NaN NaN; 11.81 11.74 18.64 13.97 8.0 6.49 14.56 16.21 27.78 12.27 9.65 10.95 14.12 21.13; 18.69 17.67 27.43 20.13 12.61 12.65 21.33 24.7 40.76 19.44 16.11 16.8 29.56 35.08; NaN NaN NaN NaN NaN NaN NaN NaN NaN NaN NaN NaN NaN NaN; 18.69 17.67 27.43 20.13 12.61 12.65 21.33 24.7 40.76 19.44 16.11 16.8 29.56 35.08; 26.48 24.47 37.9 28.25 18.31 19.01 29.18 35.21 53.99 30.4 24.64 23.98 49.8 50.1; NaN NaN NaN NaN NaN NaN NaN NaN NaN NaN NaN NaN NaN NaN; 26.48 24.47 37.9 28.25 18.31 19.01 29.18 35.21 53.99 30.4 24.64 23.98 49.8 50.1; 35.04 31.78 49.61 37.24 24.29 26.54 36.71 44.0 63.94 41.82 33.49 31.36 68.4 62.47; NaN NaN NaN NaN NaN NaN NaN NaN NaN NaN NaN NaN NaN NaN; 35.04 31.78 49.61 37.24 24.29 26.54 36.71 44.0 63.94 41.82 33.49 31.36 68.4 62.47; 41.53 37.94 57.32 44.07 30.8 34.52 45.06 52.44 71.21 51.87 41.41 38.24 81.24 74.39; NaN NaN NaN NaN NaN NaN NaN NaN NaN NaN NaN NaN NaN NaN; 41.53 37.94 57.32 44.07 30.8 34.52 45.06 52.44 71.21 51.87 41.41 38.24 81.24 74.39; 46.66 43.58 64.61 50.28 37.36 41.14 50.51 59.2 76.97 60.81 47.92 43.38 88.33 81.57; NaN NaN NaN NaN NaN NaN NaN NaN NaN NaN NaN NaN NaN NaN; 46.66 43.58 64.61 50.28 37.36 41.14 50.51 59.2 76.97 60.81 47.92 43.38 88.33 81.57; 51.59 49.22 70.57 55.52 42.72 46.66 54.79 64.33 80.61 67.32 53.3 47.3 91.34 86.0; NaN NaN NaN NaN NaN NaN NaN NaN NaN NaN NaN NaN NaN NaN; 51.59 49.22 70.57 55.52 42.72 46.66 54.79 64.33 80.61 67.32 53.3 47.3 91.34 86.0]
***** epoch: 2 ***** 
trn_loss: 0 
tst_loss: 0 
naive_trn_accuracy: 0 
naive_tst_accuracy: 0  
pck_val_accuracy: 0.24008806610056613  
[0.0 0.0 0.0 0.0 0.0 0.0 0.0 0.0 0.0 0.0 0.0 0.0 0.0 0.0; NaN NaN NaN NaN NaN NaN NaN NaN NaN NaN NaN NaN NaN NaN; 0.0 0.0 0.0 0.0 0.0 0.0 0.0 0.0 0.0 0.0 0.0 0.0 0.0 0.0; 0.45 0.69 1.28 0.87 0.4 0.19 0.92 0.71 1.16 0.86 0.41 0.51 0.36 0.76; NaN NaN NaN NaN NaN NaN NaN NaN NaN NaN NaN NaN NaN NaN; 0.45 0.69 1.28 0.87 0.4 0.19 0.92 0.71 1.16 0.86 0.41 0.51 0.36 0.76; 2.27 3.28 5.29 3.24 2.19 2.08 3.31 3.61 5.61 3.23 2.03 2.44 1.63 3.97; NaN NaN NaN NaN NaN NaN NaN NaN NaN NaN NaN NaN NaN NaN; 2.27 3.28 5.29 3.24 2.19 2.08 3.31 3.61 5.61 3.23 2.03 2.44 1.63 3.97; 6.42 7.02 11.92 8.37 5.24 3.83 7.64 8.99 12.98 7.93 5.34 6.16 5.35 10.85; NaN NaN NaN NaN NaN NaN NaN NaN NaN NaN NaN NaN NaN NaN; 6.42 7.02 11.92 8.37 5.24 3.83 7.64 8.99 12.98 7.93 5.34 6.16 5.35 10.85; 12.65 11.51 19.47 14.38 8.18 8.18 14.56 16.41 24.49 14.14 9.55 11.46 15.44 22.0; NaN NaN NaN NaN NaN NaN NaN NaN NaN NaN NaN NaN NaN NaN; 12.65 11.51 19.47 14.38 8.18 8.18 14.56 16.41 24.49 14.14 9.55 11.46 15.44 22.0; 20.51 17.62 29.79 20.8 13.76 13.5 22.51 25.71 38.38 23.23 16.92 17.57 31.65 37.32; NaN NaN NaN NaN NaN NaN NaN NaN NaN NaN NaN NaN NaN NaN; 20.51 17.62 29.79 20.8 13.76 13.5 22.51 25.71 38.38 23.23 16.92 17.57 31.65 37.32; 28.16 25.85 40.37 27.99 20.26 20.57 30.24 37.04 52.22 35.15 25.97 25.56 50.2 53.16; NaN NaN NaN NaN NaN NaN NaN NaN NaN NaN NaN NaN NaN NaN; 28.16 25.85 40.37 27.99 20.26 20.57 30.24 37.04 52.22 35.15 25.97 25.56 50.2 53.16; 36.99 32.3 51.98 37.29 26.25 28.68 39.05 46.65 63.84 46.62 36.84 33.55 68.5 67.72; NaN NaN NaN NaN NaN NaN NaN NaN NaN NaN NaN NaN NaN NaN; 36.99 32.3 51.98 37.29 26.25 28.68 39.05 46.65 63.84 46.62 36.84 33.55 68.5 67.72; 44.06 39.9 60.3 44.79 32.99 38.09 47.71 55.49 71.67 57.37 46.09 39.56 81.6 78.31; NaN NaN NaN NaN NaN NaN NaN NaN NaN NaN NaN NaN NaN NaN; 44.06 39.9 60.3 44.79 32.99 38.09 47.71 55.49 71.67 57.37 46.09 39.56 81.6 78.31; 49.06 44.85 66.87 51.0 39.09 44.39 53.31 62.45 77.47 66.87 52.59 45.72 87.72 84.42; NaN NaN NaN NaN NaN NaN NaN NaN NaN NaN NaN NaN NaN NaN; 49.06 44.85 66.87 51.0 39.09 44.39 53.31 62.45 77.47 66.87 52.59 45.72 87.72 84.42; 53.34 50.49 71.91 55.78 43.58 49.25 57.99 67.23 80.86 73.13 58.43 50.31 91.49 87.68; NaN NaN NaN NaN NaN NaN NaN NaN NaN NaN NaN NaN NaN NaN; 53.34 50.49 71.91 55.78 43.58 49.25 57.99 67.23 80.86 73.13 58.43 50.31 91.49 87.68]
***** epoch: 3 ***** 
trn_loss: 0 
tst_loss: 0 
naive_trn_accuracy: 0 
naive_tst_accuracy: 0  
pck_val_accuracy: 0.24637306027306038  
[0.0 0.0 0.0 0.0 0.0 0.0 0.0 0.0 0.0 0.0 0.0 0.0 0.0 0.0; NaN NaN NaN NaN NaN NaN NaN NaN NaN NaN NaN NaN NaN NaN; 0.0 0.0 0.0 0.0 0.0 0.0 0.0 0.0 0.0 0.0 0.0 0.0 0.0 0.0; 0.39 0.86 1.85 0.77 0.46 0.45 1.02 0.66 1.11 0.91 0.56 0.41 0.36 0.81; NaN NaN NaN NaN NaN NaN NaN NaN NaN NaN NaN NaN NaN NaN; 0.39 0.86 1.85 0.77 0.46 0.45 1.02 0.66 1.11 0.91 0.56 0.41 0.36 0.81; 2.73 3.51 5.91 3.08 2.53 1.95 3.36 3.4 4.85 4.04 1.93 2.49 1.68 3.26; NaN NaN NaN NaN NaN NaN NaN NaN NaN NaN NaN NaN NaN NaN; 2.73 3.51 5.91 3.08 2.53 1.95 3.36 3.4 4.85 4.04 1.93 2.49 1.68 3.26; 6.23 7.08 13.15 8.53 5.99 4.15 7.43 9.35 12.53 8.94 6.0 5.91 5.81 9.83; NaN NaN NaN NaN NaN NaN NaN NaN NaN NaN NaN NaN NaN NaN; 6.23 7.08 13.15 8.53 5.99 4.15 7.43 9.35 12.53 8.94 6.0 5.91 5.81 9.83; 13.04 12.38 21.83 13.92 9.5 9.02 14.82 17.38 23.03 16.06 10.77 11.35 15.95 21.89; NaN NaN NaN NaN NaN NaN NaN NaN NaN NaN NaN NaN NaN NaN; 13.04 12.38 21.83 13.92 9.5 9.02 14.82 17.38 23.03 16.06 10.77 11.35 15.95 21.89; 20.9 17.96 30.97 21.01 14.28 14.86 23.12 27.9 37.63 26.21 18.19 18.08 30.58 37.53; NaN NaN NaN NaN NaN NaN NaN NaN NaN NaN NaN NaN NaN NaN; 20.9 17.96 30.97 21.01 14.28 14.86 23.12 27.9 37.63 26.21 18.19 18.08 30.58 37.53; 29.07 25.96 40.93 28.86 22.39 22.97 31.98 38.57 51.57 38.59 28.51 25.92 49.59 55.09; NaN NaN NaN NaN NaN NaN NaN NaN NaN NaN NaN NaN NaN NaN; 29.07 25.96 40.93 28.86 22.39 22.97 31.98 38.57 51.57 38.59 28.51 25.92 49.59 55.09; 37.57 33.45 51.87 37.96 28.32 31.73 40.78 48.93 64.14 51.67 39.74 34.42 68.4 69.2; NaN NaN NaN NaN NaN NaN NaN NaN NaN NaN NaN NaN NaN NaN; 37.57 33.45 51.87 37.96 28.32 31.73 40.78 48.93 64.14 51.67 39.74 34.42 68.4 69.2; 45.43 40.59 60.25 45.76 34.31 39.84 49.03 57.88 72.63 62.32 50.15 41.34 80.89 79.84; NaN NaN NaN NaN NaN NaN NaN NaN NaN NaN NaN NaN NaN NaN; 45.43 40.59 60.25 45.76 34.31 39.84 49.03 57.88 72.63 62.32 50.15 41.34 80.89 79.84; 50.1 46.29 66.82 51.98 40.41 45.94 55.3 64.38 77.73 71.11 56.76 47.25 88.02 85.95; NaN NaN NaN NaN NaN NaN NaN NaN NaN NaN NaN NaN NaN NaN; 50.1 46.29 66.82 51.98 40.41 45.94 55.3 64.38 77.73 71.11 56.76 47.25 88.02 85.95; 54.96 51.81 72.68 56.81 44.44 49.97 59.67 68.9 81.52 77.32 62.7 52.65 91.49 89.1; NaN NaN NaN NaN NaN NaN NaN NaN NaN NaN NaN NaN NaN NaN; 54.96 51.81 72.68 56.81 44.44 49.97 59.67 68.9 81.52 77.32 62.7 52.65 91.49 89.1]
