***** epoch: 0 ***** 
trn_loss: 0 
tst_loss: 0 
naive_trn_accuracy: 0 
naive_tst_accuracy: 0  
pck_val_accuracy: 0.1807775668775664  
[0.0 0.0 0.0 0.0 0.0 0.0 0.0 0.0 0.0 0.0 0.0 0.0 0.0 0.0; NaN NaN NaN NaN NaN NaN NaN NaN NaN NaN NaN NaN NaN NaN; 0.0 0.0 0.0 0.0 0.0 0.0 0.0 0.0 0.0 0.0 0.0 0.0 0.0 0.0; 0.65 0.0 1.24 0.72 0.46 0.78 1.02 0.0 1.01 1.52 0.51 0.31 3.16 1.02; NaN NaN NaN NaN NaN NaN NaN NaN NaN NaN NaN NaN NaN NaN; 0.65 0.0 1.24 0.72 0.46 0.78 1.02 0.0 1.01 1.52 0.51 0.31 3.16 1.02; 1.83 1.27 3.09 3.59 1.73 2.45 3.36 0.71 4.44 6.97 1.72 2.54 11.21 4.48; NaN NaN NaN NaN NaN NaN NaN NaN NaN NaN NaN NaN NaN NaN; 1.83 1.27 3.09 3.59 1.73 2.45 3.36 0.71 4.44 6.97 1.72 2.54 11.21 4.48; 4.3 2.42 6.69 6.76 3.0 4.91 6.32 2.65 8.38 14.24 4.46 4.98 23.04 11.0; NaN NaN NaN NaN NaN NaN NaN NaN NaN NaN NaN NaN NaN NaN; 4.3 2.42 6.69 6.76 3.0 4.91 6.32 2.65 8.38 14.24 4.46 4.98 23.04 11.0; 6.91 4.72 9.37 10.45 4.84 7.36 9.79 5.91 13.43 21.82 9.74 8.04 37.51 19.35; NaN NaN NaN NaN NaN NaN NaN NaN NaN NaN NaN NaN NaN NaN; 6.91 4.72 9.37 10.45 4.84 7.36 9.79 5.91 13.43 21.82 9.74 8.04 37.51 19.35; 10.69 6.33 13.29 15.47 7.14 9.82 13.25 10.39 20.1 30.2 15.21 11.9 51.07 27.09; NaN NaN NaN NaN NaN NaN NaN NaN NaN NaN NaN NaN NaN NaN; 10.69 6.33 13.29 15.47 7.14 9.82 13.25 10.39 20.1 30.2 15.21 11.9 51.07 27.09; 13.43 8.86 19.26 19.77 9.79 12.27 16.72 13.75 27.68 38.08 20.08 15.46 59.94 37.07; NaN NaN NaN NaN NaN NaN NaN NaN NaN NaN NaN NaN NaN NaN; 13.43 8.86 19.26 19.77 9.79 12.27 16.72 13.75 27.68 38.08 20.08 15.46 59.94 37.07; 15.65 11.39 24.0 26.74 12.79 16.02 20.69 18.02 35.66 46.36 23.94 19.33 66.77 45.11; NaN NaN NaN NaN NaN NaN NaN NaN NaN NaN NaN NaN NaN NaN; 15.65 11.39 24.0 26.74 12.79 16.02 20.69 18.02 35.66 46.36 23.94 19.33 66.77 45.11; 17.86 14.5 29.04 32.07 14.75 17.7 24.57 23.42 43.23 51.62 27.79 23.4 72.78 52.95; NaN NaN NaN NaN NaN NaN NaN NaN NaN NaN NaN NaN NaN NaN; 17.86 14.5 29.04 32.07 14.75 17.7 24.57 23.42 43.23 51.62 27.79 23.4 72.78 52.95; 21.38 17.38 34.6 36.17 17.4 19.77 28.95 27.29 49.39 56.67 30.63 27.26 76.45 59.37; NaN NaN NaN NaN NaN NaN NaN NaN NaN NaN NaN NaN NaN NaN; 21.38 17.38 34.6 36.17 17.4 19.77 28.95 27.29 49.39 56.67 30.63 27.26 76.45 59.37; 23.34 19.22 38.62 40.98 19.59 23.26 33.23 31.16 54.44 61.31 33.37 30.62 78.49 63.03; NaN NaN NaN NaN NaN NaN NaN NaN NaN NaN NaN NaN NaN NaN; 23.34 19.22 38.62 40.98 19.59 23.26 33.23 31.16 54.44 61.31 33.37 30.62 78.49 63.03]
***** epoch: 1 ***** 
trn_loss: 0 
tst_loss: 0 
naive_trn_accuracy: 0 
naive_tst_accuracy: 0  
pck_val_accuracy: 0.2648938422688422  
[0.0 0.0 0.0 0.0 0.0 0.0 0.0 0.0 0.0 0.0 0.0 0.0 0.0 0.0; NaN NaN NaN NaN NaN NaN NaN NaN NaN NaN NaN NaN NaN NaN; 0.0 0.0 0.0 0.0 0.0 0.0 0.0 0.0 0.0 0.0 0.0 0.0 0.0 0.0; 1.69 0.58 1.24 1.02 0.69 0.78 1.02 0.71 1.31 2.22 0.91 0.61 3.47 1.73; NaN NaN NaN NaN NaN NaN NaN NaN NaN NaN NaN NaN NaN NaN; 1.69 0.58 1.24 1.02 0.69 0.78 1.02 0.71 1.31 2.22 0.91 0.61 3.47 1.73; 4.3 1.38 4.84 5.12 2.42 3.62 3.57 2.65 5.56 7.58 5.27 3.76 13.56 6.72; NaN NaN NaN NaN NaN NaN NaN NaN NaN NaN NaN NaN NaN NaN; 4.3 1.38 4.84 5.12 2.42 3.62 3.57 2.65 5.56 7.58 5.27 3.76 13.56 6.72; 9.0 3.57 12.05 10.55 5.07 6.85 6.83 6.52 13.33 18.99 11.56 8.14 27.01 16.29; NaN NaN NaN NaN NaN NaN NaN NaN NaN NaN NaN NaN NaN NaN; 9.0 3.57 12.05 10.55 5.07 6.85 6.83 6.52 13.33 18.99 11.56 8.14 27.01 16.29; 13.69 7.02 17.92 16.39 9.22 11.37 11.62 11.41 23.03 30.3 18.46 12.0 44.95 27.49; NaN NaN NaN NaN NaN NaN NaN NaN NaN NaN NaN NaN NaN NaN; 13.69 7.02 17.92 16.39 9.22 11.37 11.62 11.41 23.03 30.3 18.46 12.0 44.95 27.49; 19.56 9.21 25.03 22.03 12.67 16.28 16.82 18.02 33.13 40.3 25.25 17.5 62.18 40.33; NaN NaN NaN NaN NaN NaN NaN NaN NaN NaN NaN NaN NaN NaN; 19.56 9.21 25.03 22.03 12.67 16.28 16.82 18.02 33.13 40.3 25.25 17.5 62.18 40.33; 23.6 12.89 32.54 30.53 17.4 19.64 21.81 24.95 42.73 49.09 32.15 22.38 72.07 52.44; NaN NaN NaN NaN NaN NaN NaN NaN NaN NaN NaN NaN NaN NaN; 23.6 12.89 32.54 30.53 17.4 19.64 21.81 24.95 42.73 49.09 32.15 22.38 72.07 52.44; 27.25 16.92 39.24 39.24 21.89 25.06 27.22 30.75 50.71 56.06 38.44 28.38 77.57 61.71; NaN NaN NaN NaN NaN NaN NaN NaN NaN NaN NaN NaN NaN NaN; 27.25 16.92 39.24 39.24 21.89 25.06 27.22 30.75 50.71 56.06 38.44 28.38 77.57 61.71; 30.51 21.06 45.11 46.41 26.04 28.42 32.72 35.74 58.59 62.12 42.49 32.04 81.75 69.76; NaN NaN NaN NaN NaN NaN NaN NaN NaN NaN NaN NaN NaN NaN; 30.51 21.06 45.11 46.41 26.04 28.42 32.72 35.74 58.59 62.12 42.49 32.04 81.75 69.76; 33.12 25.2 51.29 51.43 29.49 32.82 37.31 40.73 64.14 66.36 45.64 37.03 84.3 74.44; NaN NaN NaN NaN NaN NaN NaN NaN NaN NaN NaN NaN NaN NaN; 33.12 25.2 51.29 51.43 29.49 32.82 37.31 40.73 64.14 66.36 45.64 37.03 84.3 74.44; 37.16 28.54 55.82 55.94 33.53 36.43 42.41 45.72 68.69 69.8 48.07 40.9 86.44 76.88; NaN NaN NaN NaN NaN NaN NaN NaN NaN NaN NaN NaN NaN NaN; 37.16 28.54 55.82 55.94 33.53 36.43 42.41 45.72 68.69 69.8 48.07 40.9 86.44 76.88]
***** epoch: 2 ***** 
trn_loss: 0 
tst_loss: 0 
naive_trn_accuracy: 0 
naive_tst_accuracy: 0  
pck_val_accuracy: 0.3045354284604284  
[0.0 0.0 0.0 0.0 0.0 0.0 0.0 0.0 0.0 0.0 0.0 0.0 0.0 0.0; NaN NaN NaN NaN NaN NaN NaN NaN NaN NaN NaN NaN NaN NaN; 0.0 0.0 0.0 0.0 0.0 0.0 0.0 0.0 0.0 0.0 0.0 0.0 0.0 0.0; 1.3 0.81 1.65 0.92 0.46 1.03 1.22 1.43 2.32 2.83 1.32 1.73 5.2 2.24; NaN NaN NaN NaN NaN NaN NaN NaN NaN NaN NaN NaN NaN NaN; 1.3 0.81 1.65 0.92 0.46 1.03 1.22 1.43 2.32 2.83 1.32 1.73 5.2 2.24; 5.08 3.11 6.18 5.84 2.19 2.84 4.99 3.97 8.08 11.01 6.39 4.78 14.37 7.54; NaN NaN NaN NaN NaN NaN NaN NaN NaN NaN NaN NaN NaN NaN; 5.08 3.11 6.18 5.84 2.19 2.84 4.99 3.97 8.08 11.01 6.39 4.78 14.37 7.54; 9.91 5.87 13.8 12.7 5.88 7.49 9.48 8.66 16.67 22.42 12.98 9.36 31.7 19.25; NaN NaN NaN NaN NaN NaN NaN NaN NaN NaN NaN NaN NaN NaN; 9.91 5.87 13.8 12.7 5.88 7.49 9.48 8.66 16.67 22.42 12.98 9.36 31.7 19.25; 17.21 9.32 23.07 18.44 10.02 13.18 14.88 13.75 27.47 32.32 20.59 14.34 51.38 32.18; NaN NaN NaN NaN NaN NaN NaN NaN NaN NaN NaN NaN NaN NaN; 17.21 9.32 23.07 18.44 10.02 13.18 14.88 13.75 27.47 32.32 20.59 14.34 51.38 32.18; 22.82 12.2 31.1 26.43 16.13 18.48 20.8 20.98 38.89 41.72 27.89 21.16 69.52 45.52; NaN NaN NaN NaN NaN NaN NaN NaN NaN NaN NaN NaN NaN NaN; 22.82 12.2 31.1 26.43 16.13 18.48 20.8 20.98 38.89 41.72 27.89 21.16 69.52 45.52; 27.38 17.26 38.62 34.12 22.12 23.9 26.5 30.75 49.9 50.2 35.7 26.96 78.7 56.52; NaN NaN NaN NaN NaN NaN NaN NaN NaN NaN NaN NaN NaN NaN; 27.38 17.26 38.62 34.12 22.12 23.9 26.5 30.75 49.9 50.2 35.7 26.96 78.7 56.52; 32.33 21.29 45.62 43.85 28.11 29.59 31.19 36.86 56.57 57.98 41.48 31.94 83.18 66.09; NaN NaN NaN NaN NaN NaN NaN NaN NaN NaN NaN NaN NaN NaN; 32.33 21.29 45.62 43.85 28.11 29.59 31.19 36.86 56.57 57.98 41.48 31.94 83.18 66.09; 35.98 26.12 51.91 51.43 31.45 35.01 37.31 43.08 63.43 62.53 45.33 36.01 85.93 72.91; NaN NaN NaN NaN NaN NaN NaN NaN NaN NaN NaN NaN NaN NaN; 35.98 26.12 51.91 51.43 31.45 35.01 37.31 43.08 63.43 62.53 45.33 36.01 85.93 72.91; 39.77 31.53 57.16 56.66 37.1 38.11 40.67 48.57 68.08 66.87 49.19 41.4 87.67 77.39; NaN NaN NaN NaN NaN NaN NaN NaN NaN NaN NaN NaN NaN NaN; 39.77 31.53 57.16 56.66 37.1 38.11 40.67 48.57 68.08 66.87 49.19 41.4 87.67 77.39; 43.16 35.67 62.2 61.99 41.01 43.15 46.48 52.75 72.12 69.8 51.72 45.78 88.79 79.43; NaN NaN NaN NaN NaN NaN NaN NaN NaN NaN NaN NaN NaN NaN; 43.16 35.67 62.2 61.99 41.01 43.15 46.48 52.75 72.12 69.8 51.72 45.78 88.79 79.43]
***** epoch: 3 ***** 
trn_loss: 0 
tst_loss: 0 
naive_trn_accuracy: 0 
naive_tst_accuracy: 0  
pck_val_accuracy: 0.3283591741591744  
[0.0 0.0 0.0 0.0 0.0 0.0 0.0 0.0 0.0 0.0 0.0 0.0 0.0 0.0; NaN NaN NaN NaN NaN NaN NaN NaN NaN NaN NaN NaN NaN NaN; 0.0 0.0 0.0 0.0 0.0 0.0 0.0 0.0 0.0 0.0 0.0 0.0 0.0 0.0; 1.56 0.58 1.75 1.43 0.81 1.29 1.73 1.02 1.72 1.62 1.42 1.93 4.89 1.93; NaN NaN NaN NaN NaN NaN NaN NaN NaN NaN NaN NaN NaN NaN; 1.56 0.58 1.75 1.43 0.81 1.29 1.73 1.02 1.72 1.62 1.42 1.93 4.89 1.93; 6.65 2.53 7.42 6.66 3.8 3.1 4.79 3.77 8.18 10.71 7.71 6.0 19.16 8.45; NaN NaN NaN NaN NaN NaN NaN NaN NaN NaN NaN NaN NaN NaN; 6.65 2.53 7.42 6.66 3.8 3.1 4.79 3.77 8.18 10.71 7.71 6.0 19.16 8.45; 12.26 6.21 15.65 13.52 7.83 8.66 10.4 7.74 18.69 23.23 14.81 12.31 37.31 19.65; NaN NaN NaN NaN NaN NaN NaN NaN NaN NaN NaN NaN NaN NaN; 12.26 6.21 15.65 13.52 7.83 8.66 10.4 7.74 18.69 23.23 14.81 12.31 37.31 19.65; 19.17 10.24 25.03 20.08 12.9 14.21 17.02 14.36 29.7 33.74 22.82 16.79 55.66 33.5; NaN NaN NaN NaN NaN NaN NaN NaN NaN NaN NaN NaN NaN NaN; 19.17 10.24 25.03 20.08 12.9 14.21 17.02 14.36 29.7 33.74 22.82 16.79 55.66 33.5; 22.95 14.15 34.29 29.2 19.59 19.77 23.55 22.91 41.01 43.13 31.54 23.8 71.97 47.86; NaN NaN NaN NaN NaN NaN NaN NaN NaN NaN NaN NaN NaN NaN; 22.95 14.15 34.29 29.2 19.59 19.77 23.55 22.91 41.01 43.13 31.54 23.8 71.97 47.86; 29.47 18.99 41.61 37.5 25.92 24.81 29.46 31.67 50.4 51.92 39.15 28.59 80.84 60.69; NaN NaN NaN NaN NaN NaN NaN NaN NaN NaN NaN NaN NaN NaN; 29.47 18.99 41.61 37.5 25.92 24.81 29.46 31.67 50.4 51.92 39.15 28.59 80.84 60.69; 33.12 25.09 48.4 46.93 30.99 31.14 35.47 38.09 57.98 57.27 44.12 34.08 84.51 69.25; NaN NaN NaN NaN NaN NaN NaN NaN NaN NaN NaN NaN NaN NaN; 33.12 25.09 48.4 46.93 30.99 31.14 35.47 38.09 57.98 57.27 44.12 34.08 84.51 69.25; 38.33 30.84 55.3 53.18 34.68 36.05 41.39 44.7 63.94 61.92 47.87 38.96 86.75 76.17; NaN NaN NaN NaN NaN NaN NaN NaN NaN NaN NaN NaN NaN NaN; 38.33 30.84 55.3 53.18 34.68 36.05 41.39 44.7 63.94 61.92 47.87 38.96 86.75 76.17; 42.24 35.9 60.45 59.22 39.98 40.31 45.36 50.1 67.98 65.05 51.93 44.56 88.18 79.53; NaN NaN NaN NaN NaN NaN NaN NaN NaN NaN NaN NaN NaN NaN; 42.24 35.9 60.45 59.22 39.98 40.31 45.36 50.1 67.98 65.05 51.93 44.56 88.18 79.53; 45.76 40.97 65.19 64.55 44.7 44.44 50.66 54.28 72.63 68.89 54.06 47.51 89.3 82.79; NaN NaN NaN NaN NaN NaN NaN NaN NaN NaN NaN NaN NaN NaN; 45.76 40.97 65.19 64.55 44.7 44.44 50.66 54.28 72.63 68.89 54.06 47.51 89.3 82.79]
***** epoch: 4 ***** 
trn_loss: 0 
tst_loss: 0 
naive_trn_accuracy: 0 
naive_tst_accuracy: 0  
pck_val_accuracy: 0.343794821844822  
[0.0 0.0 0.0 0.0 0.0 0.0 0.0 0.0 0.0 0.0 0.0 0.0 0.0 0.0; NaN NaN NaN NaN NaN NaN NaN NaN NaN NaN NaN NaN NaN NaN; 0.0 0.0 0.0 0.0 0.0 0.0 0.0 0.0 0.0 0.0 0.0 0.0 0.0 0.0; 1.3 1.04 1.44 1.33 1.04 1.55 1.94 1.63 2.22 2.32 1.62 2.14 4.99 1.73; NaN NaN NaN NaN NaN NaN NaN NaN NaN NaN NaN NaN NaN NaN; 1.3 1.04 1.44 1.33 1.04 1.55 1.94 1.63 2.22 2.32 1.62 2.14 4.99 1.73; 6.0 3.34 8.14 6.35 3.23 4.13 4.79 4.79 9.8 11.21 8.22 6.51 19.27 8.15; NaN NaN NaN NaN NaN NaN NaN NaN NaN NaN NaN NaN NaN NaN; 6.0 3.34 8.14 6.35 3.23 4.13 4.79 4.79 9.8 11.21 8.22 6.51 19.27 8.15; 11.6 7.25 16.79 14.04 7.14 9.17 10.19 8.66 20.2 23.74 17.14 13.22 37.51 18.64; NaN NaN NaN NaN NaN NaN NaN NaN NaN NaN NaN NaN NaN NaN; 11.6 7.25 16.79 14.04 7.14 9.17 10.19 8.66 20.2 23.74 17.14 13.22 37.51 18.64; 17.86 12.66 26.16 22.23 13.82 14.73 17.94 15.89 31.21 35.66 26.06 18.21 57.08 33.3; NaN NaN NaN NaN NaN NaN NaN NaN NaN NaN NaN NaN NaN NaN; 17.86 12.66 26.16 22.23 13.82 14.73 17.94 15.89 31.21 35.66 26.06 18.21 57.08 33.3; 23.47 17.26 34.29 31.05 21.08 21.32 25.89 24.54 43.13 45.76 34.18 24.31 73.19 47.35; NaN NaN NaN NaN NaN NaN NaN NaN NaN NaN NaN NaN NaN NaN; 23.47 17.26 34.29 31.05 21.08 21.32 25.89 24.54 43.13 45.76 34.18 24.31 73.19 47.35; 30.12 22.21 41.71 39.65 26.15 27.39 32.82 32.89 52.83 54.55 41.28 30.82 82.36 61.3; NaN NaN NaN NaN NaN NaN NaN NaN NaN NaN NaN NaN NaN NaN; 30.12 22.21 41.71 39.65 26.15 27.39 32.82 32.89 52.83 54.55 41.28 30.82 82.36 61.3; 34.55 28.31 48.82 48.16 31.11 33.46 38.12 40.12 59.19 59.8 45.94 36.11 85.93 70.67; NaN NaN NaN NaN NaN NaN NaN NaN NaN NaN NaN NaN NaN NaN; 34.55 28.31 48.82 48.16 31.11 33.46 38.12 40.12 59.19 59.8 45.94 36.11 85.93 70.67; 38.85 33.95 56.33 54.61 36.06 37.47 43.32 45.42 65.66 63.64 50.3 41.1 88.28 77.49; NaN NaN NaN NaN NaN NaN NaN NaN NaN NaN NaN NaN NaN NaN; 38.85 33.95 56.33 54.61 36.06 37.47 43.32 45.42 65.66 63.64 50.3 41.1 88.28 77.49; 43.02 39.59 62.2 59.73 41.59 42.51 47.09 51.83 69.7 65.96 54.06 46.49 89.3 80.24; NaN NaN NaN NaN NaN NaN NaN NaN NaN NaN NaN NaN NaN NaN; 43.02 39.59 62.2 59.73 41.59 42.51 47.09 51.83 69.7 65.96 54.06 46.49 89.3 80.24; 46.15 43.5 66.32 65.57 45.62 46.25 52.19 56.31 73.43 69.8 56.8 49.03 90.21 83.4; NaN NaN NaN NaN NaN NaN NaN NaN NaN NaN NaN NaN NaN NaN; 46.15 43.5 66.32 65.57 45.62 46.25 52.19 56.31 73.43 69.8 56.8 49.03 90.21 83.4]
***** epoch: 5 ***** 
trn_loss: 0 
tst_loss: 0 
naive_trn_accuracy: 0 
naive_tst_accuracy: 0  
pck_val_accuracy: 0.3554147102897109  
[0.0 0.0 0.0 0.0 0.0 0.0 0.0 0.0 0.0 0.0 0.0 0.0 0.0 0.0; NaN NaN NaN NaN NaN NaN NaN NaN NaN NaN NaN NaN NaN NaN; 0.0 0.0 0.0 0.0 0.0 0.0 0.0 0.0 0.0 0.0 0.0 0.0 0.0 0.0; 1.56 0.92 1.65 1.43 0.81 1.42 1.94 1.43 2.93 2.83 2.43 1.63 5.91 2.24; NaN NaN NaN NaN NaN NaN NaN NaN NaN NaN NaN NaN NaN NaN; 1.56 0.92 1.65 1.43 0.81 1.42 1.94 1.43 2.93 2.83 2.43 1.63 5.91 2.24; 5.61 4.03 8.86 7.07 3.46 4.65 5.4 4.58 10.1 12.73 9.33 5.39 18.25 8.25; NaN NaN NaN NaN NaN NaN NaN NaN NaN NaN NaN NaN NaN NaN; 5.61 4.03 8.86 7.07 3.46 4.65 5.4 4.58 10.1 12.73 9.33 5.39 18.25 8.25; 11.6 7.71 17.3 14.24 7.6 9.69 12.33 9.16 20.91 26.57 18.36 13.33 37.51 20.98; NaN NaN NaN NaN NaN NaN NaN NaN NaN NaN NaN NaN NaN NaN; 11.6 7.71 17.3 14.24 7.6 9.69 12.33 9.16 20.91 26.57 18.36 13.33 37.51 20.98; 17.86 13.12 26.06 22.34 13.82 14.34 20.49 17.82 32.02 38.48 25.96 19.74 57.9 35.34; NaN NaN NaN NaN NaN NaN NaN NaN NaN NaN NaN NaN NaN NaN; 17.86 13.12 26.06 22.34 13.82 14.34 20.49 17.82 32.02 38.48 25.96 19.74 57.9 35.34; 25.03 19.56 34.29 32.38 21.31 20.93 27.83 24.54 44.75 48.08 34.58 25.74 73.29 50.81; NaN NaN NaN NaN NaN NaN NaN NaN NaN NaN NaN NaN NaN NaN; 25.03 19.56 34.29 32.38 21.31 20.93 27.83 24.54 44.75 48.08 34.58 25.74 73.29 50.81; 31.55 24.28 43.46 40.88 26.73 27.91 34.96 34.42 54.24 56.16 41.78 33.06 82.77 64.26; NaN NaN NaN NaN NaN NaN NaN NaN NaN NaN NaN NaN NaN NaN; 31.55 24.28 43.46 40.88 26.73 27.91 34.96 34.42 54.24 56.16 41.78 33.06 82.77 64.26; 36.38 30.96 51.7 48.87 31.68 33.72 40.98 41.85 61.11 61.92 47.57 37.33 86.85 73.73; NaN NaN NaN NaN NaN NaN NaN NaN NaN NaN NaN NaN NaN NaN; 36.38 30.96 51.7 48.87 31.68 33.72 40.98 41.85 61.11 61.92 47.57 37.33 86.85 73.73; 40.29 36.48 57.98 54.51 37.79 37.47 46.59 48.17 67.58 65.86 51.42 42.83 89.19 79.02; NaN NaN NaN NaN NaN NaN NaN NaN NaN NaN NaN NaN NaN NaN; 40.29 36.48 57.98 54.51 37.79 37.47 46.59 48.17 67.58 65.86 51.42 42.83 89.19 79.02; 44.46 41.43 63.65 60.04 41.82 42.64 50.36 53.77 71.72 67.98 55.07 46.49 89.91 82.18; NaN NaN NaN NaN NaN NaN NaN NaN NaN NaN NaN NaN NaN NaN; 44.46 41.43 63.65 60.04 41.82 42.64 50.36 53.77 71.72 67.98 55.07 46.49 89.91 82.18; 47.72 46.26 67.15 65.88 46.31 46.38 55.15 58.35 74.85 71.31 58.82 49.75 90.72 84.11; NaN NaN NaN NaN NaN NaN NaN NaN NaN NaN NaN NaN NaN NaN; 47.72 46.26 67.15 65.88 46.31 46.38 55.15 58.35 74.85 71.31 58.82 49.75 90.72 84.11]
***** epoch: 6 ***** 
trn_loss: 0 
tst_loss: 0 
naive_trn_accuracy: 0 
naive_tst_accuracy: 0  
pck_val_accuracy: 0.37200661838161847  
[0.0 0.0 0.0 0.0 0.0 0.0 0.0 0.0 0.0 0.0 0.0 0.0 0.0 0.0; NaN NaN NaN NaN NaN NaN NaN NaN NaN NaN NaN NaN NaN NaN; 0.0 0.0 0.0 0.0 0.0 0.0 0.0 0.0 0.0 0.0 0.0 0.0 0.0 0.0; 2.22 1.04 1.65 2.15 0.92 1.42 2.55 0.61 3.33 3.74 2.03 1.12 5.2 2.65; NaN NaN NaN NaN NaN NaN NaN NaN NaN NaN NaN NaN NaN NaN; 2.22 1.04 1.65 2.15 0.92 1.42 2.55 0.61 3.33 3.74 2.03 1.12 5.2 2.65; 6.13 4.72 8.96 7.38 3.34 4.39 6.83 4.38 10.61 14.85 8.42 5.6 18.76 8.86; NaN NaN NaN NaN NaN NaN NaN NaN NaN NaN NaN NaN NaN NaN; 6.13 4.72 8.96 7.38 3.34 4.39 6.83 4.38 10.61 14.85 8.42 5.6 18.76 8.86; 12.78 9.32 18.02 14.86 8.87 9.43 13.15 10.08 22.32 29.39 17.65 12.61 37.61 21.38; NaN NaN NaN NaN NaN NaN NaN NaN NaN NaN NaN NaN NaN NaN; 12.78 9.32 18.02 14.86 8.87 9.43 13.15 10.08 22.32 29.39 17.65 12.61 37.61 21.38; 19.43 15.65 27.7 23.46 15.67 14.73 22.53 19.14 33.23 42.63 26.67 20.04 57.19 36.05; NaN NaN NaN NaN NaN NaN NaN NaN NaN NaN NaN NaN NaN NaN; 19.43 15.65 27.7 23.46 15.67 14.73 22.53 19.14 33.23 42.63 26.67 20.04 57.19 36.05; 25.95 23.13 36.97 33.71 22.7 21.83 30.07 27.39 45.05 52.73 34.18 26.75 73.7 51.93; NaN NaN NaN NaN NaN NaN NaN NaN NaN NaN NaN NaN NaN NaN; 25.95 23.13 36.97 33.71 22.7 21.83 30.07 27.39 45.05 52.73 34.18 26.75 73.7 51.93; 32.72 28.77 44.59 40.78 28.34 30.1 36.39 35.95 54.34 59.29 42.39 34.18 83.59 65.99; NaN NaN NaN NaN NaN NaN NaN NaN NaN NaN NaN NaN NaN NaN; 32.72 28.77 44.59 40.78 28.34 30.1 36.39 35.95 54.34 59.29 42.39 34.18 83.59 65.99; 38.59 34.75 52.11 49.69 33.87 35.79 42.2 42.57 61.82 64.95 47.36 39.06 87.16 75.56; NaN NaN NaN NaN NaN NaN NaN NaN NaN NaN NaN NaN NaN NaN; 38.59 34.75 52.11 49.69 33.87 35.79 42.2 42.57 61.82 64.95 47.36 39.06 87.16 75.56; 43.02 40.74 58.29 55.94 39.06 39.92 47.4 48.78 68.18 68.38 51.83 44.35 89.6 79.63; NaN NaN NaN NaN NaN NaN NaN NaN NaN NaN NaN NaN NaN NaN; 43.02 40.74 58.29 55.94 39.06 39.92 47.4 48.78 68.18 68.38 51.83 44.35 89.6 79.63; 48.24 45.11 64.16 61.68 42.4 43.54 51.17 54.38 72.83 70.71 55.48 48.42 90.11 82.89; NaN NaN NaN NaN NaN NaN NaN NaN NaN NaN NaN NaN NaN NaN; 48.24 45.11 64.16 61.68 42.4 43.54 51.17 54.38 72.83 70.71 55.48 48.42 90.11 82.89; 50.59 50.06 68.07 67.21 47.47 47.67 54.84 58.96 75.15 73.94 59.43 51.48 91.34 85.13; NaN NaN NaN NaN NaN NaN NaN NaN NaN NaN NaN NaN NaN NaN; 50.59 50.06 68.07 67.21 47.47 47.67 54.84 58.96 75.15 73.94 59.43 51.48 91.34 85.13]
***** epoch: 7 ***** 
trn_loss: 0 
tst_loss: 0 
naive_trn_accuracy: 0 
naive_tst_accuracy: 0  
pck_val_accuracy: 0.38030945720945786  
[0.0 0.0 0.0 0.0 0.0 0.0 0.0 0.0 0.0 0.0 0.0 0.0 0.0 0.0; NaN NaN NaN NaN NaN NaN NaN NaN NaN NaN NaN NaN NaN NaN; 0.0 0.0 0.0 0.0 0.0 0.0 0.0 0.0 0.0 0.0 0.0 0.0 0.0 0.0; 2.09 0.92 1.44 2.36 0.81 1.94 2.45 1.22 3.33 3.74 2.94 1.32 4.18 2.85; NaN NaN NaN NaN NaN NaN NaN NaN NaN NaN NaN NaN NaN NaN; 2.09 0.92 1.44 2.36 0.81 1.94 2.45 1.22 3.33 3.74 2.94 1.32 4.18 2.85; 6.52 4.95 8.96 7.07 4.03 5.3 6.73 4.28 10.71 14.44 9.23 6.0 18.04 9.27; NaN NaN NaN NaN NaN NaN NaN NaN NaN NaN NaN NaN NaN NaN; 6.52 4.95 8.96 7.07 4.03 5.3 6.73 4.28 10.71 14.44 9.23 6.0 18.04 9.27; 12.26 10.36 18.74 14.55 9.56 10.59 13.66 11.51 22.42 29.6 18.97 13.53 38.43 22.4; NaN NaN NaN NaN NaN NaN NaN NaN NaN NaN NaN NaN NaN NaN; 12.26 10.36 18.74 14.55 9.56 10.59 13.66 11.51 22.42 29.6 18.97 13.53 38.43 22.4; 19.17 16.8 27.5 22.54 15.9 16.8 23.24 19.65 35.35 43.94 28.6 20.65 58.0 36.35; NaN NaN NaN NaN NaN NaN NaN NaN NaN NaN NaN NaN NaN NaN; 19.17 16.8 27.5 22.54 15.9 16.8 23.24 19.65 35.35 43.94 28.6 20.65 58.0 36.35; 25.16 24.74 36.35 32.99 22.81 23.51 30.99 29.12 47.17 54.75 36.0 28.08 73.6 52.34; NaN NaN NaN NaN NaN NaN NaN NaN NaN NaN NaN NaN NaN NaN; 25.16 24.74 36.35 32.99 22.81 23.51 30.99 29.12 47.17 54.75 36.0 28.08 73.6 52.34; 33.38 30.49 43.87 40.68 29.15 31.14 37.31 39.1 57.07 62.32 44.42 34.79 83.08 65.58; NaN NaN NaN NaN NaN NaN NaN NaN NaN NaN NaN NaN NaN NaN; 33.38 30.49 43.87 40.68 29.15 31.14 37.31 39.1 57.07 62.32 44.42 34.79 83.08 65.58; 38.98 35.79 52.01 48.98 35.25 37.21 43.43 44.81 63.74 66.97 49.39 40.18 87.16 75.87; NaN NaN NaN NaN NaN NaN NaN NaN NaN NaN NaN NaN NaN NaN; 38.98 35.79 52.01 48.98 35.25 37.21 43.43 44.81 63.74 66.97 49.39 40.18 87.16 75.87; 43.81 41.2 58.39 55.12 40.09 41.73 47.91 51.22 69.6 70.51 52.94 45.98 89.6 80.45; NaN NaN NaN NaN NaN NaN NaN NaN NaN NaN NaN NaN NaN NaN; 43.81 41.2 58.39 55.12 40.09 41.73 47.91 51.22 69.6 70.51 52.94 45.98 89.6 80.45; 48.5 46.61 63.65 61.37 44.59 45.35 52.09 56.21 74.04 72.83 56.09 50.05 90.11 84.11; NaN NaN NaN NaN NaN NaN NaN NaN NaN NaN NaN NaN NaN NaN; 48.5 46.61 63.65 61.37 44.59 45.35 52.09 56.21 74.04 72.83 56.09 50.05 90.11 84.11; 51.37 51.32 67.56 66.8 48.85 49.22 55.56 60.18 76.57 76.26 59.94 52.8 91.34 85.95; NaN NaN NaN NaN NaN NaN NaN NaN NaN NaN NaN NaN NaN NaN; 51.37 51.32 67.56 66.8 48.85 49.22 55.56 60.18 76.57 76.26 59.94 52.8 91.34 85.95]
***** epoch: 8 ***** 
trn_loss: 0 
tst_loss: 0 
naive_trn_accuracy: 0 
naive_tst_accuracy: 0  
pck_val_accuracy: 0.38720459540459534  
[0.0 0.0 0.0 0.0 0.0 0.0 0.0 0.0 0.0 0.0 0.0 0.0 0.0 0.0; NaN NaN NaN NaN NaN NaN NaN NaN NaN NaN NaN NaN NaN NaN; 0.0 0.0 0.0 0.0 0.0 0.0 0.0 0.0 0.0 0.0 0.0 0.0 0.0 0.0; 1.96 1.04 1.44 2.66 1.04 2.07 1.94 1.32 3.23 3.84 2.74 1.12 4.28 2.85; NaN NaN NaN NaN NaN NaN NaN NaN NaN NaN NaN NaN NaN NaN; 1.96 1.04 1.44 2.66 1.04 2.07 1.94 1.32 3.23 3.84 2.74 1.12 4.28 2.85; 6.26 5.06 8.96 7.68 4.38 5.3 6.83 4.58 11.01 14.24 9.43 5.6 15.9 8.76; NaN NaN NaN NaN NaN NaN NaN NaN NaN NaN NaN NaN NaN NaN; 6.26 5.06 8.96 7.68 4.38 5.3 6.83 4.58 11.01 14.24 9.43 5.6 15.9 8.76; 11.99 11.16 18.74 14.96 10.14 10.34 14.58 12.93 22.63 30.51 20.49 13.12 36.29 21.69; NaN NaN NaN NaN NaN NaN NaN NaN NaN NaN NaN NaN NaN NaN; 11.99 11.16 18.74 14.96 10.14 10.34 14.58 12.93 22.63 30.51 20.49 13.12 36.29 21.69; 18.9 17.95 29.04 23.36 17.05 16.54 24.16 20.06 34.95 44.95 30.12 20.45 55.86 38.49; NaN NaN NaN NaN NaN NaN NaN NaN NaN NaN NaN NaN NaN NaN; 18.9 17.95 29.04 23.36 17.05 16.54 24.16 20.06 34.95 44.95 30.12 20.45 55.86 38.49; 25.68 25.89 36.66 33.2 24.42 24.42 31.8 29.63 47.27 56.36 37.73 28.59 71.97 54.28; NaN NaN NaN NaN NaN NaN NaN NaN NaN NaN NaN NaN NaN NaN; 25.68 25.89 36.66 33.2 24.42 24.42 31.8 29.63 47.27 56.36 37.73 28.59 71.97 54.28; 33.64 32.34 45.11 41.91 31.22 32.04 38.84 39.0 56.87 64.14 45.94 34.99 82.98 65.99; NaN NaN NaN NaN NaN NaN NaN NaN NaN NaN NaN NaN NaN NaN; 33.64 32.34 45.11 41.91 31.22 32.04 38.84 39.0 56.87 64.14 45.94 34.99 82.98 65.99; 39.63 37.05 52.73 50.51 37.21 37.73 45.26 45.72 63.74 68.69 51.62 41.2 87.26 76.68; NaN NaN NaN NaN NaN NaN NaN NaN NaN NaN NaN NaN NaN NaN; 39.63 37.05 52.73 50.51 37.21 37.73 45.26 45.72 63.74 68.69 51.62 41.2 87.26 76.68; 45.11 42.58 58.81 57.17 42.17 41.34 49.95 52.65 69.6 72.12 55.07 46.69 89.6 80.86; NaN NaN NaN NaN NaN NaN NaN NaN NaN NaN NaN NaN NaN NaN; 45.11 42.58 58.81 57.17 42.17 41.34 49.95 52.65 69.6 72.12 55.07 46.69 89.6 80.86; 49.28 47.87 65.4 62.91 46.43 45.35 53.92 58.25 74.44 74.34 58.32 50.97 90.42 84.52; NaN NaN NaN NaN NaN NaN NaN NaN NaN NaN NaN NaN NaN NaN; 49.28 47.87 65.4 62.91 46.43 45.35 53.92 58.25 74.44 74.34 58.32 50.97 90.42 84.52; 52.54 52.36 69.52 68.55 50.0 49.22 56.98 62.83 77.17 77.27 61.76 53.61 91.44 86.35; NaN NaN NaN NaN NaN NaN NaN NaN NaN NaN NaN NaN NaN NaN; 52.54 52.36 69.52 68.55 50.0 49.22 56.98 62.83 77.17 77.27 61.76 53.61 91.44 86.35]
***** epoch: 9 ***** 
trn_loss: 0 
tst_loss: 0 
naive_trn_accuracy: 0 
naive_tst_accuracy: 0  
pck_val_accuracy: 0.3949285936285931  
[0.0 0.0 0.0 0.0 0.0 0.0 0.0 0.0 0.0 0.0 0.0 0.0 0.0 0.0; NaN NaN NaN NaN NaN NaN NaN NaN NaN NaN NaN NaN NaN NaN; 0.0 0.0 0.0 0.0 0.0 0.0 0.0 0.0 0.0 0.0 0.0 0.0 0.0 0.0; 2.48 1.15 2.37 2.15 1.38 1.68 1.94 1.53 3.43 3.84 2.84 0.81 4.59 2.14; NaN NaN NaN NaN NaN NaN NaN NaN NaN NaN NaN NaN NaN NaN; 2.48 1.15 2.37 2.15 1.38 1.68 1.94 1.53 3.43 3.84 2.84 0.81 4.59 2.14; 6.52 5.52 8.96 8.3 4.26 5.43 7.95 5.19 11.82 13.94 9.74 5.39 17.13 8.55; NaN NaN NaN NaN NaN NaN NaN NaN NaN NaN NaN NaN NaN NaN; 6.52 5.52 8.96 8.3 4.26 5.43 7.95 5.19 11.82 13.94 9.74 5.39 17.13 8.55; 12.78 11.74 18.54 16.09 10.6 10.34 15.29 12.83 23.74 29.19 20.89 13.02 37.41 22.1; NaN NaN NaN NaN NaN NaN NaN NaN NaN NaN NaN NaN NaN NaN; 12.78 11.74 18.54 16.09 10.6 10.34 15.29 12.83 23.74 29.19 20.89 13.02 37.41 22.1; 20.73 19.22 28.53 24.9 17.51 17.96 25.28 22.61 37.68 44.85 30.73 20.65 55.45 36.15; NaN NaN NaN NaN NaN NaN NaN NaN NaN NaN NaN NaN NaN NaN; 20.73 19.22 28.53 24.9 17.51 17.96 25.28 22.61 37.68 44.85 30.73 20.65 55.45 36.15; 27.38 26.35 36.56 33.91 24.42 25.06 33.33 31.67 48.38 56.77 39.25 29.2 72.48 53.87; NaN NaN NaN NaN NaN NaN NaN NaN NaN NaN NaN NaN NaN NaN; 27.38 26.35 36.56 33.91 24.42 25.06 33.33 31.67 48.38 56.77 39.25 29.2 72.48 53.87; 36.9 33.14 45.21 43.34 32.37 32.69 39.96 40.73 58.89 64.55 47.36 36.32 82.87 66.8; NaN NaN NaN NaN NaN NaN NaN NaN NaN NaN NaN NaN NaN NaN; 36.9 33.14 45.21 43.34 32.37 32.69 39.96 40.73 58.89 64.55 47.36 36.32 82.87 66.8; 42.89 37.63 53.35 50.82 38.94 38.24 46.18 48.17 65.86 69.29 53.14 42.32 87.46 76.27; NaN NaN NaN NaN NaN NaN NaN NaN NaN NaN NaN NaN NaN NaN; 42.89 37.63 53.35 50.82 38.94 38.24 46.18 48.17 65.86 69.29 53.14 42.32 87.46 76.27; 48.5 43.5 59.11 57.38 43.09 42.38 50.87 54.68 71.01 72.83 56.39 48.02 89.91 80.96; NaN NaN NaN NaN NaN NaN NaN NaN NaN NaN NaN NaN NaN NaN; 48.5 43.5 59.11 57.38 43.09 42.38 50.87 54.68 71.01 72.83 56.39 48.02 89.91 80.96; 52.28 49.48 64.68 62.81 47.47 45.74 54.64 60.69 75.15 75.66 59.33 51.98 90.93 85.13; NaN NaN NaN NaN NaN NaN NaN NaN NaN NaN NaN NaN NaN NaN; 52.28 49.48 64.68 62.81 47.47 45.74 54.64 60.69 75.15 75.66 59.33 51.98 90.93 85.13; 54.63 53.74 69.21 68.65 51.73 50.0 57.49 64.77 78.08 78.38 62.37 54.53 91.74 86.56; NaN NaN NaN NaN NaN NaN NaN NaN NaN NaN NaN NaN NaN NaN; 54.63 53.74 69.21 68.65 51.73 50.0 57.49 64.77 78.08 78.38 62.37 54.53 91.74 86.56]
***** epoch: 10 ***** 
trn_loss: 0 
tst_loss: 0 
naive_trn_accuracy: 0 
naive_tst_accuracy: 0  
pck_val_accuracy: 0.40021497946497947  
[0.0 0.0 0.0 0.0 0.0 0.0 0.0 0.0 0.0 0.0 0.0 0.0 0.0 0.0; NaN NaN NaN NaN NaN NaN NaN NaN NaN NaN NaN NaN NaN NaN; 0.0 0.0 0.0 0.0 0.0 0.0 0.0 0.0 0.0 0.0 0.0 0.0 0.0 0.0; 2.35 1.27 2.37 2.66 1.84 1.68 2.65 0.92 4.44 3.64 2.23 1.22 4.59 2.24; NaN NaN NaN NaN NaN NaN NaN NaN NaN NaN NaN NaN NaN NaN; 2.35 1.27 2.37 2.66 1.84 1.68 2.65 0.92 4.44 3.64 2.23 1.22 4.59 2.24; 6.78 5.87 8.96 9.73 5.53 5.94 8.05 5.7 12.73 13.74 9.43 6.1 18.25 9.16; NaN NaN NaN NaN NaN NaN NaN NaN NaN NaN NaN NaN NaN NaN; 6.78 5.87 8.96 9.73 5.53 5.94 8.05 5.7 12.73 13.74 9.43 6.1 18.25 9.16; 13.43 11.97 18.23 17.52 10.94 11.24 15.09 13.95 25.25 28.69 19.68 14.85 36.8 22.3; NaN NaN NaN NaN NaN NaN NaN NaN NaN NaN NaN NaN NaN NaN; 13.43 11.97 18.23 17.52 10.94 11.24 15.09 13.95 25.25 28.69 19.68 14.85 36.8 22.3; 20.86 18.64 29.04 26.33 17.4 18.6 26.2 23.52 38.38 44.34 29.41 21.26 54.94 36.76; NaN NaN NaN NaN NaN NaN NaN NaN NaN NaN NaN NaN NaN NaN; 20.86 18.64 29.04 26.33 17.4 18.6 26.2 23.52 38.38 44.34 29.41 21.26 54.94 36.76; 27.77 26.12 36.56 35.04 24.54 26.61 32.82 33.1 49.49 57.37 39.86 29.7 72.27 54.89; NaN NaN NaN NaN NaN NaN NaN NaN NaN NaN NaN NaN NaN NaN; 27.77 26.12 36.56 35.04 24.54 26.61 32.82 33.1 49.49 57.37 39.86 29.7 72.27 54.89; 35.72 32.68 46.14 43.14 32.6 35.27 40.37 41.96 59.29 65.35 47.26 37.44 83.18 66.9; NaN NaN NaN NaN NaN NaN NaN NaN NaN NaN NaN NaN NaN NaN; 35.72 32.68 46.14 43.14 32.6 35.27 40.37 41.96 59.29 65.35 47.26 37.44 83.18 66.9; 41.2 37.86 54.17 50.72 38.82 40.31 45.67 48.68 66.57 70.0 53.14 42.22 87.67 76.78; NaN NaN NaN NaN NaN NaN NaN NaN NaN NaN NaN NaN NaN NaN; 41.2 37.86 54.17 50.72 38.82 40.31 45.67 48.68 66.57 70.0 53.14 42.22 87.67 76.78; 45.89 43.5 60.35 57.68 43.09 43.93 50.46 55.6 71.62 73.54 56.59 48.02 88.89 81.06; NaN NaN NaN NaN NaN NaN NaN NaN NaN NaN NaN NaN NaN NaN; 45.89 43.5 60.35 57.68 43.09 43.93 50.46 55.6 71.62 73.54 56.59 48.02 88.89 81.06; 50.2 49.37 65.71 63.22 47.7 47.67 54.84 61.2 75.76 75.96 59.63 52.19 90.11 84.62; NaN NaN NaN NaN NaN NaN NaN NaN NaN NaN NaN NaN NaN NaN; 50.2 49.37 65.71 63.22 47.7 47.67 54.84 61.2 75.76 75.96 59.63 52.19 90.11 84.62; 53.98 53.16 69.72 68.75 51.84 50.78 57.59 65.17 78.79 78.08 62.37 54.93 91.23 86.35; NaN NaN NaN NaN NaN NaN NaN NaN NaN NaN NaN NaN NaN NaN; 53.98 53.16 69.72 68.75 51.84 50.78 57.59 65.17 78.79 78.08 62.37 54.93 91.23 86.35]
***** epoch: 11 ***** 
trn_loss: 0 
tst_loss: 0 
naive_trn_accuracy: 0 
naive_tst_accuracy: 0  
pck_val_accuracy: 0.4064610139860135  
[0.0 0.0 0.0 0.0 0.0 0.0 0.0 0.0 0.0 0.0 0.0 0.0 0.0 0.0; NaN NaN NaN NaN NaN NaN NaN NaN NaN NaN NaN NaN NaN NaN; 0.0 0.0 0.0 0.0 0.0 0.0 0.0 0.0 0.0 0.0 0.0 0.0 0.0 0.0; 2.22 1.5 2.68 2.46 1.38 2.2 2.14 1.12 4.14 4.65 2.94 1.22 4.49 2.14; NaN NaN NaN NaN NaN NaN NaN NaN NaN NaN NaN NaN NaN NaN; 2.22 1.5 2.68 2.46 1.38 2.2 2.14 1.12 4.14 4.65 2.94 1.22 4.49 2.14; 6.65 5.64 9.27 9.32 5.18 5.43 8.36 5.8 13.23 14.44 9.84 6.1 18.14 8.96; NaN NaN NaN NaN NaN NaN NaN NaN NaN NaN NaN NaN NaN NaN; 6.65 5.64 9.27 9.32 5.18 5.43 8.36 5.8 13.23 14.44 9.84 6.1 18.14 8.96; 12.26 12.66 18.74 17.32 11.64 11.5 16.62 14.87 26.26 28.69 21.6 13.33 37.0 20.77; NaN NaN NaN NaN NaN NaN NaN NaN NaN NaN NaN NaN NaN NaN; 12.26 12.66 18.74 17.32 11.64 11.5 16.62 14.87 26.26 28.69 21.6 13.33 37.0 20.77; 20.86 20.48 29.25 26.23 17.28 19.64 27.32 25.66 39.09 44.34 31.74 20.85 54.54 36.35; NaN NaN NaN NaN NaN NaN NaN NaN NaN NaN NaN NaN NaN NaN; 20.86 20.48 29.25 26.23 17.28 19.64 27.32 25.66 39.09 44.34 31.74 20.85 54.54 36.35; 27.64 27.04 37.9 34.43 24.19 27.13 35.07 35.23 51.21 57.58 41.28 29.91 71.36 54.79; NaN NaN NaN NaN NaN NaN NaN NaN NaN NaN NaN NaN NaN NaN; 27.64 27.04 37.9 34.43 24.19 27.13 35.07 35.23 51.21 57.58 41.28 29.91 71.36 54.79; 36.51 33.6 47.17 43.03 32.37 34.75 41.69 43.79 61.62 65.35 48.68 37.33 82.36 68.33; NaN NaN NaN NaN NaN NaN NaN NaN NaN NaN NaN NaN NaN NaN; 36.51 33.6 47.17 43.03 32.37 34.75 41.69 43.79 61.62 65.35 48.68 37.33 82.36 68.33; 42.5 38.32 54.89 50.82 38.02 40.18 46.59 51.73 69.29 70.61 54.77 42.73 87.87 77.6; NaN NaN NaN NaN NaN NaN NaN NaN NaN NaN NaN NaN NaN NaN; 42.5 38.32 54.89 50.82 38.02 40.18 46.59 51.73 69.29 70.61 54.77 42.73 87.87 77.6; 47.72 44.42 61.07 57.27 42.4 44.19 51.78 57.94 73.54 74.65 58.62 48.83 89.4 82.28; NaN NaN NaN NaN NaN NaN NaN NaN NaN NaN NaN NaN NaN NaN; 47.72 44.42 61.07 57.27 42.4 44.19 51.78 57.94 73.54 74.65 58.62 48.83 89.4 82.28; 51.89 50.17 66.43 62.3 46.89 47.42 56.27 63.54 77.17 76.87 61.87 52.19 90.72 85.13; NaN NaN NaN NaN NaN NaN NaN NaN NaN NaN NaN NaN NaN NaN; 51.89 50.17 66.43 62.3 46.89 47.42 56.27 63.54 77.17 76.87 61.87 52.19 90.72 85.13; 54.76 54.32 70.03 68.75 50.92 50.52 58.72 67.21 79.8 79.09 64.4 55.14 91.74 86.76; NaN NaN NaN NaN NaN NaN NaN NaN NaN NaN NaN NaN NaN NaN; 54.76 54.32 70.03 68.75 50.92 50.52 58.72 67.21 79.8 79.09 64.4 55.14 91.74 86.76]
***** epoch: 12 ***** 
trn_loss: 0 
tst_loss: 0 
naive_trn_accuracy: 0 
naive_tst_accuracy: 0  
pck_val_accuracy: 0.4084236735486734  
[0.0 0.0 0.0 0.0 0.0 0.0 0.0 0.0 0.0 0.0 0.0 0.0 0.0 0.0; NaN NaN NaN NaN NaN NaN NaN NaN NaN NaN NaN NaN NaN NaN; 0.0 0.0 0.0 0.0 0.0 0.0 0.0 0.0 0.0 0.0 0.0 0.0 0.0 0.0; 2.61 1.27 2.68 2.56 1.38 2.07 1.73 1.63 3.64 4.24 2.74 1.12 4.08 2.04; NaN NaN NaN NaN NaN NaN NaN NaN NaN NaN NaN NaN NaN NaN; 2.61 1.27 2.68 2.56 1.38 2.07 1.73 1.63 3.64 4.24 2.74 1.12 4.08 2.04; 7.17 5.75 10.09 9.63 5.65 5.56 8.05 6.52 12.83 15.35 8.82 5.9 17.74 9.16; NaN NaN NaN NaN NaN NaN NaN NaN NaN NaN NaN NaN NaN NaN; 7.17 5.75 10.09 9.63 5.65 5.56 8.05 6.52 12.83 15.35 8.82 5.9 17.74 9.16; 13.56 12.08 18.54 17.42 11.87 12.53 16.11 14.87 27.17 29.49 21.3 13.84 35.78 21.18; NaN NaN NaN NaN NaN NaN NaN NaN NaN NaN NaN NaN NaN NaN; 13.56 12.08 18.54 17.42 11.87 12.53 16.11 14.87 27.17 29.49 21.3 13.84 35.78 21.18; 22.43 19.33 28.84 25.92 18.2 19.25 25.89 25.46 40.4 44.65 31.54 21.36 54.33 36.46; NaN NaN NaN NaN NaN NaN NaN NaN NaN NaN NaN NaN NaN NaN; 22.43 19.33 28.84 25.92 18.2 19.25 25.89 25.46 40.4 44.65 31.54 21.36 54.33 36.46; 28.42 26.58 37.28 34.53 24.77 28.81 35.17 35.64 51.92 57.37 40.87 30.42 72.07 54.07; NaN NaN NaN NaN NaN NaN NaN NaN NaN NaN NaN NaN NaN NaN; 28.42 26.58 37.28 34.53 24.77 28.81 35.17 35.64 51.92 57.37 40.87 30.42 72.07 54.07; 37.03 33.03 46.34 43.34 33.64 36.43 42.81 45.32 61.72 65.76 47.46 38.35 83.18 67.52; NaN NaN NaN NaN NaN NaN NaN NaN NaN NaN NaN NaN NaN NaN; 37.03 33.03 46.34 43.34 33.64 36.43 42.81 45.32 61.72 65.76 47.46 38.35 83.18 67.52; 42.24 38.9 53.96 50.61 39.06 41.34 47.4 52.85 68.89 70.61 54.46 43.03 87.87 77.19; NaN NaN NaN NaN NaN NaN NaN NaN NaN NaN NaN NaN NaN NaN; 42.24 38.9 53.96 50.61 39.06 41.34 47.4 52.85 68.89 70.61 54.46 43.03 87.87 77.19; 47.72 44.07 61.89 57.48 43.43 45.48 51.99 59.16 73.33 74.24 58.72 49.03 89.4 81.67; NaN NaN NaN NaN NaN NaN NaN NaN NaN NaN NaN NaN NaN NaN; 47.72 44.07 61.89 57.48 43.43 45.48 51.99 59.16 73.33 74.24 58.72 49.03 89.4 81.67; 51.5 48.91 67.04 62.91 47.35 48.45 55.96 63.95 76.77 76.87 62.07 52.49 90.42 84.62; NaN NaN NaN NaN NaN NaN NaN NaN NaN NaN NaN NaN NaN NaN; 51.5 48.91 67.04 62.91 47.35 48.45 55.96 63.95 76.77 76.87 62.07 52.49 90.42 84.62; 54.5 53.74 70.75 69.16 51.61 52.2 58.21 67.11 79.6 79.49 64.4 55.54 91.64 86.56; NaN NaN NaN NaN NaN NaN NaN NaN NaN NaN NaN NaN NaN NaN; 54.5 53.74 70.75 69.16 51.61 52.2 58.21 67.11 79.6 79.49 64.4 55.54 91.64 86.56]
***** epoch: 13 ***** 
trn_loss: 0 
tst_loss: 0 
naive_trn_accuracy: 0 
naive_tst_accuracy: 0  
pck_val_accuracy: 0.41532962037961946  
[0.0 0.0 0.0 0.0 0.0 0.0 0.0 0.0 0.0 0.0 0.0 0.0 0.0 0.0; NaN NaN NaN NaN NaN NaN NaN NaN NaN NaN NaN NaN NaN NaN; 0.0 0.0 0.0 0.0 0.0 0.0 0.0 0.0 0.0 0.0 0.0 0.0 0.0 0.0; 2.09 1.27 2.99 2.56 1.73 2.2 2.04 1.53 3.43 4.44 3.55 1.42 4.99 1.73; NaN NaN NaN NaN NaN NaN NaN NaN NaN NaN NaN NaN NaN NaN; 2.09 1.27 2.99 2.56 1.73 2.2 2.04 1.53 3.43 4.44 3.55 1.42 4.99 1.73; 7.04 5.87 11.02 9.84 5.99 5.81 8.97 6.92 12.73 15.15 10.55 6.61 18.35 8.96; NaN NaN NaN NaN NaN NaN NaN NaN NaN NaN NaN NaN NaN NaN; 7.04 5.87 11.02 9.84 5.99 5.81 8.97 6.92 12.73 15.15 10.55 6.61 18.35 8.96; 14.08 12.89 19.36 17.21 12.1 12.79 17.53 16.4 28.08 29.9 22.62 14.04 36.9 20.67; NaN NaN NaN NaN NaN NaN NaN NaN NaN NaN NaN NaN NaN NaN; 14.08 12.89 19.36 17.21 12.1 12.79 17.53 16.4 28.08 29.9 22.62 14.04 36.9 20.67; 22.43 20.14 30.59 26.43 18.78 20.28 28.85 26.48 41.21 45.66 31.95 22.48 54.74 36.46; NaN NaN NaN NaN NaN NaN NaN NaN NaN NaN NaN NaN NaN NaN; 22.43 20.14 30.59 26.43 18.78 20.28 28.85 26.48 41.21 45.66 31.95 22.48 54.74 36.46; 28.81 27.5 39.13 35.14 25.46 28.29 37.0 35.54 53.13 58.89 41.18 31.84 71.66 53.87; NaN NaN NaN NaN NaN NaN NaN NaN NaN NaN NaN NaN NaN NaN; 28.81 27.5 39.13 35.14 25.46 28.29 37.0 35.54 53.13 58.89 41.18 31.84 71.66 53.87; 37.81 34.18 48.2 43.85 34.68 35.92 44.14 46.13 62.83 67.17 48.38 39.98 83.28 67.72; NaN NaN NaN NaN NaN NaN NaN NaN NaN NaN NaN NaN NaN NaN; 37.81 34.18 48.2 43.85 34.68 35.92 44.14 46.13 62.83 67.17 48.38 39.98 83.28 67.72; 43.55 39.01 55.51 51.13 39.52 41.47 48.62 54.28 70.3 72.63 55.58 44.76 87.77 77.49; NaN NaN NaN NaN NaN NaN NaN NaN NaN NaN NaN NaN NaN NaN; 43.55 39.01 55.51 51.13 39.52 41.47 48.62 54.28 70.3 72.63 55.58 44.76 87.77 77.49; 48.5 44.65 62.72 58.2 43.78 46.38 53.41 60.39 74.44 76.67 60.04 50.56 89.4 82.79; NaN NaN NaN NaN NaN NaN NaN NaN NaN NaN NaN NaN NaN NaN; 48.5 44.65 62.72 58.2 43.78 46.38 53.41 60.39 74.44 76.67 60.04 50.56 89.4 82.79; 52.41 50.4 67.77 63.73 47.7 49.22 57.08 64.77 77.37 78.99 63.18 53.61 90.42 85.44; NaN NaN NaN NaN NaN NaN NaN NaN NaN NaN NaN NaN NaN NaN; 52.41 50.4 67.77 63.73 47.7 49.22 57.08 64.77 77.37 78.99 63.18 53.61 90.42 85.44; 55.54 54.32 72.19 69.16 51.27 52.84 59.94 68.74 80.0 81.11 65.31 56.56 91.95 86.56; NaN NaN NaN NaN NaN NaN NaN NaN NaN NaN NaN NaN NaN NaN; 55.54 54.32 72.19 69.16 51.27 52.84 59.94 68.74 80.0 81.11 65.31 56.56 91.95 86.56]
***** epoch: 14 ***** 
trn_loss: 0 
tst_loss: 0 
naive_trn_accuracy: 0 
naive_tst_accuracy: 0  
pck_val_accuracy: 0.41801851204351165  
[0.0 0.0 0.0 0.0 0.0 0.0 0.0 0.0 0.0 0.0 0.0 0.0 0.0 0.0; NaN NaN NaN NaN NaN NaN NaN NaN NaN NaN NaN NaN NaN NaN; 0.0 0.0 0.0 0.0 0.0 0.0 0.0 0.0 0.0 0.0 0.0 0.0 0.0 0.0; 2.74 0.46 2.99 2.56 1.84 1.68 2.24 1.83 3.94 4.14 3.65 1.42 3.98 1.43; NaN NaN NaN NaN NaN NaN NaN NaN NaN NaN NaN NaN NaN NaN; 2.74 0.46 2.99 2.56 1.84 1.68 2.24 1.83 3.94 4.14 3.65 1.42 3.98 1.43; 8.08 5.06 10.4 9.94 5.88 5.43 8.66 6.92 14.24 14.04 10.65 7.83 17.02 9.06; NaN NaN NaN NaN NaN NaN NaN NaN NaN NaN NaN NaN NaN NaN; 8.08 5.06 10.4 9.94 5.88 5.43 8.66 6.92 14.24 14.04 10.65 7.83 17.02 9.06; 14.86 11.97 19.36 16.91 12.21 12.53 17.64 16.6 30.2 30.0 22.62 15.36 35.27 20.67; NaN NaN NaN NaN NaN NaN NaN NaN NaN NaN NaN NaN NaN NaN; 14.86 11.97 19.36 16.91 12.21 12.53 17.64 16.6 30.2 30.0 22.62 15.36 35.27 20.67; 22.56 19.79 30.28 26.02 19.47 20.16 29.26 27.49 43.43 45.66 32.35 23.5 53.41 36.15; NaN NaN NaN NaN NaN NaN NaN NaN NaN NaN NaN NaN NaN NaN; 22.56 19.79 30.28 26.02 19.47 20.16 29.26 27.49 43.43 45.66 32.35 23.5 53.41 36.15; 28.94 27.27 39.65 35.14 25.81 27.39 37.82 37.37 54.14 58.69 42.29 32.45 71.15 53.16; NaN NaN NaN NaN NaN NaN NaN NaN NaN NaN NaN NaN NaN NaN; 28.94 27.27 39.65 35.14 25.81 27.39 37.82 37.37 54.14 58.69 42.29 32.45 71.15 53.16; 37.42 34.64 48.3 42.73 34.45 35.66 44.34 46.54 64.14 67.68 49.7 41.0 82.36 67.41; NaN NaN NaN NaN NaN NaN NaN NaN NaN NaN NaN NaN NaN NaN; 37.42 34.64 48.3 42.73 34.45 35.66 44.34 46.54 64.14 67.68 49.7 41.0 82.36 67.41; 43.55 39.7 56.33 50.82 38.82 40.57 49.03 54.79 71.52 73.74 57.2 45.17 88.18 77.09; NaN NaN NaN NaN NaN NaN NaN NaN NaN NaN NaN NaN NaN NaN; 43.55 39.7 56.33 50.82 38.82 40.57 49.03 54.79 71.52 73.74 57.2 45.17 88.18 77.09; 48.37 45.11 63.34 57.48 44.01 45.22 53.62 60.08 74.95 77.47 61.76 50.46 90.11 82.89; NaN NaN NaN NaN NaN NaN NaN NaN NaN NaN NaN NaN NaN NaN; 48.37 45.11 63.34 57.48 44.01 45.22 53.62 60.08 74.95 77.47 61.76 50.46 90.11 82.89; 52.41 51.21 68.28 62.7 47.93 47.93 57.49 64.77 77.47 80.1 64.4 54.12 90.83 85.85; NaN NaN NaN NaN NaN NaN NaN NaN NaN NaN NaN NaN NaN NaN; 52.41 51.21 68.28 62.7 47.93 47.93 57.49 64.77 77.47 80.1 64.4 54.12 90.83 85.85; 55.28 55.12 72.3 68.14 52.07 52.2 59.73 68.53 79.49 82.22 67.14 56.87 92.05 87.17; NaN NaN NaN NaN NaN NaN NaN NaN NaN NaN NaN NaN NaN NaN; 55.28 55.12 72.3 68.14 52.07 52.2 59.73 68.53 79.49 82.22 67.14 56.87 92.05 87.17]
***** epoch: 15 ***** 
trn_loss: 0 
tst_loss: 0 
naive_trn_accuracy: 0 
naive_tst_accuracy: 0  
pck_val_accuracy: 0.42226813741813685  
[0.0 0.0 0.0 0.0 0.0 0.0 0.0 0.0 0.0 0.0 0.0 0.0 0.0 0.0; NaN NaN NaN NaN NaN NaN NaN NaN NaN NaN NaN NaN NaN NaN; 0.0 0.0 0.0 0.0 0.0 0.0 0.0 0.0 0.0 0.0 0.0 0.0 0.0 0.0; 3.0 0.92 3.3 2.15 1.73 1.68 1.73 1.43 4.34 4.44 3.85 1.32 4.99 1.83; NaN NaN NaN NaN NaN NaN NaN NaN NaN NaN NaN NaN NaN NaN; 3.0 0.92 3.3 2.15 1.73 1.68 1.73 1.43 4.34 4.44 3.85 1.32 4.99 1.83; 8.08 5.64 11.33 9.12 6.57 5.56 8.97 7.74 14.44 15.05 9.84 6.82 18.04 9.16; NaN NaN NaN NaN NaN NaN NaN NaN NaN NaN NaN NaN NaN NaN; 8.08 5.64 11.33 9.12 6.57 5.56 8.97 7.74 14.44 15.05 9.84 6.82 18.04 9.16; 14.99 11.85 20.19 17.21 13.02 11.76 18.14 17.21 30.71 29.8 22.41 15.26 36.29 20.88; NaN NaN NaN NaN NaN NaN NaN NaN NaN NaN NaN NaN NaN NaN; 14.99 11.85 20.19 17.21 13.02 11.76 18.14 17.21 30.71 29.8 22.41 15.26 36.29 20.88; 23.08 20.48 31.2 26.84 19.82 18.99 30.68 28.62 44.14 45.05 32.15 23.6 53.52 37.68; NaN NaN NaN NaN NaN NaN NaN NaN NaN NaN NaN NaN NaN NaN; 23.08 20.48 31.2 26.84 19.82 18.99 30.68 28.62 44.14 45.05 32.15 23.6 53.52 37.68; 29.99 27.62 40.47 36.07 26.15 27.0 38.94 38.39 55.25 57.88 42.6 32.66 70.13 53.87; NaN NaN NaN NaN NaN NaN NaN NaN NaN NaN NaN NaN NaN NaN; 29.99 27.62 40.47 36.07 26.15 27.0 38.94 38.39 55.25 57.88 42.6 32.66 70.13 53.87; 37.68 35.44 49.23 44.67 34.33 34.88 44.95 48.37 64.04 68.28 49.9 40.59 82.06 67.62; NaN NaN NaN NaN NaN NaN NaN NaN NaN NaN NaN NaN NaN NaN; 37.68 35.44 49.23 44.67 34.33 34.88 44.95 48.37 64.04 68.28 49.9 40.59 82.06 67.62; 43.68 40.28 57.36 51.95 38.94 41.09 49.24 55.4 72.02 74.04 57.91 45.07 88.07 77.29; NaN NaN NaN NaN NaN NaN NaN NaN NaN NaN NaN NaN NaN NaN; 43.68 40.28 57.36 51.95 38.94 41.09 49.24 55.4 72.02 74.04 57.91 45.07 88.07 77.29; 48.76 46.49 64.57 58.2 43.78 46.25 53.72 61.71 75.56 77.78 62.17 50.56 89.81 82.59; NaN NaN NaN NaN NaN NaN NaN NaN NaN NaN NaN NaN NaN NaN; 48.76 46.49 64.57 58.2 43.78 46.25 53.72 61.71 75.56 77.78 62.17 50.56 89.81 82.59; 52.15 51.55 68.69 64.04 47.93 49.1 57.8 65.78 78.08 80.2 65.21 54.12 90.62 85.44; NaN NaN NaN NaN NaN NaN NaN NaN NaN NaN NaN NaN NaN NaN; 52.15 51.55 68.69 64.04 47.93 49.1 57.8 65.78 78.08 80.2 65.21 54.12 90.62 85.44; 54.76 55.93 73.64 69.26 52.53 53.1 60.24 69.65 80.51 82.32 67.55 56.66 92.25 87.07; NaN NaN NaN NaN NaN NaN NaN NaN NaN NaN NaN NaN NaN NaN; 54.76 55.93 73.64 69.26 52.53 53.1 60.24 69.65 80.51 82.32 67.55 56.66 92.25 87.07]
***** epoch: 16 ***** 
trn_loss: 0 
tst_loss: 0 
naive_trn_accuracy: 0 
naive_tst_accuracy: 0  
pck_val_accuracy: 0.4303338328338328  
[0.0 0.0 0.0 0.0 0.0 0.0 0.0 0.0 0.0 0.0 0.0 0.0 0.0 0.0; NaN NaN NaN NaN NaN NaN NaN NaN NaN NaN NaN NaN NaN NaN; 0.0 0.0 0.0 0.0 0.0 0.0 0.0 0.0 0.0 0.0 0.0 0.0 0.0 0.0; 2.87 0.92 2.99 2.46 1.84 1.68 1.63 2.55 4.44 4.14 3.35 1.53 4.79 1.93; NaN NaN NaN NaN NaN NaN NaN NaN NaN NaN NaN NaN NaN NaN; 2.87 0.92 2.99 2.46 1.84 1.68 1.63 2.55 4.44 4.14 3.35 1.53 4.79 1.93; 8.21 5.87 10.5 9.53 6.57 4.52 9.28 8.35 14.75 16.36 10.45 7.63 18.04 8.96; NaN NaN NaN NaN NaN NaN NaN NaN NaN NaN NaN NaN NaN NaN; 8.21 5.87 10.5 9.53 6.57 4.52 9.28 8.35 14.75 16.36 10.45 7.63 18.04 8.96; 14.86 12.31 19.67 16.7 12.44 11.89 18.55 17.72 30.4 31.82 23.43 16.68 36.49 19.96; NaN NaN NaN NaN NaN NaN NaN NaN NaN NaN NaN NaN NaN NaN; 14.86 12.31 19.67 16.7 12.44 11.89 18.55 17.72 30.4 31.82 23.43 16.68 36.49 19.96; 22.69 20.6 31.1 26.23 20.28 20.28 29.87 29.63 44.75 46.67 32.76 24.82 55.66 36.35; NaN NaN NaN NaN NaN NaN NaN NaN NaN NaN NaN NaN NaN NaN; 22.69 20.6 31.1 26.23 20.28 20.28 29.87 29.63 44.75 46.67 32.76 24.82 55.66 36.35; 29.99 27.85 40.89 36.58 26.84 28.68 38.94 39.71 56.46 60.71 43.31 33.06 71.36 54.07; NaN NaN NaN NaN NaN NaN NaN NaN NaN NaN NaN NaN NaN NaN; 29.99 27.85 40.89 36.58 26.84 28.68 38.94 39.71 56.46 60.71 43.31 33.06 71.36 54.07; 36.9 35.44 49.33 43.75 35.94 36.18 45.16 48.07 65.56 69.9 51.22 41.51 82.26 68.23; NaN NaN NaN NaN NaN NaN NaN NaN NaN NaN NaN NaN NaN NaN; 36.9 35.44 49.33 43.75 35.94 36.18 45.16 48.07 65.56 69.9 51.22 41.51 82.26 68.23; 43.81 40.97 56.75 51.84 40.09 42.25 49.75 56.21 73.03 76.57 58.52 46.08 87.56 77.7; NaN NaN NaN NaN NaN NaN NaN NaN NaN NaN NaN NaN NaN NaN; 43.81 40.97 56.75 51.84 40.09 42.25 49.75 56.21 73.03 76.57 58.52 46.08 87.56 77.7; 49.93 46.61 64.26 58.71 45.16 47.93 54.84 63.03 76.26 79.8 63.29 51.27 89.5 83.6; NaN NaN NaN NaN NaN NaN NaN NaN NaN NaN NaN NaN NaN NaN; 49.93 46.61 64.26 58.71 45.16 47.93 54.84 63.03 76.26 79.8 63.29 51.27 89.5 83.6; 52.67 51.78 69.0 64.86 48.5 50.26 59.02 67.11 78.59 81.62 65.82 54.63 90.21 86.05; NaN NaN NaN NaN NaN NaN NaN NaN NaN NaN NaN NaN NaN NaN; 52.67 51.78 69.0 64.86 48.5 50.26 59.02 67.11 78.59 81.62 65.82 54.63 90.21 86.05; 55.93 55.7 73.33 69.47 52.88 54.01 61.98 70.26 80.71 83.23 68.46 57.48 91.64 87.17; NaN NaN NaN NaN NaN NaN NaN NaN NaN NaN NaN NaN NaN NaN; 55.93 55.7 73.33 69.47 52.88 54.01 61.98 70.26 80.71 83.23 68.46 57.48 91.64 87.17]
***** epoch: 17 ***** 
trn_loss: 0 
tst_loss: 0 
naive_trn_accuracy: 0 
naive_tst_accuracy: 0  
pck_val_accuracy: 0.43794164169164146  
[0.0 0.0 0.0 0.0 0.0 0.0 0.0 0.0 0.0 0.0 0.0 0.0 0.0 0.0; NaN NaN NaN NaN NaN NaN NaN NaN NaN NaN NaN NaN NaN NaN; 0.0 0.0 0.0 0.0 0.0 0.0 0.0 0.0 0.0 0.0 0.0 0.0 0.0 0.0; 2.74 0.81 3.4 2.77 2.19 1.29 1.63 2.65 4.44 4.44 3.75 1.73 5.2 2.55; NaN NaN NaN NaN NaN NaN NaN NaN NaN NaN NaN NaN NaN NaN; 2.74 0.81 3.4 2.77 2.19 1.29 1.63 2.65 4.44 4.44 3.75 1.73 5.2 2.55; 8.6 5.98 12.05 10.35 6.11 5.43 8.26 8.45 14.14 16.77 10.24 7.93 19.06 10.08; NaN NaN NaN NaN NaN NaN NaN NaN NaN NaN NaN NaN NaN NaN; 8.6 5.98 12.05 10.35 6.11 5.43 8.26 8.45 14.14 16.77 10.24 7.93 19.06 10.08; 14.86 12.66 20.29 18.65 12.79 12.66 17.74 18.64 30.81 32.73 23.73 17.09 36.9 21.89; NaN NaN NaN NaN NaN NaN NaN NaN NaN NaN NaN NaN NaN NaN; 14.86 12.66 20.29 18.65 12.79 12.66 17.74 18.64 30.81 32.73 23.73 17.09 36.9 21.89; 22.95 21.4 31.41 27.66 20.62 20.41 29.87 30.55 45.66 48.28 33.16 25.94 54.23 38.09; NaN NaN NaN NaN NaN NaN NaN NaN NaN NaN NaN NaN NaN NaN; 22.95 21.4 31.41 27.66 20.62 20.41 29.87 30.55 45.66 48.28 33.16 25.94 54.23 38.09; 30.12 28.77 41.71 38.73 27.65 28.17 39.45 41.14 57.88 62.42 42.9 34.49 70.23 54.99; NaN NaN NaN NaN NaN NaN NaN NaN NaN NaN NaN NaN NaN NaN; 30.12 28.77 41.71 38.73 27.65 28.17 39.45 41.14 57.88 62.42 42.9 34.49 70.23 54.99; 37.81 36.25 49.74 46.72 35.02 35.66 45.97 50.31 66.87 71.11 51.32 41.91 82.26 68.74; NaN NaN NaN NaN NaN NaN NaN NaN NaN NaN NaN NaN NaN NaN; 37.81 36.25 49.74 46.72 35.02 35.66 45.97 50.31 66.87 71.11 51.32 41.91 82.26 68.74; 43.29 42.35 58.19 54.82 40.21 42.51 50.05 57.74 73.74 76.87 58.72 46.39 87.97 76.88; NaN NaN NaN NaN NaN NaN NaN NaN NaN NaN NaN NaN NaN NaN; 43.29 42.35 58.19 54.82 40.21 42.51 50.05 57.74 73.74 76.87 58.72 46.39 87.97 76.88; 48.5 47.3 66.01 60.66 44.93 47.29 54.33 64.05 77.07 80.3 63.18 51.68 90.01 83.2; NaN NaN NaN NaN NaN NaN NaN NaN NaN NaN NaN NaN NaN NaN; 48.5 47.3 66.01 60.66 44.93 47.29 54.33 64.05 77.07 80.3 63.18 51.68 90.01 83.2; 53.06 52.7 70.55 66.29 48.39 49.87 58.82 68.13 78.89 82.32 65.52 55.14 90.52 85.74; NaN NaN NaN NaN NaN NaN NaN NaN NaN NaN NaN NaN NaN NaN; 53.06 52.7 70.55 66.29 48.39 49.87 58.82 68.13 78.89 82.32 65.52 55.14 90.52 85.74; 56.32 56.73 74.36 71.21 53.11 53.75 61.98 71.59 81.41 83.64 68.15 57.99 91.54 87.17; NaN NaN NaN NaN NaN NaN NaN NaN NaN NaN NaN NaN NaN NaN; 56.32 56.73 74.36 71.21 53.11 53.75 61.98 71.59 81.41 83.64 68.15 57.99 91.54 87.17]
***** epoch: 18 ***** 
trn_loss: 0 
tst_loss: 0 
naive_trn_accuracy: 0 
naive_tst_accuracy: 0  
pck_val_accuracy: 0.4409934426684425  
[0.0 0.0 0.0 0.0 0.0 0.0 0.0 0.0 0.0 0.0 0.0 0.0 0.0 0.0; NaN NaN NaN NaN NaN NaN NaN NaN NaN NaN NaN NaN NaN NaN; 0.0 0.0 0.0 0.0 0.0 0.0 0.0 0.0 0.0 0.0 0.0 0.0 0.0 0.0; 2.74 0.81 2.99 2.66 2.19 1.16 1.63 2.44 4.95 4.24 4.36 2.24 5.3 2.44; NaN NaN NaN NaN NaN NaN NaN NaN NaN NaN NaN NaN NaN NaN; 2.74 0.81 2.99 2.66 2.19 1.16 1.63 2.44 4.95 4.24 4.36 2.24 5.3 2.44; 7.43 5.75 10.92 10.14 6.91 5.04 9.38 8.55 15.86 15.96 11.16 8.14 18.45 9.98; NaN NaN NaN NaN NaN NaN NaN NaN NaN NaN NaN NaN NaN NaN; 7.43 5.75 10.92 10.14 6.91 5.04 9.38 8.55 15.86 15.96 11.16 8.14 18.45 9.98; 13.43 12.77 20.6 18.44 13.82 11.63 19.57 19.65 31.31 31.01 24.14 17.19 35.78 20.88; NaN NaN NaN NaN NaN NaN NaN NaN NaN NaN NaN NaN NaN NaN; 13.43 12.77 20.6 18.44 13.82 11.63 19.57 19.65 31.31 31.01 24.14 17.19 35.78 20.88; 21.9 21.29 32.13 28.69 22.0 21.19 30.28 31.67 46.87 47.27 34.28 26.86 53.72 37.88; NaN NaN NaN NaN NaN NaN NaN NaN NaN NaN NaN NaN NaN NaN; 21.9 21.29 32.13 28.69 22.0 21.19 30.28 31.67 46.87 47.27 34.28 26.86 53.72 37.88; 28.94 28.54 42.22 38.83 28.0 28.81 39.96 42.77 58.69 61.41 44.73 34.28 70.23 55.7; NaN NaN NaN NaN NaN NaN NaN NaN NaN NaN NaN NaN NaN NaN; 28.94 28.54 42.22 38.83 28.0 28.81 39.96 42.77 58.69 61.41 44.73 34.28 70.23 55.7; 35.85 37.05 50.36 47.34 35.37 36.56 47.09 51.02 67.58 71.31 52.84 42.12 82.16 69.45; NaN NaN NaN NaN NaN NaN NaN NaN NaN NaN NaN NaN NaN NaN; 35.85 37.05 50.36 47.34 35.37 36.56 47.09 51.02 67.58 71.31 52.84 42.12 82.16 69.45; 43.02 41.89 58.29 55.43 40.67 42.89 50.97 57.33 75.25 76.97 59.63 46.8 88.18 77.6; NaN NaN NaN NaN NaN NaN NaN NaN NaN NaN NaN NaN NaN NaN; 43.02 41.89 58.29 55.43 40.67 42.89 50.97 57.33 75.25 76.97 59.63 46.8 88.18 77.6; 49.28 47.07 65.6 61.48 45.39 47.55 55.76 63.65 78.18 80.51 64.6 51.48 90.01 83.3; NaN NaN NaN NaN NaN NaN NaN NaN NaN NaN NaN NaN NaN NaN; 49.28 47.07 65.6 61.48 45.39 47.55 55.76 63.65 78.18 80.51 64.6 51.48 90.01 83.3; 53.06 53.05 69.31 67.62 49.19 50.65 59.73 68.33 79.8 82.73 67.65 55.85 90.62 86.05; NaN NaN NaN NaN NaN NaN NaN NaN NaN NaN NaN NaN NaN NaN; 53.06 53.05 69.31 67.62 49.19 50.65 59.73 68.33 79.8 82.73 67.65 55.85 90.62 86.05; 55.93 56.5 73.84 72.13 53.69 53.75 62.49 71.28 81.72 84.04 70.08 58.09 91.95 86.66; NaN NaN NaN NaN NaN NaN NaN NaN NaN NaN NaN NaN NaN NaN; 55.93 56.5 73.84 72.13 53.69 53.75 62.49 71.28 81.72 84.04 70.08 58.09 91.95 86.66]
***** epoch: 19 ***** 
trn_loss: 0 
tst_loss: 0 
naive_trn_accuracy: 0 
naive_tst_accuracy: 0  
pck_val_accuracy: 0.4334193972693974  
[0.0 0.0 0.0 0.0 0.0 0.0 0.0 0.0 0.0 0.0 0.0 0.0 0.0 0.0; NaN NaN NaN NaN NaN NaN NaN NaN NaN NaN NaN NaN NaN NaN; 0.0 0.0 0.0 0.0 0.0 0.0 0.0 0.0 0.0 0.0 0.0 0.0 0.0 0.0; 3.26 0.92 3.3 2.46 2.07 1.42 1.53 2.65 4.44 4.95 3.96 2.44 4.89 2.14; NaN NaN NaN NaN NaN NaN NaN NaN NaN NaN NaN NaN NaN NaN; 3.26 0.92 3.3 2.46 2.07 1.42 1.53 2.65 4.44 4.95 3.96 2.44 4.89 2.14; 8.08 5.98 11.12 10.04 5.76 4.91 8.46 8.55 14.24 16.06 10.65 8.34 16.92 9.57; NaN NaN NaN NaN NaN NaN NaN NaN NaN NaN NaN NaN NaN NaN; 8.08 5.98 11.12 10.04 5.76 4.91 8.46 8.55 14.24 16.06 10.65 8.34 16.92 9.57; 13.56 12.66 19.57 17.83 12.79 12.53 19.27 17.92 30.4 30.91 24.34 16.58 34.76 20.88; NaN NaN NaN NaN NaN NaN NaN NaN NaN NaN NaN NaN NaN NaN; 13.56 12.66 19.57 17.83 12.79 12.53 19.27 17.92 30.4 30.91 24.34 16.58 34.76 20.88; 21.38 21.29 30.48 27.56 20.85 21.45 30.38 29.84 45.45 47.78 35.19 25.74 52.4 36.15; NaN NaN NaN NaN NaN NaN NaN NaN NaN NaN NaN NaN NaN NaN; 21.38 21.29 30.48 27.56 20.85 21.45 30.38 29.84 45.45 47.78 35.19 25.74 52.4 36.15; 28.68 28.42 40.99 38.01 27.88 29.59 40.27 40.43 57.27 60.2 44.62 34.08 68.91 53.26; NaN NaN NaN NaN NaN NaN NaN NaN NaN NaN NaN NaN NaN NaN; 28.68 28.42 40.99 38.01 27.88 29.59 40.27 40.43 57.27 60.2 44.62 34.08 68.91 53.26; 34.81 36.25 49.23 46.31 35.14 36.82 47.2 50.1 67.27 69.7 53.25 41.61 80.94 67.41; NaN NaN NaN NaN NaN NaN NaN NaN NaN NaN NaN NaN NaN NaN; 34.81 36.25 49.23 46.31 35.14 36.82 47.2 50.1 67.27 69.7 53.25 41.61 80.94 67.41; 41.2 42.12 57.67 54.1 39.86 44.32 51.27 56.62 74.44 75.05 59.84 46.59 86.44 77.29; NaN NaN NaN NaN NaN NaN NaN NaN NaN NaN NaN NaN NaN NaN; 41.2 42.12 57.67 54.1 39.86 44.32 51.27 56.62 74.44 75.05 59.84 46.59 86.44 77.29; 47.98 47.3 65.5 59.73 44.7 47.55 55.66 64.36 77.58 78.79 64.6 51.17 88.69 83.3; NaN NaN NaN NaN NaN NaN NaN NaN NaN NaN NaN NaN NaN NaN; 47.98 47.3 65.5 59.73 44.7 47.55 55.66 64.36 77.58 78.79 64.6 51.17 88.69 83.3; 52.54 52.93 70.13 65.37 48.04 50.52 59.84 68.43 79.7 81.21 67.85 55.34 89.7 85.85; NaN NaN NaN NaN NaN NaN NaN NaN NaN NaN NaN NaN NaN NaN; 52.54 52.93 70.13 65.37 48.04 50.52 59.84 68.43 79.7 81.21 67.85 55.34 89.7 85.85; 55.67 56.62 74.36 70.29 52.42 54.13 61.77 72.0 81.62 82.63 69.88 57.68 91.44 87.37; NaN NaN NaN NaN NaN NaN NaN NaN NaN NaN NaN NaN NaN NaN; 55.67 56.62 74.36 70.29 52.42 54.13 61.77 72.0 81.62 82.63 69.88 57.68 91.44 87.37]
***** epoch: 20 ***** 
trn_loss: 0 
tst_loss: 0 
naive_trn_accuracy: 0 
naive_tst_accuracy: 0  
pck_val_accuracy: 0.44267509712509706  
[0.0 0.0 0.0 0.0 0.0 0.0 0.0 0.0 0.0 0.0 0.0 0.0 0.0 0.0; NaN NaN NaN NaN NaN NaN NaN NaN NaN NaN NaN NaN NaN NaN; 0.0 0.0 0.0 0.0 0.0 0.0 0.0 0.0 0.0 0.0 0.0 0.0 0.0 0.0; 2.87 1.04 3.19 2.56 1.96 1.16 1.83 2.44 4.85 5.25 3.75 2.34 4.79 2.04; NaN NaN NaN NaN NaN NaN NaN NaN NaN NaN NaN NaN NaN NaN; 2.87 1.04 3.19 2.56 1.96 1.16 1.83 2.44 4.85 5.25 3.75 2.34 4.79 2.04; 7.95 6.1 11.12 10.45 6.8 5.56 8.56 9.16 15.15 17.58 11.16 8.75 17.64 9.67; NaN NaN NaN NaN NaN NaN NaN NaN NaN NaN NaN NaN NaN NaN; 7.95 6.1 11.12 10.45 6.8 5.56 8.56 9.16 15.15 17.58 11.16 8.75 17.64 9.67; 14.73 12.2 19.77 18.24 14.4 12.14 18.45 19.86 31.92 32.63 24.75 17.8 34.66 20.88; NaN NaN NaN NaN NaN NaN NaN NaN NaN NaN NaN NaN NaN NaN; 14.73 12.2 19.77 18.24 14.4 12.14 18.45 19.86 31.92 32.63 24.75 17.8 34.66 20.88; 23.08 21.75 31.41 28.59 21.77 20.16 29.56 31.26 46.87 49.19 35.9 26.25 52.91 38.19; NaN NaN NaN NaN NaN NaN NaN NaN NaN NaN NaN NaN NaN NaN; 23.08 21.75 31.41 28.59 21.77 20.16 29.56 31.26 46.87 49.19 35.9 26.25 52.91 38.19; 30.51 28.08 40.99 40.47 28.34 28.94 39.35 43.08 58.99 62.42 45.84 34.38 69.52 55.8; NaN NaN NaN NaN NaN NaN NaN NaN NaN NaN NaN NaN NaN NaN; 30.51 28.08 40.99 40.47 28.34 28.94 39.35 43.08 58.99 62.42 45.84 34.38 69.52 55.8; 36.77 37.17 49.85 48.26 35.6 36.43 47.5 51.83 68.59 70.51 54.46 41.81 80.84 68.84; NaN NaN NaN NaN NaN NaN NaN NaN NaN NaN NaN NaN NaN NaN; 36.77 37.17 49.85 48.26 35.6 36.43 47.5 51.83 68.59 70.51 54.46 41.81 80.84 68.84; 43.81 43.04 58.6 56.25 40.67 43.8 50.97 58.25 74.95 75.96 61.16 46.9 87.05 77.09; NaN NaN NaN NaN NaN NaN NaN NaN NaN NaN NaN NaN NaN NaN; 43.81 43.04 58.6 56.25 40.67 43.8 50.97 58.25 74.95 75.96 61.16 46.9 87.05 77.09; 49.8 47.41 66.32 62.09 45.51 48.19 55.05 64.66 78.48 79.7 66.02 52.19 89.09 82.99; NaN NaN NaN NaN NaN NaN NaN NaN NaN NaN NaN NaN NaN NaN; 49.8 47.41 66.32 62.09 45.51 48.19 55.05 64.66 78.48 79.7 66.02 52.19 89.09 82.99; 53.32 52.47 69.72 67.21 49.42 51.42 59.43 69.35 79.9 82.12 68.97 55.65 89.91 85.64; NaN NaN NaN NaN NaN NaN NaN NaN NaN NaN NaN NaN NaN NaN; 53.32 52.47 69.72 67.21 49.42 51.42 59.43 69.35 79.9 82.12 68.97 55.65 89.91 85.64; 56.19 57.19 74.46 71.82 54.03 54.52 61.88 71.89 81.82 83.54 71.2 57.99 91.13 87.07; NaN NaN NaN NaN NaN NaN NaN NaN NaN NaN NaN NaN NaN NaN; 56.19 57.19 74.46 71.82 54.03 54.52 61.88 71.89 81.82 83.54 71.2 57.99 91.13 87.07]
***** epoch: 21 ***** 
trn_loss: 0 
tst_loss: 0 
naive_trn_accuracy: 0 
naive_tst_accuracy: 0  
pck_val_accuracy: 0.4421949744699755  
[0.0 0.0 0.0 0.0 0.0 0.0 0.0 0.0 0.0 0.0 0.0 0.0 0.0 0.0; NaN NaN NaN NaN NaN NaN NaN NaN NaN NaN NaN NaN NaN NaN; 0.0 0.0 0.0 0.0 0.0 0.0 0.0 0.0 0.0 0.0 0.0 0.0 0.0 0.0; 2.48 0.92 2.99 2.25 1.96 1.29 2.24 2.55 3.94 4.85 3.55 2.54 5.2 2.14; NaN NaN NaN NaN NaN NaN NaN NaN NaN NaN NaN NaN NaN NaN; 2.48 0.92 2.99 2.25 1.96 1.29 2.24 2.55 3.94 4.85 3.55 2.54 5.2 2.14; 7.3 5.64 10.92 9.84 6.45 5.17 9.38 8.55 15.25 16.97 10.45 8.55 17.13 9.16; NaN NaN NaN NaN NaN NaN NaN NaN NaN NaN NaN NaN NaN NaN; 7.3 5.64 10.92 9.84 6.45 5.17 9.38 8.55 15.25 16.97 10.45 8.55 17.13 9.16; 13.56 12.89 19.88 17.52 12.79 12.53 19.98 18.33 32.73 32.63 23.73 17.8 34.56 20.67; NaN NaN NaN NaN NaN NaN NaN NaN NaN NaN NaN NaN NaN NaN; 13.56 12.89 19.88 17.52 12.79 12.53 19.98 18.33 32.73 32.63 23.73 17.8 34.56 20.67; 20.34 21.75 31.1 30.53 21.31 21.58 31.7 31.06 47.17 49.49 34.69 27.37 51.89 37.47; NaN NaN NaN NaN NaN NaN NaN NaN NaN NaN NaN NaN NaN NaN; 20.34 21.75 31.1 30.53 21.31 21.58 31.7 31.06 47.17 49.49 34.69 27.37 51.89 37.47; 28.42 29.69 41.4 41.5 28.0 29.97 40.77 42.16 58.08 62.22 44.62 35.3 68.4 54.07; NaN NaN NaN NaN NaN NaN NaN NaN NaN NaN NaN NaN NaN NaN; 28.42 29.69 41.4 41.5 28.0 29.97 40.77 42.16 58.08 62.22 44.62 35.3 68.4 54.07; 35.46 36.71 50.36 48.98 35.37 35.92 47.81 51.22 67.47 71.11 53.55 42.73 79.82 69.14; NaN NaN NaN NaN NaN NaN NaN NaN NaN NaN NaN NaN NaN NaN; 35.46 36.71 50.36 48.98 35.37 35.92 47.81 51.22 67.47 71.11 53.55 42.73 79.82 69.14; 41.59 43.15 59.42 56.66 40.67 44.06 52.29 58.35 74.95 76.16 60.55 47.51 86.14 78.0; NaN NaN NaN NaN NaN NaN NaN NaN NaN NaN NaN NaN NaN NaN; 41.59 43.15 59.42 56.66 40.67 44.06 52.29 58.35 74.95 76.16 60.55 47.51 86.14 78.0; 47.98 47.53 66.43 63.01 44.82 48.32 55.96 65.78 77.68 80.1 65.52 52.29 88.38 83.4; NaN NaN NaN NaN NaN NaN NaN NaN NaN NaN NaN NaN NaN NaN; 47.98 47.53 66.43 63.01 44.82 48.32 55.96 65.78 77.68 80.1 65.52 52.29 88.38 83.4; 53.06 52.82 70.85 68.95 48.27 50.9 60.75 69.55 79.49 82.12 68.86 55.95 89.5 86.05; NaN NaN NaN NaN NaN NaN NaN NaN NaN NaN NaN NaN NaN NaN; 53.06 52.82 70.85 68.95 48.27 50.9 60.75 69.55 79.49 82.12 68.86 55.95 89.5 86.05; 55.67 57.31 75.49 72.75 52.42 54.13 62.69 72.61 81.52 83.23 70.99 58.19 90.52 87.37; NaN NaN NaN NaN NaN NaN NaN NaN NaN NaN NaN NaN NaN NaN; 55.67 57.31 75.49 72.75 52.42 54.13 62.69 72.61 81.52 83.23 70.99 58.19 90.52 87.37]
***** epoch: 22 ***** 
trn_loss: 0 
tst_loss: 0 
naive_trn_accuracy: 0 
naive_tst_accuracy: 0  
pck_val_accuracy: 0.44287320457320506  
[0.0 0.0 0.0 0.0 0.0 0.0 0.0 0.0 0.0 0.0 0.0 0.0 0.0 0.0; NaN NaN NaN NaN NaN NaN NaN NaN NaN NaN NaN NaN NaN NaN; 0.0 0.0 0.0 0.0 0.0 0.0 0.0 0.0 0.0 0.0 0.0 0.0 0.0 0.0; 3.26 0.81 3.19 2.66 2.07 1.29 1.43 2.34 4.55 4.75 3.45 2.44 5.3 2.65; NaN NaN NaN NaN NaN NaN NaN NaN NaN NaN NaN NaN NaN NaN; 3.26 0.81 3.19 2.66 2.07 1.29 1.43 2.34 4.55 4.75 3.45 2.44 5.3 2.65; 7.43 4.83 10.2 10.66 6.22 5.68 9.79 9.57 14.85 17.47 9.84 8.55 17.02 9.88; NaN NaN NaN NaN NaN NaN NaN NaN NaN NaN NaN NaN NaN NaN; 7.43 4.83 10.2 10.66 6.22 5.68 9.79 9.57 14.85 17.47 9.84 8.55 17.02 9.88; 14.21 12.43 19.46 18.34 13.13 12.02 20.18 18.84 32.02 33.03 23.33 17.8 33.94 21.59; NaN NaN NaN NaN NaN NaN NaN NaN NaN NaN NaN NaN NaN NaN; 14.21 12.43 19.46 18.34 13.13 12.02 20.18 18.84 32.02 33.03 23.33 17.8 33.94 21.59; 22.69 21.4 30.28 29.3 21.66 22.48 30.99 30.96 47.27 48.99 33.77 27.47 51.38 38.59; NaN NaN NaN NaN NaN NaN NaN NaN NaN NaN NaN NaN NaN NaN; 22.69 21.4 30.28 29.3 21.66 22.48 30.99 30.96 47.27 48.99 33.77 27.47 51.38 38.59; 30.51 29.23 40.89 40.47 28.46 30.75 40.57 43.38 58.48 60.91 43.81 35.2 68.5 55.4; NaN NaN NaN NaN NaN NaN NaN NaN NaN NaN NaN NaN NaN NaN; 30.51 29.23 40.89 40.47 28.46 30.75 40.57 43.38 58.48 60.91 43.81 35.2 68.5 55.4; 37.03 36.02 50.15 47.64 35.37 37.86 47.81 51.73 67.88 70.1 53.04 42.52 79.1 68.94; NaN NaN NaN NaN NaN NaN NaN NaN NaN NaN NaN NaN NaN NaN; 37.03 36.02 50.15 47.64 35.37 37.86 47.81 51.73 67.88 70.1 53.04 42.52 79.1 68.94; 42.76 42.35 58.91 55.84 39.86 44.44 52.6 58.66 74.95 75.96 60.34 47.81 85.63 78.51; NaN NaN NaN NaN NaN NaN NaN NaN NaN NaN NaN NaN NaN NaN; 42.76 42.35 58.91 55.84 39.86 44.44 52.6 58.66 74.95 75.96 60.34 47.81 85.63 78.51; 49.8 46.84 65.81 61.89 44.47 48.06 56.07 65.58 77.78 79.9 65.62 52.49 88.69 83.71; NaN NaN NaN NaN NaN NaN NaN NaN NaN NaN NaN NaN NaN NaN; 49.8 46.84 65.81 61.89 44.47 48.06 56.07 65.58 77.78 79.9 65.62 52.49 88.69 83.71; 53.59 51.78 70.34 67.62 48.04 51.16 60.04 69.45 79.6 82.02 68.66 56.26 89.91 86.05; NaN NaN NaN NaN NaN NaN NaN NaN NaN NaN NaN NaN NaN NaN; 53.59 51.78 70.34 67.62 48.04 51.16 60.04 69.45 79.6 82.02 68.66 56.26 89.91 86.05; 56.45 56.04 74.15 71.52 52.07 53.75 62.39 71.89 81.62 83.33 70.59 58.9 90.72 87.68; NaN NaN NaN NaN NaN NaN NaN NaN NaN NaN NaN NaN NaN NaN; 56.45 56.04 74.15 71.52 52.07 53.75 62.39 71.89 81.62 83.33 70.59 58.9 90.72 87.68]
***** epoch: 23 ***** 
trn_loss: 0 
tst_loss: 0 
naive_trn_accuracy: 0 
naive_tst_accuracy: 0  
pck_val_accuracy: 0.44628788433788524  
[0.0 0.0 0.0 0.0 0.0 0.0 0.0 0.0 0.0 0.0 0.0 0.0 0.0 0.0; NaN NaN NaN NaN NaN NaN NaN NaN NaN NaN NaN NaN NaN NaN; 0.0 0.0 0.0 0.0 0.0 0.0 0.0 0.0 0.0 0.0 0.0 0.0 0.0 0.0; 2.87 1.04 3.5 3.28 2.3 1.55 1.43 3.05 4.44 5.05 3.04 2.75 5.3 2.24; NaN NaN NaN NaN NaN NaN NaN NaN NaN NaN NaN NaN NaN NaN; 2.87 1.04 3.5 3.28 2.3 1.55 1.43 3.05 4.44 5.05 3.04 2.75 5.3 2.24; 6.91 5.52 11.12 10.86 7.14 5.56 9.38 10.08 15.15 17.58 10.04 8.75 16.51 9.98; NaN NaN NaN NaN NaN NaN NaN NaN NaN NaN NaN NaN NaN NaN; 6.91 5.52 11.12 10.86 7.14 5.56 9.38 10.08 15.15 17.58 10.04 8.75 16.51 9.98; 13.3 12.54 20.91 19.47 14.4 13.18 19.57 19.65 32.22 33.94 23.12 18.72 33.74 21.38; NaN NaN NaN NaN NaN NaN NaN NaN NaN NaN NaN NaN NaN NaN; 13.3 12.54 20.91 19.47 14.4 13.18 19.57 19.65 32.22 33.94 23.12 18.72 33.74 21.38; 21.25 21.86 31.72 30.02 23.16 21.96 31.29 32.48 47.98 49.9 34.28 27.87 52.4 38.59; NaN NaN NaN NaN NaN NaN NaN NaN NaN NaN NaN NaN NaN NaN; 21.25 21.86 31.72 30.02 23.16 21.96 31.29 32.48 47.98 49.9 34.28 27.87 52.4 38.59; 29.34 29.92 41.09 40.88 29.84 30.49 40.57 43.58 58.89 62.63 44.02 35.4 68.71 56.11; NaN NaN NaN NaN NaN NaN NaN NaN NaN NaN NaN NaN NaN NaN; 29.34 29.92 41.09 40.88 29.84 30.49 40.57 43.58 58.89 62.63 44.02 35.4 68.71 56.11; 36.11 37.4 50.67 48.77 36.52 37.47 48.01 52.85 68.59 71.01 53.75 42.12 80.63 68.64; NaN NaN NaN NaN NaN NaN NaN NaN NaN NaN NaN NaN NaN NaN; 36.11 37.4 50.67 48.77 36.52 37.47 48.01 52.85 68.59 71.01 53.75 42.12 80.63 68.64; 43.02 42.92 59.42 57.68 41.01 43.41 52.4 60.08 75.66 76.97 60.34 48.22 86.14 78.0; NaN NaN NaN NaN NaN NaN NaN NaN NaN NaN NaN NaN NaN NaN; 43.02 42.92 59.42 57.68 41.01 43.41 52.4 60.08 75.66 76.97 60.34 48.22 86.14 78.0; 49.93 47.64 66.22 63.73 46.08 47.93 56.27 66.7 78.48 80.51 65.92 52.9 88.79 83.71; NaN NaN NaN NaN NaN NaN NaN NaN NaN NaN NaN NaN NaN NaN; 49.93 47.64 66.22 63.73 46.08 47.93 56.27 66.7 78.48 80.51 65.92 52.9 88.79 83.71; 53.72 52.82 70.55 69.26 49.54 50.9 60.55 70.26 79.9 82.53 69.17 56.66 90.11 85.74; NaN NaN NaN NaN NaN NaN NaN NaN NaN NaN NaN NaN NaN NaN; 53.72 52.82 70.55 69.26 49.54 50.9 60.55 70.26 79.9 82.53 69.17 56.66 90.11 85.74; 56.71 57.42 74.56 73.77 52.88 53.36 63.1 73.01 81.92 83.94 71.3 58.9 90.72 87.27; NaN NaN NaN NaN NaN NaN NaN NaN NaN NaN NaN NaN NaN NaN; 56.71 57.42 74.56 73.77 52.88 53.36 63.1 73.01 81.92 83.94 71.3 58.9 90.72 87.27]
