***** epoch: 0 ***** 
trn_loss: 0 
tst_loss: 0 
naive_trn_accuracy: 0 
naive_tst_accuracy: 0  
pck_val_accuracy: 0.022886165223665246  
[0.0 0.0 0.0 0.0 0.0 0.0 0.0 0.0 0.0 0.0 0.0 0.0 0.0 0.0; NaN NaN NaN NaN NaN NaN NaN NaN NaN NaN NaN NaN NaN NaN; 0.0 0.0 0.0 0.0 0.0 0.0 0.0 0.0 0.0 0.0 0.0 0.0 0.0 0.0; 0.0 0.24 0.1 0.21 0.18 0.0 0.2 0.15 0.05 0.0 0.1 0.1 0.0 0.05; NaN NaN NaN NaN NaN NaN NaN NaN NaN NaN NaN NaN NaN NaN; 0.0 0.24 0.1 0.21 0.18 0.0 0.2 0.15 0.05 0.0 0.1 0.1 0.0 0.05; 0.07 0.47 0.52 0.78 0.29 0.2 0.56 0.56 0.25 0.2 0.3 0.71 0.3 0.35; NaN NaN NaN NaN NaN NaN NaN NaN NaN NaN NaN NaN NaN NaN; 0.07 0.47 0.52 0.78 0.29 0.2 0.56 0.56 0.25 0.2 0.3 0.71 0.3 0.35; 0.2 0.77 1.55 1.72 0.59 0.34 1.37 0.96 0.35 0.45 0.71 1.37 1.21 0.61; NaN NaN NaN NaN NaN NaN NaN NaN NaN NaN NaN NaN NaN NaN; 0.2 0.77 1.55 1.72 0.59 0.34 1.37 0.96 0.35 0.45 0.71 1.37 1.21 0.61; 0.47 1.18 2.58 3.33 0.88 0.47 2.03 1.62 0.75 0.96 1.01 2.28 1.72 1.06; NaN NaN NaN NaN NaN NaN NaN NaN NaN NaN NaN NaN NaN NaN; 0.47 1.18 2.58 3.33 0.88 0.47 2.03 1.62 0.75 0.96 1.01 2.28 1.72 1.06; 0.6 2.48 3.72 4.68 1.24 0.68 2.99 2.28 1.86 1.76 1.77 3.19 2.43 1.72; NaN NaN NaN NaN NaN NaN NaN NaN NaN NaN NaN NaN NaN NaN; 0.6 2.48 3.72 4.68 1.24 0.68 2.99 2.28 1.86 1.76 1.77 3.19 2.43 1.72; 1.28 3.54 5.99 6.29 2.3 0.81 4.41 3.39 2.67 2.62 2.58 4.26 3.44 2.63; NaN NaN NaN NaN NaN NaN NaN NaN NaN NaN NaN NaN NaN NaN; 1.28 3.54 5.99 6.29 2.3 0.81 4.41 3.39 2.67 2.62 2.58 4.26 3.44 2.63; 1.48 4.55 8.01 8.32 3.18 1.01 5.17 4.6 3.52 3.32 3.74 5.72 5.11 3.19; NaN NaN NaN NaN NaN NaN NaN NaN NaN NaN NaN NaN NaN NaN; 1.48 4.55 8.01 8.32 3.18 1.01 5.17 4.6 3.52 3.32 3.74 5.72 5.11 3.19; 1.68 5.14 10.28 10.45 4.0 1.28 6.59 5.82 4.23 4.18 5.26 7.04 6.38 4.35; NaN NaN NaN NaN NaN NaN NaN NaN NaN NaN NaN NaN NaN NaN; 1.68 5.14 10.28 10.45 4.0 1.28 6.59 5.82 4.23 4.18 5.26 7.04 6.38 4.35; 2.28 6.85 12.66 12.63 5.0 1.83 8.21 7.28 5.08 5.54 6.42 8.66 8.25 5.51; NaN NaN NaN NaN NaN NaN NaN NaN NaN NaN NaN NaN NaN NaN; 2.28 6.85 12.66 12.63 5.0 1.83 8.21 7.28 5.08 5.54 6.42 8.66 8.25 5.51; 3.16 8.39 15.81 15.07 6.0 2.23 10.04 8.8 6.49 6.69 8.29 9.63 9.67 6.27; NaN NaN NaN NaN NaN NaN NaN NaN NaN NaN NaN NaN NaN NaN; 3.16 8.39 15.81 15.07 6.0 2.23 10.04 8.8 6.49 6.69 8.29 9.63 9.67 6.27]
***** epoch: 1 ***** 
trn_loss: 0 
tst_loss: 0 
naive_trn_accuracy: 0 
naive_tst_accuracy: 0  
pck_val_accuracy: 0.022768344155844163  
[0.0 0.0 0.0 0.0 0.0 0.0 0.0 0.0 0.0 0.0 0.0 0.0 0.0 0.0; NaN NaN NaN NaN NaN NaN NaN NaN NaN NaN NaN NaN NaN NaN; 0.0 0.0 0.0 0.0 0.0 0.0 0.0 0.0 0.0 0.0 0.0 0.0 0.0 0.0; 0.0 0.24 0.1 0.31 0.0 0.0 0.05 0.1 0.05 0.05 0.05 0.1 0.05 0.05; NaN NaN NaN NaN NaN NaN NaN NaN NaN NaN NaN NaN NaN NaN; 0.0 0.24 0.1 0.31 0.0 0.0 0.05 0.1 0.05 0.05 0.05 0.1 0.05 0.05; 0.0 0.59 0.93 0.62 0.24 0.0 0.46 0.3 0.25 0.15 0.25 0.76 0.3 0.25; NaN NaN NaN NaN NaN NaN NaN NaN NaN NaN NaN NaN NaN NaN; 0.0 0.59 0.93 0.62 0.24 0.0 0.46 0.3 0.25 0.15 0.25 0.76 0.3 0.25; 0.13 0.95 1.86 1.56 0.59 0.27 1.17 0.56 0.35 0.35 0.4 1.32 0.91 0.66; NaN NaN NaN NaN NaN NaN NaN NaN NaN NaN NaN NaN NaN NaN; 0.13 0.95 1.86 1.56 0.59 0.27 1.17 0.56 0.35 0.35 0.4 1.32 0.91 0.66; 0.34 1.71 3.2 2.91 0.94 0.41 2.23 1.26 0.7 1.01 1.11 1.93 1.77 1.21; NaN NaN NaN NaN NaN NaN NaN NaN NaN NaN NaN NaN NaN NaN; 0.34 1.71 3.2 2.91 0.94 0.41 2.23 1.26 0.7 1.01 1.11 1.93 1.77 1.21; 0.47 2.72 4.13 4.47 1.71 0.81 3.29 2.12 1.11 1.76 1.67 2.89 2.58 1.77; NaN NaN NaN NaN NaN NaN NaN NaN NaN NaN NaN NaN NaN NaN; 0.47 2.72 4.13 4.47 1.71 0.81 3.29 2.12 1.11 1.76 1.67 2.89 2.58 1.77; 0.81 3.43 6.05 6.24 2.3 1.08 4.21 3.03 1.96 2.72 2.98 4.0 3.34 2.93; NaN NaN NaN NaN NaN NaN NaN NaN NaN NaN NaN NaN NaN NaN; 0.81 3.43 6.05 6.24 2.3 1.08 4.21 3.03 1.96 2.72 2.98 4.0 3.34 2.93; 1.08 4.31 7.6 8.58 3.41 1.35 5.42 4.05 2.62 3.27 4.25 5.22 4.3 3.84; NaN NaN NaN NaN NaN NaN NaN NaN NaN NaN NaN NaN NaN NaN; 1.08 4.31 7.6 8.58 3.41 1.35 5.42 4.05 2.62 3.27 4.25 5.22 4.3 3.84; 1.28 5.55 9.87 10.4 4.53 1.83 6.59 5.11 3.42 4.13 5.61 6.94 5.41 4.3; NaN NaN NaN NaN NaN NaN NaN NaN NaN NaN NaN NaN NaN NaN; 1.28 5.55 9.87 10.4 4.53 1.83 6.59 5.11 3.42 4.13 5.61 6.94 5.41 4.3; 1.95 6.73 12.61 12.53 5.94 2.1 7.96 5.97 4.12 4.98 6.98 8.31 6.58 5.11; NaN NaN NaN NaN NaN NaN NaN NaN NaN NaN NaN NaN NaN NaN; 1.95 6.73 12.61 12.53 5.94 2.1 7.96 5.97 4.12 4.98 6.98 8.31 6.58 5.11; 2.76 8.33 15.14 15.07 6.77 2.5 9.78 7.79 5.33 6.44 8.9 9.93 7.69 6.42; NaN NaN NaN NaN NaN NaN NaN NaN NaN NaN NaN NaN NaN NaN; 2.76 8.33 15.14 15.07 6.77 2.5 9.78 7.79 5.33 6.44 8.9 9.93 7.69 6.42]
