***** epoch: 0 ***** 
trn_loss: 0 
tst_loss: 0 
naive_trn_accuracy: 0 
naive_tst_accuracy: 0  
pck_val_accuracy: 0.539128868353869  
[0.0 0.0 0.0 0.0 0.0 0.0 0.0 0.0 0.0 0.0 0.0 0.0 0.0 0.0; NaN NaN NaN NaN NaN NaN NaN NaN NaN NaN NaN NaN NaN NaN; 0.0 0.0 0.0 0.0 0.0 0.0 0.0 0.0 0.0 0.0 0.0 0.0 0.0 0.0; 1.96 3.11 4.84 2.87 1.27 2.84 4.49 4.07 6.36 6.06 3.96 4.17 8.97 5.19; NaN NaN NaN NaN NaN NaN NaN NaN NaN NaN NaN NaN NaN NaN; 1.96 3.11 4.84 2.87 1.27 2.84 4.49 4.07 6.36 6.06 3.96 4.17 8.97 5.19; 11.08 11.97 16.68 14.65 8.99 10.85 16.82 15.68 24.04 22.53 13.39 13.63 40.77 24.75; NaN NaN NaN NaN NaN NaN NaN NaN NaN NaN NaN NaN NaN NaN; 11.08 11.97 16.68 14.65 8.99 10.85 16.82 15.68 24.04 22.53 13.39 13.63 40.77 24.75; 23.47 20.48 28.01 26.54 19.7 23.64 30.07 31.16 42.73 41.62 27.48 24.01 63.61 47.15; NaN NaN NaN NaN NaN NaN NaN NaN NaN NaN NaN NaN NaN NaN; 23.47 20.48 28.01 26.54 19.7 23.64 30.07 31.16 42.73 41.62 27.48 24.01 63.61 47.15; 32.59 31.65 40.58 37.09 30.3 35.4 41.28 45.52 55.66 58.99 41.08 32.76 76.25 67.72; NaN NaN NaN NaN NaN NaN NaN NaN NaN NaN NaN NaN NaN NaN; 32.59 31.65 40.58 37.09 30.3 35.4 41.28 45.52 55.66 58.99 41.08 32.76 76.25 67.72; 40.55 38.67 51.39 46.21 37.9 41.6 48.52 54.89 64.75 66.67 51.12 41.0 82.87 76.58; NaN NaN NaN NaN NaN NaN NaN NaN NaN NaN NaN NaN NaN NaN; 40.55 38.67 51.39 46.21 37.9 41.6 48.52 54.89 64.75 66.67 51.12 41.0 82.87 76.58; 46.81 45.57 60.35 54.61 44.12 47.55 52.5 63.44 70.91 72.32 59.23 45.88 86.44 81.26; NaN NaN NaN NaN NaN NaN NaN NaN NaN NaN NaN NaN NaN NaN; 46.81 45.57 60.35 54.61 44.12 47.55 52.5 63.44 70.91 72.32 59.23 45.88 86.44 81.26; 51.63 50.63 68.18 60.76 48.85 50.9 55.15 68.74 74.75 75.76 64.0 51.27 87.36 83.1; NaN NaN NaN NaN NaN NaN NaN NaN NaN NaN NaN NaN NaN NaN; 51.63 50.63 68.18 60.76 48.85 50.9 55.15 68.74 74.75 75.76 64.0 51.27 87.36 83.1; 54.89 54.2 73.33 66.5 52.19 54.78 59.23 71.59 77.17 78.38 67.14 55.65 88.69 84.73; NaN NaN NaN NaN NaN NaN NaN NaN NaN NaN NaN NaN NaN NaN; 54.89 54.2 73.33 66.5 52.19 54.78 59.23 71.59 77.17 78.38 67.14 55.65 88.69 84.73; 58.41 58.69 76.93 72.54 55.53 57.36 62.28 73.42 79.09 80.1 71.2 58.49 89.4 85.23; NaN NaN NaN NaN NaN NaN NaN NaN NaN NaN NaN NaN NaN NaN; 58.41 58.69 76.93 72.54 55.53 57.36 62.28 73.42 79.09 80.1 71.2 58.49 89.4 85.23; 61.93 61.8 80.43 75.82 59.33 60.34 64.83 75.66 80.51 81.72 73.83 61.24 90.11 86.05; NaN NaN NaN NaN NaN NaN NaN NaN NaN NaN NaN NaN NaN NaN; 61.93 61.8 80.43 75.82 59.33 60.34 64.83 75.66 80.51 81.72 73.83 61.24 90.11 86.05]
***** epoch: 1 ***** 
trn_loss: 0 
tst_loss: 0 
naive_trn_accuracy: 0 
naive_tst_accuracy: 0  
pck_val_accuracy: 0.6102067682317691  
[0.0 0.0 0.0 0.0 0.0 0.0 0.0 0.0 0.0 0.0 0.0 0.0 0.0 0.0; NaN NaN NaN NaN NaN NaN NaN NaN NaN NaN NaN NaN NaN NaN; 0.0 0.0 0.0 0.0 0.0 0.0 0.0 0.0 0.0 0.0 0.0 0.0 0.0 0.0; 4.43 2.3 2.57 5.23 4.38 4.91 4.38 6.42 10.0 7.98 5.17 6.82 16.0 9.47; NaN NaN NaN NaN NaN NaN NaN NaN NaN NaN NaN NaN NaN NaN; 4.43 2.3 2.57 5.23 4.38 4.91 4.38 6.42 10.0 7.98 5.17 6.82 16.0 9.47; 16.04 11.74 12.05 16.7 13.71 17.18 18.96 23.42 33.23 28.89 21.5 22.08 47.91 33.6; NaN NaN NaN NaN NaN NaN NaN NaN NaN NaN NaN NaN NaN NaN; 16.04 11.74 12.05 16.7 13.71 17.18 18.96 23.42 33.23 28.89 21.5 22.08 47.91 33.6; 28.68 23.82 24.41 30.84 26.73 30.88 35.88 42.87 55.25 49.8 39.55 37.54 70.85 57.74; NaN NaN NaN NaN NaN NaN NaN NaN NaN NaN NaN NaN NaN NaN; 28.68 23.82 24.41 30.84 26.73 30.88 35.88 42.87 55.25 49.8 39.55 37.54 70.85 57.74; 38.07 34.87 38.0 44.67 38.25 40.7 48.32 56.42 68.48 65.05 52.94 48.42 84.3 75.15; NaN NaN NaN NaN NaN NaN NaN NaN NaN NaN NaN NaN NaN NaN; 38.07 34.87 38.0 44.67 38.25 40.7 48.32 56.42 68.48 65.05 52.94 48.42 84.3 75.15; 44.07 44.3 49.74 55.23 46.08 48.06 55.76 65.27 75.15 73.94 59.74 55.95 87.56 81.77; NaN NaN NaN NaN NaN NaN NaN NaN NaN NaN NaN NaN NaN NaN; 44.07 44.3 49.74 55.23 46.08 48.06 55.76 65.27 75.15 73.94 59.74 55.95 87.56 81.77; 49.28 50.63 61.48 64.34 50.92 52.33 60.14 71.49 80.61 78.28 65.52 59.1 89.5 84.42; NaN NaN NaN NaN NaN NaN NaN NaN NaN NaN NaN NaN NaN NaN; 49.28 50.63 61.48 64.34 50.92 52.33 60.14 71.49 80.61 78.28 65.52 59.1 89.5 84.42; 52.54 55.93 69.82 70.18 55.88 55.04 63.51 75.15 83.13 81.92 70.39 62.46 90.52 86.46; NaN NaN NaN NaN NaN NaN NaN NaN NaN NaN NaN NaN NaN NaN; 52.54 55.93 69.82 70.18 55.88 55.04 63.51 75.15 83.13 81.92 70.39 62.46 90.52 86.46; 55.93 59.03 75.39 75.61 60.25 58.53 66.06 77.9 85.15 83.84 73.94 65.41 92.15 87.47; NaN NaN NaN NaN NaN NaN NaN NaN NaN NaN NaN NaN NaN NaN; 55.93 59.03 75.39 75.61 60.25 58.53 66.06 77.9 85.15 83.84 73.94 65.41 92.15 87.47; 59.58 62.6 79.4 79.51 62.79 60.21 68.71 79.02 87.58 85.25 76.88 67.55 92.86 88.29; NaN NaN NaN NaN NaN NaN NaN NaN NaN NaN NaN NaN NaN NaN; 59.58 62.6 79.4 79.51 62.79 60.21 68.71 79.02 87.58 85.25 76.88 67.55 92.86 88.29; 61.8 66.86 83.01 83.09 65.78 63.18 70.85 81.06 88.38 86.87 78.3 69.28 93.17 89.31; NaN NaN NaN NaN NaN NaN NaN NaN NaN NaN NaN NaN NaN NaN; 61.8 66.86 83.01 83.09 65.78 63.18 70.85 81.06 88.38 86.87 78.3 69.28 93.17 89.31]
***** epoch: 2 ***** 
trn_loss: 0 
tst_loss: 0 
naive_trn_accuracy: 0 
naive_tst_accuracy: 0  
pck_val_accuracy: 0.5850258547008554  
[0.0 0.0 0.0 0.0 0.0 0.0 0.0 0.0 0.0 0.0 0.0 0.0 0.0 0.0; NaN NaN NaN NaN NaN NaN NaN NaN NaN NaN NaN NaN NaN NaN; 0.0 0.0 0.0 0.0 0.0 0.0 0.0 0.0 0.0 0.0 0.0 0.0 0.0 0.0; 3.52 4.49 5.36 3.69 2.3 1.29 7.34 8.15 9.29 12.83 6.19 6.92 14.98 13.24; NaN NaN NaN NaN NaN NaN NaN NaN NaN NaN NaN NaN NaN NaN; 3.52 4.49 5.36 3.69 2.3 1.29 7.34 8.15 9.29 12.83 6.19 6.92 14.98 13.24; 14.99 13.46 17.3 12.91 9.45 9.43 27.62 28.41 32.42 36.87 22.31 21.46 46.38 41.96; NaN NaN NaN NaN NaN NaN NaN NaN NaN NaN NaN NaN NaN NaN; 14.99 13.46 17.3 12.91 9.45 9.43 27.62 28.41 32.42 36.87 22.31 21.46 46.38 41.96; 29.6 25.78 31.62 25.0 20.62 20.41 41.28 46.13 53.23 56.57 38.64 36.52 70.23 62.53; NaN NaN NaN NaN NaN NaN NaN NaN NaN NaN NaN NaN NaN NaN; 29.6 25.78 31.62 25.0 20.62 20.41 41.28 46.13 53.23 56.57 38.64 36.52 70.23 62.53; 39.9 36.36 42.33 36.07 29.49 34.37 50.46 55.8 63.74 67.47 51.32 47.0 79.31 74.95; NaN NaN NaN NaN NaN NaN NaN NaN NaN NaN NaN NaN NaN NaN; 39.9 36.36 42.33 36.07 29.49 34.37 50.46 55.8 63.74 67.47 51.32 47.0 79.31 74.95; 46.68 44.19 52.21 44.67 37.56 41.34 55.25 63.44 70.91 74.04 59.74 53.31 82.87 80.45; NaN NaN NaN NaN NaN NaN NaN NaN NaN NaN NaN NaN NaN NaN; 46.68 44.19 52.21 44.67 37.56 41.34 55.25 63.44 70.91 74.04 59.74 53.31 82.87 80.45; 51.11 49.83 59.73 51.13 42.4 45.48 58.72 67.41 75.56 76.97 65.82 56.56 84.61 82.79; NaN NaN NaN NaN NaN NaN NaN NaN NaN NaN NaN NaN NaN NaN; 51.11 49.83 59.73 51.13 42.4 45.48 58.72 67.41 75.56 76.97 65.82 56.56 84.61 82.79; 54.89 53.05 66.53 57.99 46.77 48.32 61.77 70.06 78.59 78.99 70.69 58.6 86.44 84.52; NaN NaN NaN NaN NaN NaN NaN NaN NaN NaN NaN NaN NaN NaN; 54.89 53.05 66.53 57.99 46.77 48.32 61.77 70.06 78.59 78.99 70.69 58.6 86.44 84.52; 58.28 57.42 72.19 63.22 50.12 51.29 64.12 72.1 80.81 79.8 74.14 61.65 87.05 85.54; NaN NaN NaN NaN NaN NaN NaN NaN NaN NaN NaN NaN NaN NaN; 58.28 57.42 72.19 63.22 50.12 51.29 64.12 72.1 80.81 79.8 74.14 61.65 87.05 85.54; 61.67 61.33 77.03 67.52 53.34 53.36 66.06 74.34 82.73 80.51 75.96 63.38 87.87 86.25; NaN NaN NaN NaN NaN NaN NaN NaN NaN NaN NaN NaN NaN NaN; 61.67 61.33 77.03 67.52 53.34 53.36 66.06 74.34 82.73 80.51 75.96 63.38 87.87 86.25; 64.41 64.56 80.23 72.23 55.99 54.78 68.2 75.76 83.23 81.41 77.48 64.6 88.38 87.17; NaN NaN NaN NaN NaN NaN NaN NaN NaN NaN NaN NaN NaN NaN; 64.41 64.56 80.23 72.23 55.99 54.78 68.2 75.76 83.23 81.41 77.48 64.6 88.38 87.17]
***** epoch: 3 ***** 
trn_loss: 0 
tst_loss: 0 
naive_trn_accuracy: 0 
naive_tst_accuracy: 0  
pck_val_accuracy: 0.6019663336663345  
[0.0 0.0 0.0 0.0 0.0 0.0 0.0 0.0 0.0 0.0 0.0 0.0 0.0 0.0; NaN NaN NaN NaN NaN NaN NaN NaN NaN NaN NaN NaN NaN NaN; 0.0 0.0 0.0 0.0 0.0 0.0 0.0 0.0 0.0 0.0 0.0 0.0 0.0 0.0; 5.22 4.49 4.12 5.23 4.61 5.3 6.73 5.91 9.49 11.11 6.19 6.1 18.45 13.75; NaN NaN NaN NaN NaN NaN NaN NaN NaN NaN NaN NaN NaN NaN; 5.22 4.49 4.12 5.23 4.61 5.3 6.73 5.91 9.49 11.11 6.19 6.1 18.45 13.75; 16.82 15.77 16.48 16.8 14.17 21.71 23.85 23.01 29.29 37.07 21.91 19.63 53.72 44.6; NaN NaN NaN NaN NaN NaN NaN NaN NaN NaN NaN NaN NaN NaN; 16.82 15.77 16.48 16.8 14.17 21.71 23.85 23.01 29.29 37.07 21.91 19.63 53.72 44.6; 30.64 29.34 31.1 27.05 28.11 33.98 38.84 42.26 47.78 57.47 42.09 34.59 72.99 64.05; NaN NaN NaN NaN NaN NaN NaN NaN NaN NaN NaN NaN NaN NaN; 30.64 29.34 31.1 27.05 28.11 33.98 38.84 42.26 47.78 57.47 42.09 34.59 72.99 64.05; 40.68 38.78 43.67 38.11 38.36 44.06 49.24 56.82 60.1 68.59 55.38 46.39 81.86 75.05; NaN NaN NaN NaN NaN NaN NaN NaN NaN NaN NaN NaN NaN NaN; 40.68 38.78 43.67 38.11 38.36 44.06 49.24 56.82 60.1 68.59 55.38 46.39 81.86 75.05; 46.94 44.65 53.35 48.87 45.05 48.84 54.94 64.36 68.18 74.95 62.68 54.93 85.02 80.96; NaN NaN NaN NaN NaN NaN NaN NaN NaN NaN NaN NaN NaN NaN; 46.94 44.65 53.35 48.87 45.05 48.84 54.94 64.36 68.18 74.95 62.68 54.93 85.02 80.96; 51.5 49.37 62.1 56.05 50.35 52.45 58.72 69.86 74.14 79.7 68.46 59.72 87.26 83.81; NaN NaN NaN NaN NaN NaN NaN NaN NaN NaN NaN NaN NaN NaN; 51.5 49.37 62.1 56.05 50.35 52.45 58.72 69.86 74.14 79.7 68.46 59.72 87.26 83.81; 54.89 54.09 69.31 63.32 54.49 55.43 61.47 72.4 78.28 81.62 72.41 62.16 88.28 85.23; NaN NaN NaN NaN NaN NaN NaN NaN NaN NaN NaN NaN NaN NaN; 54.89 54.09 69.31 63.32 54.49 55.43 61.47 72.4 78.28 81.62 72.41 62.16 88.28 85.23; 58.02 57.54 74.67 69.57 57.6 58.91 64.32 75.15 80.91 83.43 74.95 65.01 89.19 86.66; NaN NaN NaN NaN NaN NaN NaN NaN NaN NaN NaN NaN NaN NaN; 58.02 57.54 74.67 69.57 57.6 58.91 64.32 75.15 80.91 83.43 74.95 65.01 89.19 86.66; 60.89 60.87 79.51 72.95 61.06 61.11 66.16 76.27 81.92 84.04 76.98 67.55 89.81 87.27; NaN NaN NaN NaN NaN NaN NaN NaN NaN NaN NaN NaN NaN NaN; 60.89 60.87 79.51 72.95 61.06 61.11 66.16 76.27 81.92 84.04 76.98 67.55 89.81 87.27; 64.54 63.87 82.6 77.05 64.17 62.79 68.09 77.49 83.43 85.35 78.7 69.79 90.32 88.19; NaN NaN NaN NaN NaN NaN NaN NaN NaN NaN NaN NaN NaN NaN; 64.54 63.87 82.6 77.05 64.17 62.79 68.09 77.49 83.43 85.35 78.7 69.79 90.32 88.19]
***** epoch: 4 ***** 
trn_loss: 0 
tst_loss: 0 
naive_trn_accuracy: 0 
naive_tst_accuracy: 0  
pck_val_accuracy: 0.5658815573315571  
[0.0 0.0 0.0 0.0 0.0 0.0 0.0 0.0 0.0 0.0 0.0 0.0 0.0 0.0; NaN NaN NaN NaN NaN NaN NaN NaN NaN NaN NaN NaN NaN NaN; 0.0 0.0 0.0 0.0 0.0 0.0 0.0 0.0 0.0 0.0 0.0 0.0 0.0 0.0; 2.35 1.73 2.37 1.74 2.76 1.42 6.52 5.91 5.35 7.47 3.14 3.87 5.1 7.84; NaN NaN NaN NaN NaN NaN NaN NaN NaN NaN NaN NaN NaN NaN; 2.35 1.73 2.37 1.74 2.76 1.42 6.52 5.91 5.35 7.47 3.14 3.87 5.1 7.84; 9.26 8.06 10.81 9.12 10.71 10.47 19.37 22.1 24.65 22.53 15.01 12.0 25.38 30.14; NaN NaN NaN NaN NaN NaN NaN NaN NaN NaN NaN NaN NaN NaN; 9.26 8.06 10.81 9.12 10.71 10.47 19.37 22.1 24.65 22.53 15.01 12.0 25.38 30.14; 20.08 20.25 22.76 19.47 22.0 21.45 34.56 40.33 45.05 43.54 32.66 23.8 52.09 53.36; NaN NaN NaN NaN NaN NaN NaN NaN NaN NaN NaN NaN NaN NaN; 20.08 20.25 22.76 19.47 22.0 21.45 34.56 40.33 45.05 43.54 32.66 23.8 52.09 53.36; 35.85 35.21 37.18 32.07 31.91 35.53 47.09 55.19 60.81 59.09 47.46 36.11 73.5 70.16; NaN NaN NaN NaN NaN NaN NaN NaN NaN NaN NaN NaN NaN NaN; 35.85 35.21 37.18 32.07 31.91 35.53 47.09 55.19 60.81 59.09 47.46 36.11 73.5 70.16; 46.15 44.53 49.74 44.16 40.78 44.83 54.03 64.46 69.19 67.17 56.09 45.47 82.36 79.02; NaN NaN NaN NaN NaN NaN NaN NaN NaN NaN NaN NaN NaN NaN; 46.15 44.53 49.74 44.16 40.78 44.83 54.03 64.46 69.19 67.17 56.09 45.47 82.36 79.02; 52.41 50.29 59.32 52.97 47.35 50.26 59.12 70.67 74.44 72.73 63.69 50.86 86.44 82.89; NaN NaN NaN NaN NaN NaN NaN NaN NaN NaN NaN NaN NaN NaN; 52.41 50.29 59.32 52.97 47.35 50.26 59.12 70.67 74.44 72.73 63.69 50.86 86.44 82.89; 55.8 53.86 66.74 60.14 52.76 53.23 61.67 74.34 78.79 77.78 69.07 55.24 87.87 85.03; NaN NaN NaN NaN NaN NaN NaN NaN NaN NaN NaN NaN NaN NaN; 55.8 53.86 66.74 60.14 52.76 53.23 61.67 74.34 78.79 77.78 69.07 55.24 87.87 85.03; 59.06 57.88 72.3 65.37 57.26 55.43 64.42 76.99 82.32 80.61 73.12 58.9 89.19 86.35; NaN NaN NaN NaN NaN NaN NaN NaN NaN NaN NaN NaN NaN NaN; 59.06 57.88 72.3 65.37 57.26 55.43 64.42 76.99 82.32 80.61 73.12 58.9 89.19 86.35; 61.93 60.99 76.21 69.06 60.14 57.88 66.97 79.33 84.14 83.03 75.66 61.85 90.52 87.47; NaN NaN NaN NaN NaN NaN NaN NaN NaN NaN NaN NaN NaN NaN; 61.93 60.99 76.21 69.06 60.14 57.88 66.97 79.33 84.14 83.03 75.66 61.85 90.52 87.47; 65.19 63.98 79.51 72.64 62.67 60.47 69.01 81.47 84.75 83.94 77.59 64.19 91.23 87.88; NaN NaN NaN NaN NaN NaN NaN NaN NaN NaN NaN NaN NaN NaN; 65.19 63.98 79.51 72.64 62.67 60.47 69.01 81.47 84.75 83.94 77.59 64.19 91.23 87.88]
***** epoch: 5 ***** 
trn_loss: 0 
tst_loss: 0 
naive_trn_accuracy: 0 
naive_tst_accuracy: 0  
pck_val_accuracy: 0.5086309190809192  
[0.0 0.0 0.0 0.0 0.0 0.0 0.0 0.0 0.0 0.0 0.0 0.0 0.0 0.0; NaN NaN NaN NaN NaN NaN NaN NaN NaN NaN NaN NaN NaN NaN; 0.0 0.0 0.0 0.0 0.0 0.0 0.0 0.0 0.0 0.0 0.0 0.0 0.0 0.0; 3.39 2.07 3.19 4.0 3.34 4.91 4.59 4.99 3.03 7.27 5.58 4.78 11.11 8.25; NaN NaN NaN NaN NaN NaN NaN NaN NaN NaN NaN NaN NaN NaN; 3.39 2.07 3.19 4.0 3.34 4.91 4.59 4.99 3.03 7.27 5.58 4.78 11.11 8.25; 12.13 10.13 11.53 16.19 13.94 18.22 16.72 16.9 14.24 22.02 17.04 17.09 34.86 35.34; NaN NaN NaN NaN NaN NaN NaN NaN NaN NaN NaN NaN NaN NaN; 12.13 10.13 11.53 16.19 13.94 18.22 16.72 16.9 14.24 22.02 17.04 17.09 34.86 35.34; 21.51 23.59 25.23 30.64 27.42 30.1 27.83 30.14 27.68 37.98 30.22 29.09 58.72 54.58; NaN NaN NaN NaN NaN NaN NaN NaN NaN NaN NaN NaN NaN NaN; 21.51 23.59 25.23 30.64 27.42 30.1 27.83 30.14 27.68 37.98 30.22 29.09 58.72 54.58; 30.25 34.52 39.13 41.8 37.1 39.66 37.21 41.85 40.91 48.48 39.76 40.08 70.44 68.64; NaN NaN NaN NaN NaN NaN NaN NaN NaN NaN NaN NaN NaN NaN; 30.25 34.52 39.13 41.8 37.1 39.66 37.21 41.85 40.91 48.48 39.76 40.08 70.44 68.64; 38.46 41.77 49.23 51.95 43.66 45.22 43.63 47.66 47.68 54.04 46.04 45.78 75.84 76.07; NaN NaN NaN NaN NaN NaN NaN NaN NaN NaN NaN NaN NaN NaN; 38.46 41.77 49.23 51.95 43.66 45.22 43.63 47.66 47.68 54.04 46.04 45.78 75.84 76.07; 42.37 47.18 58.19 59.94 49.54 48.97 47.2 52.04 52.93 58.99 51.01 49.64 78.49 79.23; NaN NaN NaN NaN NaN NaN NaN NaN NaN NaN NaN NaN NaN NaN; 42.37 47.18 58.19 59.94 49.54 48.97 47.2 52.04 52.93 58.99 51.01 49.64 78.49 79.23; 46.02 50.98 64.26 65.37 54.61 51.94 50.36 55.19 57.17 62.73 55.17 51.98 81.35 81.26; NaN NaN NaN NaN NaN NaN NaN NaN NaN NaN NaN NaN NaN NaN; 46.02 50.98 64.26 65.37 54.61 51.94 50.36 55.19 57.17 62.73 55.17 51.98 81.35 81.26; 49.28 54.09 68.69 69.47 56.11 54.26 52.8 58.35 59.8 64.65 57.4 54.63 83.08 83.2; NaN NaN NaN NaN NaN NaN NaN NaN NaN NaN NaN NaN NaN NaN; 49.28 54.09 68.69 69.47 56.11 54.26 52.8 58.35 59.8 64.65 57.4 54.63 83.08 83.2; 52.28 57.42 72.91 72.95 58.87 56.85 55.45 59.78 61.72 67.58 60.04 56.36 84.3 84.73; NaN NaN NaN NaN NaN NaN NaN NaN NaN NaN NaN NaN NaN NaN; 52.28 57.42 72.91 72.95 58.87 56.85 55.45 59.78 61.72 67.58 60.04 56.36 84.3 84.73; 54.11 60.07 75.7 76.43 61.87 59.3 57.49 60.69 64.44 69.49 61.66 58.39 85.12 85.23; NaN NaN NaN NaN NaN NaN NaN NaN NaN NaN NaN NaN NaN NaN; 54.11 60.07 75.7 76.43 61.87 59.3 57.49 60.69 64.44 69.49 61.66 58.39 85.12 85.23]
***** epoch: 6 ***** 
trn_loss: 0 
tst_loss: 0 
naive_trn_accuracy: 0 
naive_tst_accuracy: 0  
pck_val_accuracy: 0.5488228715728714  
[0.0 0.0 0.0 0.0 0.0 0.0 0.0 0.0 0.0 0.0 0.0 0.0 0.0 0.0; NaN NaN NaN NaN NaN NaN NaN NaN NaN NaN NaN NaN NaN NaN; 0.0 0.0 0.0 0.0 0.0 0.0 0.0 0.0 0.0 0.0 0.0 0.0 0.0 0.0; 2.87 3.34 3.4 4.2 4.15 4.65 5.2 4.48 8.59 8.79 7.1 6.41 17.23 11.1; NaN NaN NaN NaN NaN NaN NaN NaN NaN NaN NaN NaN NaN NaN; 2.87 3.34 3.4 4.2 4.15 4.65 5.2 4.48 8.59 8.79 7.1 6.41 17.23 11.1; 12.39 13.46 11.95 14.04 14.4 18.09 19.16 19.14 29.19 27.58 21.91 21.16 44.75 37.37; NaN NaN NaN NaN NaN NaN NaN NaN NaN NaN NaN NaN NaN NaN; 12.39 13.46 11.95 14.04 14.4 18.09 19.16 19.14 29.19 27.58 21.91 21.16 44.75 37.37; 25.68 25.89 24.41 25.61 27.19 31.27 32.21 38.19 48.69 47.17 35.6 34.18 63.71 56.31; NaN NaN NaN NaN NaN NaN NaN NaN NaN NaN NaN NaN NaN NaN; 25.68 25.89 24.41 25.61 27.19 31.27 32.21 38.19 48.69 47.17 35.6 34.18 63.71 56.31; 37.03 36.82 37.8 36.07 36.29 41.47 42.51 51.02 60.81 59.9 45.13 42.52 73.8 69.04; NaN NaN NaN NaN NaN NaN NaN NaN NaN NaN NaN NaN NaN NaN; 37.03 36.82 37.8 36.07 36.29 41.47 42.51 51.02 60.81 59.9 45.13 42.52 73.8 69.04; 43.55 42.35 47.58 43.14 43.2 47.93 49.24 59.16 67.37 66.06 52.64 48.73 77.27 75.66; NaN NaN NaN NaN NaN NaN NaN NaN NaN NaN NaN NaN NaN NaN; 43.55 42.35 47.58 43.14 43.2 47.93 49.24 59.16 67.37 66.06 52.64 48.73 77.27 75.66; 49.28 46.61 54.69 49.18 47.47 52.07 54.43 64.56 72.02 70.0 58.92 52.59 80.02 79.02; NaN NaN NaN NaN NaN NaN NaN NaN NaN NaN NaN NaN NaN NaN; 49.28 46.61 54.69 49.18 47.47 52.07 54.43 64.56 72.02 70.0 58.92 52.59 80.02 79.02; 53.32 50.52 59.84 54.92 50.69 55.3 57.9 68.23 75.45 73.33 62.27 55.24 81.65 81.67; NaN NaN NaN NaN NaN NaN NaN NaN NaN NaN NaN NaN NaN NaN; 53.32 50.52 59.84 54.92 50.69 55.3 57.9 68.23 75.45 73.33 62.27 55.24 81.65 81.67; 56.45 53.97 65.19 60.14 53.57 58.4 61.16 71.79 78.59 76.06 65.11 57.27 83.08 84.11; NaN NaN NaN NaN NaN NaN NaN NaN NaN NaN NaN NaN NaN NaN; 56.45 53.97 65.19 60.14 53.57 58.4 61.16 71.79 78.59 76.06 65.11 57.27 83.08 84.11; 58.28 57.54 70.13 65.68 56.57 60.47 63.3 73.83 80.1 78.38 67.14 59.61 84.0 85.03; NaN NaN NaN NaN NaN NaN NaN NaN NaN NaN NaN NaN NaN NaN; 58.28 57.54 70.13 65.68 56.57 60.47 63.3 73.83 80.1 78.38 67.14 59.61 84.0 85.03; 60.5 60.64 73.64 71.52 58.99 62.27 65.24 75.15 81.21 79.9 68.76 62.56 85.12 86.25; NaN NaN NaN NaN NaN NaN NaN NaN NaN NaN NaN NaN NaN NaN; 60.5 60.64 73.64 71.52 58.99 62.27 65.24 75.15 81.21 79.9 68.76 62.56 85.12 86.25]
***** epoch: 7 ***** 
trn_loss: 0 
tst_loss: 0 
naive_trn_accuracy: 0 
naive_tst_accuracy: 0  
pck_val_accuracy: 0.5666850677100679  
[0.0 0.0 0.0 0.0 0.0 0.0 0.0 0.0 0.0 0.0 0.0 0.0 0.0 0.0; NaN NaN NaN NaN NaN NaN NaN NaN NaN NaN NaN NaN NaN NaN; 0.0 0.0 0.0 0.0 0.0 0.0 0.0 0.0 0.0 0.0 0.0 0.0 0.0 0.0; 3.26 2.99 3.3 2.77 3.34 3.75 6.42 5.4 9.29 7.58 5.98 5.6 14.58 6.62; NaN NaN NaN NaN NaN NaN NaN NaN NaN NaN NaN NaN NaN NaN; 3.26 2.99 3.3 2.77 3.34 3.75 6.42 5.4 9.29 7.58 5.98 5.6 14.58 6.62; 12.78 10.36 14.21 10.96 12.67 14.6 19.57 22.4 32.02 23.33 18.86 19.13 44.65 30.24; NaN NaN NaN NaN NaN NaN NaN NaN NaN NaN NaN NaN NaN NaN; 12.78 10.36 14.21 10.96 12.67 14.6 19.57 22.4 32.02 23.33 18.86 19.13 44.65 30.24; 25.29 22.9 26.67 22.34 25.92 26.23 31.5 41.04 52.63 41.52 36.11 32.45 67.48 54.28; NaN NaN NaN NaN NaN NaN NaN NaN NaN NaN NaN NaN NaN NaN; 25.29 22.9 26.67 22.34 25.92 26.23 31.5 41.04 52.63 41.52 36.11 32.45 67.48 54.28; 36.77 33.83 40.78 36.48 35.48 37.47 42.71 54.99 65.45 57.07 48.48 41.4 77.68 72.3; NaN NaN NaN NaN NaN NaN NaN NaN NaN NaN NaN NaN NaN NaN; 36.77 33.83 40.78 36.48 35.48 37.47 42.71 54.99 65.45 57.07 48.48 41.4 77.68 72.3; 42.63 41.89 51.91 45.8 43.09 43.41 50.36 62.32 71.82 66.97 54.97 47.91 82.57 80.04; NaN NaN NaN NaN NaN NaN NaN NaN NaN NaN NaN NaN NaN NaN; 42.63 41.89 51.91 45.8 43.09 43.41 50.36 62.32 71.82 66.97 54.97 47.91 82.57 80.04; 49.41 48.1 60.66 56.76 48.39 49.1 56.17 65.58 75.45 72.93 61.66 52.19 84.1 83.5; NaN NaN NaN NaN NaN NaN NaN NaN NaN NaN NaN NaN NaN NaN; 49.41 48.1 60.66 56.76 48.39 49.1 56.17 65.58 75.45 72.93 61.66 52.19 84.1 83.5; 54.63 52.93 66.63 62.09 52.19 53.1 59.94 69.14 77.78 76.87 65.92 57.17 85.73 86.35; NaN NaN NaN NaN NaN NaN NaN NaN NaN NaN NaN NaN NaN NaN; 54.63 52.93 66.63 62.09 52.19 53.1 59.94 69.14 77.78 76.87 65.92 57.17 85.73 86.35; 58.41 56.96 71.27 67.42 55.53 55.56 62.79 72.51 79.9 79.09 68.56 59.41 86.24 87.37; NaN NaN NaN NaN NaN NaN NaN NaN NaN NaN NaN NaN NaN NaN; 58.41 56.96 71.27 67.42 55.53 55.56 62.79 72.51 79.9 79.09 68.56 59.41 86.24 87.37; 61.28 59.95 75.7 71.62 58.76 57.62 64.93 73.93 80.91 80.51 70.39 61.44 87.77 88.49; NaN NaN NaN NaN NaN NaN NaN NaN NaN NaN NaN NaN NaN NaN; 61.28 59.95 75.7 71.62 58.76 57.62 64.93 73.93 80.91 80.51 70.39 61.44 87.77 88.49; 63.49 63.52 79.3 76.02 62.33 59.3 67.07 75.36 82.42 82.42 72.21 63.99 88.69 89.61; NaN NaN NaN NaN NaN NaN NaN NaN NaN NaN NaN NaN NaN NaN; 63.49 63.52 79.3 76.02 62.33 59.3 67.07 75.36 82.42 82.42 72.21 63.99 88.69 89.61]
***** epoch: 8 ***** 
trn_loss: 0 
tst_loss: 0 
naive_trn_accuracy: 0 
naive_tst_accuracy: 0  
pck_val_accuracy: 0.5706227994227998  
[0.0 0.0 0.0 0.0 0.0 0.0 0.0 0.0 0.0 0.0 0.0 0.0 0.0 0.0; NaN NaN NaN NaN NaN NaN NaN NaN NaN NaN NaN NaN NaN NaN; 0.0 0.0 0.0 0.0 0.0 0.0 0.0 0.0 0.0 0.0 0.0 0.0 0.0 0.0; 2.35 4.37 3.6 2.97 3.57 1.68 6.73 5.4 9.09 9.9 5.58 4.98 18.76 15.27; NaN NaN NaN NaN NaN NaN NaN NaN NaN NaN NaN NaN NaN NaN; 2.35 4.37 3.6 2.97 3.57 1.68 6.73 5.4 9.09 9.9 5.58 4.98 18.76 15.27; 9.52 15.65 17.1 12.09 11.06 11.5 21.92 21.08 30.0 30.61 19.78 18.31 47.91 43.28; NaN NaN NaN NaN NaN NaN NaN NaN NaN NaN NaN NaN NaN NaN; 9.52 15.65 17.1 12.09 11.06 11.5 21.92 21.08 30.0 30.61 19.78 18.31 47.91 43.28; 21.77 28.42 32.13 23.77 23.16 23.51 35.47 38.8 50.81 48.69 37.22 32.15 69.01 62.42; NaN NaN NaN NaN NaN NaN NaN NaN NaN NaN NaN NaN NaN NaN; 21.77 28.42 32.13 23.77 23.16 23.51 35.47 38.8 50.81 48.69 37.22 32.15 69.01 62.42; 32.2 37.86 46.45 34.43 33.41 33.59 45.57 53.16 63.54 61.82 48.99 40.49 79.0 74.95; NaN NaN NaN NaN NaN NaN NaN NaN NaN NaN NaN NaN NaN NaN; 32.2 37.86 46.45 34.43 33.41 33.59 45.57 53.16 63.54 61.82 48.99 40.49 79.0 74.95; 40.94 43.73 56.02 46.11 41.82 41.09 52.4 62.12 70.1 69.49 56.19 45.68 84.0 79.63; NaN NaN NaN NaN NaN NaN NaN NaN NaN NaN NaN NaN NaN NaN; 40.94 43.73 56.02 46.11 41.82 41.09 52.4 62.12 70.1 69.49 56.19 45.68 84.0 79.63; 46.94 47.99 63.03 54.1 48.04 46.51 56.78 66.19 75.56 75.66 61.87 49.85 86.34 83.2; NaN NaN NaN NaN NaN NaN NaN NaN NaN NaN NaN NaN NaN NaN; 46.94 47.99 63.03 54.1 48.04 46.51 56.78 66.19 75.56 75.66 61.87 49.85 86.34 83.2; 50.72 53.62 67.87 59.12 52.65 48.32 60.45 69.76 79.29 78.79 65.72 52.9 87.56 85.13; NaN NaN NaN NaN NaN NaN NaN NaN NaN NaN NaN NaN NaN NaN; 50.72 53.62 67.87 59.12 52.65 48.32 60.45 69.76 79.29 78.79 65.72 52.9 87.56 85.13; 54.11 56.96 71.88 64.86 55.76 51.29 63.91 72.2 81.52 81.92 68.56 56.15 88.79 86.46; NaN NaN NaN NaN NaN NaN NaN NaN NaN NaN NaN NaN NaN NaN; 54.11 56.96 71.88 64.86 55.76 51.29 63.91 72.2 81.52 81.92 68.56 56.15 88.79 86.46; 57.37 60.76 75.9 69.88 58.87 54.26 65.55 74.13 83.84 83.33 72.01 58.8 89.19 87.37; NaN NaN NaN NaN NaN NaN NaN NaN NaN NaN NaN NaN NaN NaN; 57.37 60.76 75.9 69.88 58.87 54.26 65.55 74.13 83.84 83.33 72.01 58.8 89.19 87.37; 59.06 64.67 78.78 74.08 61.64 56.07 67.89 76.27 84.75 84.95 73.33 60.63 89.81 88.39; NaN NaN NaN NaN NaN NaN NaN NaN NaN NaN NaN NaN NaN NaN; 59.06 64.67 78.78 74.08 61.64 56.07 67.89 76.27 84.75 84.95 73.33 60.63 89.81 88.39]
***** epoch: 9 ***** 
trn_loss: 0 
tst_loss: 0 
naive_trn_accuracy: 0 
naive_tst_accuracy: 0  
pck_val_accuracy: 0.5552661255411252  
[0.0 0.0 0.0 0.0 0.0 0.0 0.0 0.0 0.0 0.0 0.0 0.0 0.0 0.0; NaN NaN NaN NaN NaN NaN NaN NaN NaN NaN NaN NaN NaN NaN; 0.0 0.0 0.0 0.0 0.0 0.0 0.0 0.0 0.0 0.0 0.0 0.0 0.0 0.0; 3.52 4.26 5.36 3.69 5.41 4.01 9.38 7.64 11.52 9.49 5.17 5.8 21.61 17.52; NaN NaN NaN NaN NaN NaN NaN NaN NaN NaN NaN NaN NaN NaN; 3.52 4.26 5.36 3.69 5.41 4.01 9.38 7.64 11.52 9.49 5.17 5.8 21.61 17.52; 15.65 16.57 16.89 11.99 13.82 17.83 25.59 24.03 35.56 29.19 19.57 18.11 52.6 48.17; NaN NaN NaN NaN NaN NaN NaN NaN NaN NaN NaN NaN NaN NaN; 15.65 16.57 16.89 11.99 13.82 17.83 25.59 24.03 35.56 29.19 19.57 18.11 52.6 48.17; 26.99 29.23 29.45 23.77 26.61 31.78 38.23 38.9 53.33 46.87 33.98 31.84 70.23 65.07; NaN NaN NaN NaN NaN NaN NaN NaN NaN NaN NaN NaN NaN NaN; 26.99 29.23 29.45 23.77 26.61 31.78 38.23 38.9 53.33 46.87 33.98 31.84 70.23 65.07; 38.72 38.43 41.4 36.58 36.98 41.21 45.67 49.69 64.44 58.79 45.13 42.62 77.68 74.85; NaN NaN NaN NaN NaN NaN NaN NaN NaN NaN NaN NaN NaN NaN; 38.72 38.43 41.4 36.58 36.98 41.21 45.67 49.69 64.44 58.79 45.13 42.62 77.68 74.85; 44.59 44.07 52.21 44.26 42.97 47.67 50.15 55.5 69.6 65.45 49.59 46.39 80.53 79.12; NaN NaN NaN NaN NaN NaN NaN NaN NaN NaN NaN NaN NaN NaN; 44.59 44.07 52.21 44.26 42.97 47.67 50.15 55.5 69.6 65.45 49.59 46.39 80.53 79.12; 49.8 49.02 60.45 52.25 48.04 50.65 53.62 60.9 74.55 70.0 53.45 50.05 82.77 81.67; NaN NaN NaN NaN NaN NaN NaN NaN NaN NaN NaN NaN NaN NaN; 49.8 49.02 60.45 52.25 48.04 50.65 53.62 60.9 74.55 70.0 53.45 50.05 82.77 81.67; 53.32 52.82 66.01 58.09 52.53 53.36 56.88 64.15 77.07 72.63 56.8 53.2 83.38 83.1; NaN NaN NaN NaN NaN NaN NaN NaN NaN NaN NaN NaN NaN NaN; 53.32 52.82 66.01 58.09 52.53 53.36 56.88 64.15 77.07 72.63 56.8 53.2 83.38 83.1; 56.45 56.27 71.99 62.09 56.11 57.24 59.43 66.19 78.59 74.95 59.84 55.34 84.81 84.01; NaN NaN NaN NaN NaN NaN NaN NaN NaN NaN NaN NaN NaN NaN; 56.45 56.27 71.99 62.09 56.11 57.24 59.43 66.19 78.59 74.95 59.84 55.34 84.81 84.01; 58.54 59.61 76.0 65.47 59.1 59.04 61.26 67.62 80.0 76.57 63.29 57.78 85.83 85.03; NaN NaN NaN NaN NaN NaN NaN NaN NaN NaN NaN NaN NaN NaN; 58.54 59.61 76.0 65.47 59.1 59.04 61.26 67.62 80.0 76.57 63.29 57.78 85.83 85.03; 62.45 61.68 78.99 68.95 61.18 61.89 63.2 68.74 81.62 77.98 65.52 59.51 86.95 85.85; NaN NaN NaN NaN NaN NaN NaN NaN NaN NaN NaN NaN NaN NaN; 62.45 61.68 78.99 68.95 61.18 61.89 63.2 68.74 81.62 77.98 65.52 59.51 86.95 85.85]
***** epoch: 10 ***** 
trn_loss: 0 
tst_loss: 0 
naive_trn_accuracy: 0 
naive_tst_accuracy: 0  
pck_val_accuracy: 0.530441366966367  
[0.0 0.0 0.0 0.0 0.0 0.0 0.0 0.0 0.0 0.0 0.0 0.0 0.0 0.0; NaN NaN NaN NaN NaN NaN NaN NaN NaN NaN NaN NaN NaN NaN; 0.0 0.0 0.0 0.0 0.0 0.0 0.0 0.0 0.0 0.0 0.0 0.0 0.0 0.0; 2.09 3.34 2.68 2.97 2.76 2.71 3.16 4.99 4.85 9.19 4.46 4.37 11.52 8.96; NaN NaN NaN NaN NaN NaN NaN NaN NaN NaN NaN NaN NaN NaN; 2.09 3.34 2.68 2.97 2.76 2.71 3.16 4.99 4.85 9.19 4.46 4.37 11.52 8.96; 10.56 12.31 9.17 10.55 9.33 11.24 12.95 17.31 21.82 24.24 16.02 16.28 38.63 33.5; NaN NaN NaN NaN NaN NaN NaN NaN NaN NaN NaN NaN NaN NaN; 10.56 12.31 9.17 10.55 9.33 11.24 12.95 17.31 21.82 24.24 16.02 16.28 38.63 33.5; 22.43 24.28 22.04 22.23 20.62 24.81 24.97 34.93 41.31 42.12 31.64 28.59 59.23 55.91; NaN NaN NaN NaN NaN NaN NaN NaN NaN NaN NaN NaN NaN NaN; 22.43 24.28 22.04 22.23 20.62 24.81 24.97 34.93 41.31 42.12 31.64 28.59 59.23 55.91; 35.85 35.33 32.23 32.89 29.84 37.73 35.98 49.69 56.87 56.97 43.91 38.05 71.25 69.45; NaN NaN NaN NaN NaN NaN NaN NaN NaN NaN NaN NaN NaN NaN; 35.85 35.33 32.23 32.89 29.84 37.73 35.98 49.69 56.87 56.97 43.91 38.05 71.25 69.45; 41.98 42.12 43.87 40.06 38.48 44.7 43.12 58.96 65.66 66.26 52.64 45.68 77.27 76.48; NaN NaN NaN NaN NaN NaN NaN NaN NaN NaN NaN NaN NaN NaN; 41.98 42.12 43.87 40.06 38.48 44.7 43.12 58.96 65.66 66.26 52.64 45.68 77.27 76.48; 47.46 45.91 52.42 48.57 44.35 50.13 49.75 64.46 71.31 71.21 57.1 51.27 80.53 81.57; NaN NaN NaN NaN NaN NaN NaN NaN NaN NaN NaN NaN NaN NaN; 47.46 45.91 52.42 48.57 44.35 50.13 49.75 64.46 71.31 71.21 57.1 51.27 80.53 81.57; 52.54 50.86 60.04 55.33 48.27 53.75 54.74 67.62 75.35 74.24 60.65 55.44 82.77 84.32; NaN NaN NaN NaN NaN NaN NaN NaN NaN NaN NaN NaN NaN NaN; 52.54 50.86 60.04 55.33 48.27 53.75 54.74 67.62 75.35 74.24 60.65 55.44 82.77 84.32; 56.84 55.01 66.94 60.35 51.96 56.07 58.82 70.26 77.47 76.26 64.3 58.6 84.4 85.34; NaN NaN NaN NaN NaN NaN NaN NaN NaN NaN NaN NaN NaN NaN; 56.84 55.01 66.94 60.35 51.96 56.07 58.82 70.26 77.47 76.26 64.3 58.6 84.4 85.34; 59.84 58.0 71.99 64.75 54.72 57.88 60.86 72.51 79.19 79.09 66.23 60.94 85.93 86.25; NaN NaN NaN NaN NaN NaN NaN NaN NaN NaN NaN NaN NaN NaN; 59.84 58.0 71.99 64.75 54.72 57.88 60.86 72.51 79.19 79.09 66.23 60.94 85.93 86.25; 62.71 60.76 76.0 68.44 57.95 60.47 63.0 74.13 80.71 81.01 67.95 63.17 87.26 86.97; NaN NaN NaN NaN NaN NaN NaN NaN NaN NaN NaN NaN NaN NaN; 62.71 60.76 76.0 68.44 57.95 60.47 63.0 74.13 80.71 81.01 67.95 63.17 87.26 86.97]
***** epoch: 11 ***** 
trn_loss: 0 
tst_loss: 0 
naive_trn_accuracy: 0 
naive_tst_accuracy: 0  
pck_val_accuracy: 0.527779057054057  
[0.0 0.0 0.0 0.0 0.0 0.0 0.0 0.0 0.0 0.0 0.0 0.0 0.0 0.0; NaN NaN NaN NaN NaN NaN NaN NaN NaN NaN NaN NaN NaN NaN; 0.0 0.0 0.0 0.0 0.0 0.0 0.0 0.0 0.0 0.0 0.0 0.0 0.0 0.0; 2.09 3.45 3.09 2.05 3.23 1.94 7.14 5.5 4.34 9.9 7.1 6.31 12.84 12.83; NaN NaN NaN NaN NaN NaN NaN NaN NaN NaN NaN NaN NaN NaN; 2.09 3.45 3.09 2.05 3.23 1.94 7.14 5.5 4.34 9.9 7.1 6.31 12.84 12.83; 8.47 10.93 11.43 8.2 10.48 9.04 21.81 21.28 22.53 30.71 21.4 18.92 39.45 36.86; NaN NaN NaN NaN NaN NaN NaN NaN NaN NaN NaN NaN NaN NaN; 8.47 10.93 11.43 8.2 10.48 9.04 21.81 21.28 22.53 30.71 21.4 18.92 39.45 36.86; 17.99 20.71 23.48 18.34 20.97 21.19 33.84 37.68 41.11 47.58 35.19 30.21 59.94 57.54; NaN NaN NaN NaN NaN NaN NaN NaN NaN NaN NaN NaN NaN NaN; 17.99 20.71 23.48 18.34 20.97 21.19 33.84 37.68 41.11 47.58 35.19 30.21 59.94 57.54; 28.81 32.34 35.84 29.51 30.76 33.07 44.95 48.07 54.14 59.09 44.83 37.74 72.88 69.35; NaN NaN NaN NaN NaN NaN NaN NaN NaN NaN NaN NaN NaN NaN; 28.81 32.34 35.84 29.51 30.76 33.07 44.95 48.07 54.14 59.09 44.83 37.74 72.88 69.35; 36.38 40.74 47.89 38.83 37.79 42.64 50.97 55.5 65.56 66.57 52.23 42.62 77.98 75.56; NaN NaN NaN NaN NaN NaN NaN NaN NaN NaN NaN NaN NaN NaN; 36.38 40.74 47.89 38.83 37.79 42.64 50.97 55.5 65.56 66.57 52.23 42.62 77.98 75.56; 43.02 46.49 55.41 48.77 43.55 47.55 54.64 60.79 72.12 71.41 57.3 46.29 82.26 78.92; NaN NaN NaN NaN NaN NaN NaN NaN NaN NaN NaN NaN NaN NaN; 43.02 46.49 55.41 48.77 43.55 47.55 54.64 60.79 72.12 71.41 57.3 46.29 82.26 78.92; 47.98 51.67 61.89 54.51 48.85 50.13 56.47 64.26 75.76 75.15 61.46 49.54 84.1 81.67; NaN NaN NaN NaN NaN NaN NaN NaN NaN NaN NaN NaN NaN NaN; 47.98 51.67 61.89 54.51 48.85 50.13 56.47 64.26 75.76 75.15 61.46 49.54 84.1 81.67; 52.93 55.12 67.77 61.07 53.34 52.97 59.43 68.02 77.58 77.37 65.52 52.9 86.65 82.89; NaN NaN NaN NaN NaN NaN NaN NaN NaN NaN NaN NaN NaN NaN; 52.93 55.12 67.77 61.07 53.34 52.97 59.43 68.02 77.58 77.37 65.52 52.9 86.65 82.89; 57.76 59.15 72.81 63.93 56.34 55.56 61.47 70.47 79.49 79.8 67.85 55.44 87.97 83.91; NaN NaN NaN NaN NaN NaN NaN NaN NaN NaN NaN NaN NaN NaN; 57.76 59.15 72.81 63.93 56.34 55.56 61.47 70.47 79.49 79.8 67.85 55.44 87.97 83.91; 60.63 63.52 76.73 67.21 59.33 58.14 63.4 72.51 81.21 81.52 69.47 57.48 88.99 85.23; NaN NaN NaN NaN NaN NaN NaN NaN NaN NaN NaN NaN NaN NaN; 60.63 63.52 76.73 67.21 59.33 58.14 63.4 72.51 81.21 81.52 69.47 57.48 88.99 85.23]
***** epoch: 12 ***** 
trn_loss: 0 
tst_loss: 0 
naive_trn_accuracy: 0 
naive_tst_accuracy: 0  
pck_val_accuracy: 0.5582804972804972  
[0.0 0.0 0.0 0.0 0.0 0.0 0.0 0.0 0.0 0.0 0.0 0.0 0.0 0.0; NaN NaN NaN NaN NaN NaN NaN NaN NaN NaN NaN NaN NaN NaN; 0.0 0.0 0.0 0.0 0.0 0.0 0.0 0.0 0.0 0.0 0.0 0.0 0.0 0.0; 3.13 4.37 4.94 4.0 5.53 4.01 7.54 9.78 8.99 7.58 6.59 6.82 15.8 17.01; NaN NaN NaN NaN NaN NaN NaN NaN NaN NaN NaN NaN NaN NaN; 3.13 4.37 4.94 4.0 5.53 4.01 7.54 9.78 8.99 7.58 6.59 6.82 15.8 17.01; 13.04 14.15 14.93 14.04 16.36 19.64 24.16 27.9 30.1 26.57 23.53 22.38 46.79 46.95; NaN NaN NaN NaN NaN NaN NaN NaN NaN NaN NaN NaN NaN NaN; 13.04 14.15 14.93 14.04 16.36 19.64 24.16 27.9 30.1 26.57 23.53 22.38 46.79 46.95; 23.34 27.27 29.15 23.57 30.3 31.01 38.02 42.87 49.19 44.24 38.54 34.49 65.14 65.27; NaN NaN NaN NaN NaN NaN NaN NaN NaN NaN NaN NaN NaN NaN; 23.34 27.27 29.15 23.57 30.3 31.01 38.02 42.87 49.19 44.24 38.54 34.49 65.14 65.27; 36.38 37.05 41.5 34.53 38.02 41.21 47.5 53.05 61.62 55.45 47.77 43.54 76.15 75.15; NaN NaN NaN NaN NaN NaN NaN NaN NaN NaN NaN NaN NaN NaN; 36.38 37.05 41.5 34.53 38.02 41.21 47.5 53.05 61.62 55.45 47.77 43.54 76.15 75.15; 41.85 42.81 50.67 43.24 43.89 45.48 52.29 58.15 68.18 63.13 53.04 48.52 80.53 80.55; NaN NaN NaN NaN NaN NaN NaN NaN NaN NaN NaN NaN NaN NaN; 41.85 42.81 50.67 43.24 43.89 45.48 52.29 58.15 68.18 63.13 53.04 48.52 80.53 80.55; 44.98 47.3 57.67 48.67 46.66 48.84 55.86 63.03 73.43 67.58 58.82 51.68 83.18 82.89; NaN NaN NaN NaN NaN NaN NaN NaN NaN NaN NaN NaN NaN NaN; 44.98 47.3 57.67 48.67 46.66 48.84 55.86 63.03 73.43 67.58 58.82 51.68 83.18 82.89; 49.93 52.13 63.54 53.69 49.31 52.07 57.9 65.89 76.87 72.12 61.36 54.93 85.22 84.52; NaN NaN NaN NaN NaN NaN NaN NaN NaN NaN NaN NaN NaN NaN; 49.93 52.13 63.54 53.69 49.31 52.07 57.9 65.89 76.87 72.12 61.36 54.93 85.22 84.52; 53.19 56.39 67.97 57.79 53.34 55.04 60.45 68.43 78.28 74.04 64.0 57.48 85.93 85.95; NaN NaN NaN NaN NaN NaN NaN NaN NaN NaN NaN NaN NaN NaN; 53.19 56.39 67.97 57.79 53.34 55.04 60.45 68.43 78.28 74.04 64.0 57.48 85.93 85.95; 55.8 60.53 71.27 61.07 55.88 57.11 61.88 70.47 80.0 76.77 65.42 59.0 87.56 86.66; NaN NaN NaN NaN NaN NaN NaN NaN NaN NaN NaN NaN NaN NaN; 55.8 60.53 71.27 61.07 55.88 57.11 61.88 70.47 80.0 76.77 65.42 59.0 87.56 86.66; 57.76 63.64 74.05 66.29 58.87 58.01 63.2 71.89 81.62 79.39 66.63 61.34 88.89 87.27; NaN NaN NaN NaN NaN NaN NaN NaN NaN NaN NaN NaN NaN NaN; 57.76 63.64 74.05 66.29 58.87 58.01 63.2 71.89 81.62 79.39 66.63 61.34 88.89 87.27]
