***** epoch: 0 ***** 
trn_loss: 0 
tst_loss: 0 
naive_trn_accuracy: 0 
naive_tst_accuracy: 0  
pck_val_accuracy: 0.5572059607059604  
[0.0 0.0 0.0 0.0 0.0 0.0 0.0 0.0 0.0 0.0 0.0 0.0 0.0 0.0; NaN NaN NaN NaN NaN NaN NaN NaN NaN NaN NaN NaN NaN NaN; 0.0 0.0 0.0 0.0 0.0 0.0 0.0 0.0 0.0 0.0 0.0 0.0 0.0 0.0; 4.17 2.35 10.2 0.0 0.0 0.0 8.08 6.06 6.06 8.25 2.04 4.04 14.58 20.83; NaN NaN NaN NaN NaN NaN NaN NaN NaN NaN NaN NaN NaN NaN; 4.17 2.35 10.2 0.0 0.0 0.0 8.08 6.06 6.06 8.25 2.04 4.04 14.58 20.83; 12.5 8.24 23.47 4.12 3.49 11.27 28.28 24.24 29.29 27.84 16.33 14.14 44.79 43.75; NaN NaN NaN NaN NaN NaN NaN NaN NaN NaN NaN NaN NaN NaN; 12.5 8.24 23.47 4.12 3.49 11.27 28.28 24.24 29.29 27.84 16.33 14.14 44.79 43.75; 25.0 21.18 36.73 16.49 10.47 23.94 40.4 44.44 46.46 47.42 34.69 24.24 66.67 75.0; NaN NaN NaN NaN NaN NaN NaN NaN NaN NaN NaN NaN NaN NaN; 25.0 21.18 36.73 16.49 10.47 23.94 40.4 44.44 46.46 47.42 34.69 24.24 66.67 75.0; 37.5 27.06 43.88 22.68 22.09 38.03 52.53 58.59 62.63 62.89 46.94 34.34 84.38 85.42; NaN NaN NaN NaN NaN NaN NaN NaN NaN NaN NaN NaN NaN NaN; 37.5 27.06 43.88 22.68 22.09 38.03 52.53 58.59 62.63 62.89 46.94 34.34 84.38 85.42; 48.61 31.76 46.94 30.93 27.91 47.89 57.58 60.61 71.72 72.16 59.18 40.4 91.67 86.46; NaN NaN NaN NaN NaN NaN NaN NaN NaN NaN NaN NaN NaN NaN; 48.61 31.76 46.94 30.93 27.91 47.89 57.58 60.61 71.72 72.16 59.18 40.4 91.67 86.46; 55.56 37.65 57.14 45.36 36.05 56.34 60.61 66.67 79.8 78.35 65.31 47.47 93.75 88.54; NaN NaN NaN NaN NaN NaN NaN NaN NaN NaN NaN NaN NaN NaN; 55.56 37.65 57.14 45.36 36.05 56.34 60.61 66.67 79.8 78.35 65.31 47.47 93.75 88.54; 62.5 43.53 62.24 47.42 43.02 59.15 62.63 70.71 83.84 80.41 69.39 50.51 95.83 90.62; NaN NaN NaN NaN NaN NaN NaN NaN NaN NaN NaN NaN NaN NaN; 62.5 43.53 62.24 47.42 43.02 59.15 62.63 70.71 83.84 80.41 69.39 50.51 95.83 90.62; 62.5 48.24 74.49 53.61 43.02 59.15 64.65 72.73 83.84 85.57 73.47 53.54 95.83 91.67; NaN NaN NaN NaN NaN NaN NaN NaN NaN NaN NaN NaN NaN NaN; 62.5 48.24 74.49 53.61 43.02 59.15 64.65 72.73 83.84 85.57 73.47 53.54 95.83 91.67; 62.5 51.76 76.53 63.92 44.19 60.56 66.67 74.75 85.86 86.6 74.49 58.59 95.83 92.71; NaN NaN NaN NaN NaN NaN NaN NaN NaN NaN NaN NaN NaN NaN; 62.5 51.76 76.53 63.92 44.19 60.56 66.67 74.75 85.86 86.6 74.49 58.59 95.83 92.71; 63.89 56.47 78.57 67.01 46.51 61.97 68.69 76.77 87.88 86.6 75.51 62.63 96.88 92.71; NaN NaN NaN NaN NaN NaN NaN NaN NaN NaN NaN NaN NaN NaN; 63.89 56.47 78.57 67.01 46.51 61.97 68.69 76.77 87.88 86.6 75.51 62.63 96.88 92.71]
***** epoch: 1 ***** 
trn_loss: 0 
tst_loss: 0 
naive_trn_accuracy: 0 
naive_tst_accuracy: 0  
pck_val_accuracy: 0.662995754245754  
[0.0 0.0 0.0 0.0 0.0 0.0 0.0 0.0 0.0 0.0 0.0 0.0 0.0 0.0; NaN NaN NaN NaN NaN NaN NaN NaN NaN NaN NaN NaN NaN NaN; 0.0 0.0 0.0 0.0 0.0 0.0 0.0 0.0 0.0 0.0 0.0 0.0 0.0 0.0; 1.39 4.71 7.14 5.15 2.33 8.45 9.09 15.15 11.11 6.19 9.18 8.08 22.92 19.79; NaN NaN NaN NaN NaN NaN NaN NaN NaN NaN NaN NaN NaN NaN; 1.39 4.71 7.14 5.15 2.33 8.45 9.09 15.15 11.11 6.19 9.18 8.08 22.92 19.79; 12.5 11.76 19.39 19.59 9.3 26.76 34.34 38.38 37.37 26.8 22.45 17.17 56.25 51.04; NaN NaN NaN NaN NaN NaN NaN NaN NaN NaN NaN NaN NaN NaN; 12.5 11.76 19.39 19.59 9.3 26.76 34.34 38.38 37.37 26.8 22.45 17.17 56.25 51.04; 26.39 28.24 39.8 29.9 23.26 45.07 52.53 58.59 60.61 44.33 36.73 30.3 80.21 78.12; NaN NaN NaN NaN NaN NaN NaN NaN NaN NaN NaN NaN NaN NaN; 26.39 28.24 39.8 29.9 23.26 45.07 52.53 58.59 60.61 44.33 36.73 30.3 80.21 78.12; 37.5 36.47 52.04 40.21 32.56 56.34 64.65 69.7 72.73 67.01 54.08 43.43 90.62 86.46; NaN NaN NaN NaN NaN NaN NaN NaN NaN NaN NaN NaN NaN NaN; 37.5 36.47 52.04 40.21 32.56 56.34 64.65 69.7 72.73 67.01 54.08 43.43 90.62 86.46; 43.06 41.18 62.24 55.67 38.37 60.56 68.69 74.75 85.86 79.38 73.47 51.52 93.75 90.62; NaN NaN NaN NaN NaN NaN NaN NaN NaN NaN NaN NaN NaN NaN; 43.06 41.18 62.24 55.67 38.37 60.56 68.69 74.75 85.86 79.38 73.47 51.52 93.75 90.62; 51.39 44.71 71.43 59.79 39.53 61.97 69.7 78.79 89.9 85.57 79.59 56.57 95.83 93.75; NaN NaN NaN NaN NaN NaN NaN NaN NaN NaN NaN NaN NaN NaN; 51.39 44.71 71.43 59.79 39.53 61.97 69.7 78.79 89.9 85.57 79.59 56.57 95.83 93.75; 54.17 50.59 77.55 63.92 44.19 63.38 69.7 78.79 90.91 88.66 81.63 62.63 96.88 93.75; NaN NaN NaN NaN NaN NaN NaN NaN NaN NaN NaN NaN NaN NaN; 54.17 50.59 77.55 63.92 44.19 63.38 69.7 78.79 90.91 88.66 81.63 62.63 96.88 93.75; 56.94 55.29 81.63 71.13 47.67 63.38 69.7 79.8 90.91 89.69 84.69 63.64 96.88 94.79; NaN NaN NaN NaN NaN NaN NaN NaN NaN NaN NaN NaN NaN NaN; 56.94 55.29 81.63 71.13 47.67 63.38 69.7 79.8 90.91 89.69 84.69 63.64 96.88 94.79; 59.72 57.65 83.67 76.29 51.16 66.2 70.71 81.82 91.92 90.72 86.73 64.65 96.88 94.79; NaN NaN NaN NaN NaN NaN NaN NaN NaN NaN NaN NaN NaN NaN; 59.72 57.65 83.67 76.29 51.16 66.2 70.71 81.82 91.92 90.72 86.73 64.65 96.88 94.79; 61.11 63.53 86.73 78.35 54.65 66.2 72.73 81.82 91.92 91.75 88.78 71.72 96.88 94.79; NaN NaN NaN NaN NaN NaN NaN NaN NaN NaN NaN NaN NaN NaN; 61.11 63.53 86.73 78.35 54.65 66.2 72.73 81.82 91.92 91.75 88.78 71.72 96.88 94.79]
