***** epoch: 0 ***** 
trn_loss: 0 
tst_loss: 0 
naive_trn_accuracy: 0 
naive_tst_accuracy: 0  
pck_val_accuracy: 0.4916902486402491  
[0.0 0.0 0.0 0.0 0.0 0.0 0.0 0.0 0.0 0.0 0.0 0.0 0.0 0.0; NaN NaN NaN NaN NaN NaN NaN NaN NaN NaN NaN NaN NaN NaN; 0.0 0.0 0.0 0.0 0.0 0.0 0.0 0.0 0.0 0.0 0.0 0.0 0.0 0.0; 2.35 2.3 2.78 5.33 2.76 3.23 2.75 2.34 5.35 5.35 3.75 3.36 14.07 11.0; NaN NaN NaN NaN NaN NaN NaN NaN NaN NaN NaN NaN NaN NaN; 2.35 2.3 2.78 5.33 2.76 3.23 2.75 2.34 5.35 5.35 3.75 3.36 14.07 11.0; 9.91 9.32 11.02 14.75 10.48 11.89 11.42 12.83 21.82 20.0 12.98 11.7 42.92 35.85; NaN NaN NaN NaN NaN NaN NaN NaN NaN NaN NaN NaN NaN NaN; 9.91 9.32 11.02 14.75 10.48 11.89 11.42 12.83 21.82 20.0 12.98 11.7 42.92 35.85; 19.69 18.07 20.6 25.72 20.28 23.77 20.29 23.73 39.19 40.0 23.43 19.94 67.18 56.72; NaN NaN NaN NaN NaN NaN NaN NaN NaN NaN NaN NaN NaN NaN; 19.69 18.07 20.6 25.72 20.28 23.77 20.29 23.73 39.19 40.0 23.43 19.94 67.18 56.72; 30.77 27.62 33.99 36.27 27.88 33.85 28.54 36.66 51.72 51.82 32.76 27.77 77.98 70.06; NaN NaN NaN NaN NaN NaN NaN NaN NaN NaN NaN NaN NaN NaN; 30.77 27.62 33.99 36.27 27.88 33.85 28.54 36.66 51.72 51.82 32.76 27.77 77.98 70.06; 37.55 35.33 45.42 45.08 33.76 40.7 36.39 45.01 60.91 60.91 41.58 34.28 84.3 75.97; NaN NaN NaN NaN NaN NaN NaN NaN NaN NaN NaN NaN NaN NaN; 37.55 35.33 45.42 45.08 33.76 40.7 36.39 45.01 60.91 60.91 41.58 34.28 84.3 75.97; 42.63 40.74 54.99 52.97 40.21 45.74 43.73 51.53 66.06 66.16 46.65 40.08 87.26 79.74; NaN NaN NaN NaN NaN NaN NaN NaN NaN NaN NaN NaN NaN NaN; 42.63 40.74 54.99 52.97 40.21 45.74 43.73 51.53 66.06 66.16 46.65 40.08 87.26 79.74; 48.5 45.8 63.95 59.73 44.7 49.48 48.52 56.92 69.49 69.09 51.83 43.13 88.58 82.99; NaN NaN NaN NaN NaN NaN NaN NaN NaN NaN NaN NaN NaN NaN; 48.5 45.8 63.95 59.73 44.7 49.48 48.52 56.92 69.49 69.09 51.83 43.13 88.58 82.99; 52.93 50.06 69.52 66.6 49.19 53.1 51.99 60.59 72.12 71.52 56.9 47.2 89.6 84.93; NaN NaN NaN NaN NaN NaN NaN NaN NaN NaN NaN NaN NaN NaN; 52.93 50.06 69.52 66.6 49.19 53.1 51.99 60.59 72.12 71.52 56.9 47.2 89.6 84.93; 55.93 54.43 76.0 70.39 52.65 55.43 54.84 63.03 75.45 74.24 59.43 50.15 90.83 86.05; NaN NaN NaN NaN NaN NaN NaN NaN NaN NaN NaN NaN NaN NaN; 55.93 54.43 76.0 70.39 52.65 55.43 54.84 63.03 75.45 74.24 59.43 50.15 90.83 86.05; 58.28 57.77 79.3 74.69 55.07 57.62 56.98 65.38 78.18 76.26 62.07 53.31 91.23 87.17; NaN NaN NaN NaN NaN NaN NaN NaN NaN NaN NaN NaN NaN NaN; 58.28 57.77 79.3 74.69 55.07 57.62 56.98 65.38 78.18 76.26 62.07 53.31 91.23 87.17]
***** epoch: 1 ***** 
trn_loss: 0 
tst_loss: 0 
naive_trn_accuracy: 0 
naive_tst_accuracy: 0  
pck_val_accuracy: 0.32189435841935854  
[0.0 0.0 0.0 0.0 0.0 0.0 0.0 0.0 0.0 0.0 0.0 0.0 0.0 0.0; NaN NaN NaN NaN NaN NaN NaN NaN NaN NaN NaN NaN NaN NaN; 0.0 0.0 0.0 0.0 0.0 0.0 0.0 0.0 0.0 0.0 0.0 0.0 0.0 0.0; 0.91 0.58 1.34 1.84 0.58 1.94 0.71 1.32 2.63 4.55 1.83 1.22 4.89 4.28; NaN NaN NaN NaN NaN NaN NaN NaN NaN NaN NaN NaN NaN NaN; 0.91 0.58 1.34 1.84 0.58 1.94 0.71 1.32 2.63 4.55 1.83 1.22 4.89 4.28; 4.56 2.88 3.5 7.89 3.23 6.59 4.18 5.4 8.89 12.93 5.78 5.29 18.25 18.53; NaN NaN NaN NaN NaN NaN NaN NaN NaN NaN NaN NaN NaN NaN; 4.56 2.88 3.5 7.89 3.23 6.59 4.18 5.4 8.89 12.93 5.78 5.29 18.25 18.53; 11.6 7.48 10.09 15.68 7.03 13.44 8.87 11.71 18.79 25.15 11.76 9.46 38.33 36.25; NaN NaN NaN NaN NaN NaN NaN NaN NaN NaN NaN NaN NaN NaN; 11.6 7.48 10.09 15.68 7.03 13.44 8.87 11.71 18.79 25.15 11.76 9.46 38.33 36.25; 17.47 11.74 18.13 22.95 10.83 20.16 13.05 20.37 29.9 34.65 19.88 15.36 55.76 52.75; NaN NaN NaN NaN NaN NaN NaN NaN NaN NaN NaN NaN NaN NaN; 17.47 11.74 18.13 22.95 10.83 20.16 13.05 20.37 29.9 34.65 19.88 15.36 55.76 52.75; 24.25 16.8 25.95 30.64 15.78 24.55 17.64 27.9 40.81 40.51 25.66 20.45 67.07 62.22; NaN NaN NaN NaN NaN NaN NaN NaN NaN NaN NaN NaN NaN NaN; 24.25 16.8 25.95 30.64 15.78 24.55 17.64 27.9 40.81 40.51 25.66 20.45 67.07 62.22; 29.34 22.55 35.22 36.68 20.97 29.72 23.34 34.83 48.99 44.95 31.44 24.72 72.68 69.04; NaN NaN NaN NaN NaN NaN NaN NaN NaN NaN NaN NaN NaN NaN; 29.34 22.55 35.22 36.68 20.97 29.72 23.34 34.83 48.99 44.95 31.44 24.72 72.68 69.04; 34.42 27.27 44.49 43.44 25.46 33.46 27.62 41.75 55.86 49.19 36.41 28.08 76.66 72.91; NaN NaN NaN NaN NaN NaN NaN NaN NaN NaN NaN NaN NaN NaN; 34.42 27.27 44.49 43.44 25.46 33.46 27.62 41.75 55.86 49.19 36.41 28.08 76.66 72.91; 38.2 31.3 52.32 49.39 31.11 37.98 31.29 45.52 61.31 53.43 41.48 31.84 78.39 75.97; NaN NaN NaN NaN NaN NaN NaN NaN NaN NaN NaN NaN NaN NaN; 38.2 31.3 52.32 49.39 31.11 37.98 31.29 45.52 61.31 53.43 41.48 31.84 78.39 75.97; 42.37 37.05 58.29 55.23 35.6 41.34 35.78 49.29 65.76 56.87 44.93 35.91 80.73 77.7; NaN NaN NaN NaN NaN NaN NaN NaN NaN NaN NaN NaN NaN NaN; 42.37 37.05 58.29 55.23 35.6 41.34 35.78 49.29 65.76 56.87 44.93 35.91 80.73 77.7; 45.76 42.69 64.06 59.32 39.4 44.44 40.27 53.56 69.09 59.7 48.48 39.17 82.67 78.82; NaN NaN NaN NaN NaN NaN NaN NaN NaN NaN NaN NaN NaN NaN; 45.76 42.69 64.06 59.32 39.4 44.44 40.27 53.56 69.09 59.7 48.48 39.17 82.67 78.82]
***** epoch: 0 ***** 
trn_loss: 0 
tst_loss: 0 
naive_trn_accuracy: 0 
naive_tst_accuracy: 0  
pck_val_accuracy: 0.4581998667998674  
[0.0 0.0 0.0 0.0 0.0 0.0 0.0 0.0 0.0 0.0 0.0 0.0 0.0 0.0; NaN NaN NaN NaN NaN NaN NaN NaN NaN NaN NaN NaN NaN NaN; 0.0 0.0 0.0 0.0 0.0 0.0 0.0 0.0 0.0 0.0 0.0 0.0 0.0 0.0; 2.48 1.96 1.85 1.74 1.96 3.36 3.16 2.14 5.45 3.64 1.52 1.53 6.32 7.43; NaN NaN NaN NaN NaN NaN NaN NaN NaN NaN NaN NaN NaN NaN; 2.48 1.96 1.85 1.74 1.96 3.36 3.16 2.14 5.45 3.64 1.52 1.53 6.32 7.43; 10.43 8.98 7.72 7.89 7.14 11.37 11.31 10.49 21.01 14.04 7.81 8.14 29.36 27.39; NaN NaN NaN NaN NaN NaN NaN NaN NaN NaN NaN NaN NaN NaN; 10.43 8.98 7.72 7.89 7.14 11.37 11.31 10.49 21.01 14.04 7.81 8.14 29.36 27.39; 20.86 18.07 17.2 16.6 13.48 22.61 20.8 23.12 36.36 27.98 16.43 15.87 56.47 45.72; NaN NaN NaN NaN NaN NaN NaN NaN NaN NaN NaN NaN NaN NaN; 20.86 18.07 17.2 16.6 13.48 22.61 20.8 23.12 36.36 27.98 16.43 15.87 56.47 45.72; 31.68 26.01 30.38 29.0 19.82 35.01 30.58 35.74 48.48 39.09 24.95 24.92 75.43 61.61; NaN NaN NaN NaN NaN NaN NaN NaN NaN NaN NaN NaN NaN NaN; 31.68 26.01 30.38 29.0 19.82 35.01 30.58 35.74 48.48 39.09 24.95 24.92 75.43 61.61; 38.85 33.14 42.74 38.42 27.19 41.86 37.72 44.2 56.87 48.28 33.98 32.04 83.69 71.49; NaN NaN NaN NaN NaN NaN NaN NaN NaN NaN NaN NaN NaN NaN; 38.85 33.14 42.74 38.42 27.19 41.86 37.72 44.2 56.87 48.28 33.98 32.04 83.69 71.49; 44.59 38.09 51.7 46.11 32.95 46.9 44.24 50.61 62.02 54.95 40.87 36.72 86.95 78.11; NaN NaN NaN NaN NaN NaN NaN NaN NaN NaN NaN NaN NaN NaN; 44.59 38.09 51.7 46.11 32.95 46.9 44.24 50.61 62.02 54.95 40.87 36.72 86.95 78.11; 47.46 42.69 59.73 51.84 37.79 50.13 49.64 56.21 65.96 59.8 46.86 41.1 89.6 82.28; NaN NaN NaN NaN NaN NaN NaN NaN NaN NaN NaN NaN NaN NaN; 47.46 42.69 59.73 51.84 37.79 50.13 49.64 56.21 65.96 59.8 46.86 41.1 89.6 82.28; 51.5 47.18 66.22 56.97 42.28 53.23 53.01 60.49 70.3 63.64 51.42 44.96 90.83 84.73; NaN NaN NaN NaN NaN NaN NaN NaN NaN NaN NaN NaN NaN NaN; 51.5 47.18 66.22 56.97 42.28 53.23 53.01 60.49 70.3 63.64 51.42 44.96 90.83 84.73; 55.41 50.52 74.25 62.5 45.62 56.07 56.07 62.83 73.03 66.77 55.48 48.02 91.74 86.97; NaN NaN NaN NaN NaN NaN NaN NaN NaN NaN NaN NaN NaN NaN; 55.41 50.52 74.25 62.5 45.62 56.07 56.07 62.83 73.03 66.77 55.48 48.02 91.74 86.97; 57.76 54.78 79.4 68.65 48.16 58.14 59.53 64.77 76.36 69.7 57.81 52.19 92.25 88.39; NaN NaN NaN NaN NaN NaN NaN NaN NaN NaN NaN NaN NaN NaN; 57.76 54.78 79.4 68.65 48.16 58.14 59.53 64.77 76.36 69.7 57.81 52.19 92.25 88.39]
***** epoch: 1 ***** 
trn_loss: 0 
tst_loss: 0 
naive_trn_accuracy: 0 
naive_tst_accuracy: 0  
pck_val_accuracy: 0.5365847541347535  
[0.0 0.0 0.0 0.0 0.0 0.0 0.0 0.0 0.0 0.0 0.0 0.0 0.0 0.0; NaN NaN NaN NaN NaN NaN NaN NaN NaN NaN NaN NaN NaN NaN; 0.0 0.0 0.0 0.0 0.0 0.0 0.0 0.0 0.0 0.0 0.0 0.0 0.0 0.0; 3.52 2.76 3.5 3.69 2.53 2.97 4.08 3.56 7.88 5.45 3.75 3.26 10.4 9.06; NaN NaN NaN NaN NaN NaN NaN NaN NaN NaN NaN NaN NaN NaN; 3.52 2.76 3.5 3.69 2.53 2.97 4.08 3.56 7.88 5.45 3.75 3.26 10.4 9.06; 11.08 10.93 12.26 12.81 8.41 11.5 15.29 15.38 26.67 17.58 11.76 12.72 38.12 32.48; NaN NaN NaN NaN NaN NaN NaN NaN NaN NaN NaN NaN NaN NaN; 11.08 10.93 12.26 12.81 8.41 11.5 15.29 15.38 26.67 17.58 11.76 12.72 38.12 32.48; 22.43 20.37 23.79 23.77 17.97 23.26 26.5 29.43 45.86 37.07 24.14 22.79 65.95 52.65; NaN NaN NaN NaN NaN NaN NaN NaN NaN NaN NaN NaN NaN NaN; 22.43 20.37 23.79 23.77 17.97 23.26 26.5 29.43 45.86 37.07 24.14 22.79 65.95 52.65; 34.68 30.96 38.21 36.78 25.58 36.43 36.49 43.58 58.28 51.92 36.92 33.06 80.73 68.64; NaN NaN NaN NaN NaN NaN NaN NaN NaN NaN NaN NaN NaN NaN; 34.68 30.96 38.21 36.78 25.58 36.43 36.49 43.58 58.28 51.92 36.92 33.06 80.73 68.64; 43.02 38.78 51.08 47.03 34.33 44.57 45.57 53.46 66.26 62.22 47.67 40.79 86.14 77.49; NaN NaN NaN NaN NaN NaN NaN NaN NaN NaN NaN NaN NaN NaN; 43.02 38.78 51.08 47.03 34.33 44.57 45.57 53.46 66.26 62.22 47.67 40.79 86.14 77.49; 47.72 44.65 60.87 54.41 40.9 49.1 50.76 59.88 70.71 67.17 54.26 47.2 89.3 82.28; NaN NaN NaN NaN NaN NaN NaN NaN NaN NaN NaN NaN NaN NaN; 47.72 44.65 60.87 54.41 40.9 49.1 50.76 59.88 70.71 67.17 54.26 47.2 89.3 82.28; 51.5 49.83 67.87 61.58 46.08 52.33 55.35 64.46 73.74 71.62 59.94 51.37 91.13 84.83; NaN NaN NaN NaN NaN NaN NaN NaN NaN NaN NaN NaN NaN NaN; 51.5 49.83 67.87 61.58 46.08 52.33 55.35 64.46 73.74 71.62 59.94 51.37 91.13 84.83; 55.8 54.89 73.02 67.73 50.69 55.3 59.12 67.11 76.87 73.54 63.89 54.53 92.56 86.66; NaN NaN NaN NaN NaN NaN NaN NaN NaN NaN NaN NaN NaN NaN; 55.8 54.89 73.02 67.73 50.69 55.3 59.12 67.11 76.87 73.54 63.89 54.53 92.56 86.66; 58.67 58.46 77.75 72.95 55.07 58.14 62.28 68.74 78.59 76.46 66.94 57.38 92.97 88.29; NaN NaN NaN NaN NaN NaN NaN NaN NaN NaN NaN NaN NaN NaN; 58.67 58.46 77.75 72.95 55.07 58.14 62.28 68.74 78.59 76.46 66.94 57.38 92.97 88.29; 61.54 62.26 81.26 77.36 57.95 60.34 64.22 70.57 80.51 78.99 69.37 59.72 93.27 89.71; NaN NaN NaN NaN NaN NaN NaN NaN NaN NaN NaN NaN NaN NaN; 61.54 62.26 81.26 77.36 57.95 60.34 64.22 70.57 80.51 78.99 69.37 59.72 93.27 89.71]
***** epoch: 2 ***** 
trn_loss: 0 
tst_loss: 0 
naive_trn_accuracy: 0 
naive_tst_accuracy: 0  
pck_val_accuracy: 0.557949769674769  
[0.0 0.0 0.0 0.0 0.0 0.0 0.0 0.0 0.0 0.0 0.0 0.0 0.0 0.0; NaN NaN NaN NaN NaN NaN NaN NaN NaN NaN NaN NaN NaN NaN; 0.0 0.0 0.0 0.0 0.0 0.0 0.0 0.0 0.0 0.0 0.0 0.0 0.0 0.0; 4.17 3.45 4.02 3.59 2.19 3.62 4.08 3.77 6.16 8.89 4.16 3.36 10.19 10.18; NaN NaN NaN NaN NaN NaN NaN NaN NaN NaN NaN NaN NaN NaN; 4.17 3.45 4.02 3.59 2.19 3.62 4.08 3.77 6.16 8.89 4.16 3.36 10.19 10.18; 14.08 14.38 13.9 13.01 10.02 12.92 16.82 16.29 25.05 24.75 13.89 12.21 37.21 36.25; NaN NaN NaN NaN NaN NaN NaN NaN NaN NaN NaN NaN NaN NaN; 14.08 14.38 13.9 13.01 10.02 12.92 16.82 16.29 25.05 24.75 13.89 12.21 37.21 36.25; 24.25 23.82 26.78 25.51 19.93 25.45 26.71 30.55 45.35 45.35 28.8 23.4 65.44 56.82; NaN NaN NaN NaN NaN NaN NaN NaN NaN NaN NaN NaN NaN NaN; 24.25 23.82 26.78 25.51 19.93 25.45 26.71 30.55 45.35 45.35 28.8 23.4 65.44 56.82; 36.25 35.9 41.81 39.24 30.07 36.3 35.47 45.21 58.89 58.28 41.78 33.27 79.2 72.2; NaN NaN NaN NaN NaN NaN NaN NaN NaN NaN NaN NaN NaN NaN; 36.25 35.9 41.81 39.24 30.07 36.3 35.47 45.21 58.89 58.28 41.78 33.27 79.2 72.2; 43.68 43.38 54.79 49.39 38.25 45.99 43.83 54.99 68.89 68.79 52.03 40.49 84.81 79.53; NaN NaN NaN NaN NaN NaN NaN NaN NaN NaN NaN NaN NaN NaN; 43.68 43.38 54.79 49.39 38.25 45.99 43.83 54.99 68.89 68.79 52.03 40.49 84.81 79.53; 48.63 48.1 64.57 57.99 44.24 50.9 50.56 62.32 74.04 73.74 58.92 46.19 88.18 83.3; NaN NaN NaN NaN NaN NaN NaN NaN NaN NaN NaN NaN NaN NaN; 48.63 48.1 64.57 57.99 44.24 50.9 50.56 62.32 74.04 73.74 58.92 46.19 88.18 83.3; 52.67 51.67 72.4 64.75 48.85 53.23 55.96 66.9 77.37 77.27 65.11 49.95 89.7 86.35; NaN NaN NaN NaN NaN NaN NaN NaN NaN NaN NaN NaN NaN NaN; 52.67 51.67 72.4 64.75 48.85 53.23 55.96 66.9 77.37 77.27 65.11 49.95 89.7 86.35; 55.67 56.62 77.34 71.93 53.23 55.94 59.53 70.88 80.51 79.6 69.27 54.22 91.34 88.19; NaN NaN NaN NaN NaN NaN NaN NaN NaN NaN NaN NaN NaN NaN; 55.67 56.62 77.34 71.93 53.23 55.94 59.53 70.88 80.51 79.6 69.27 54.22 91.34 88.19; 58.02 60.18 81.57 76.74 56.91 58.66 62.28 73.32 82.63 81.01 72.01 57.27 92.05 89.92; NaN NaN NaN NaN NaN NaN NaN NaN NaN NaN NaN NaN NaN NaN; 58.02 60.18 81.57 76.74 56.91 58.66 62.28 73.32 82.63 81.01 72.01 57.27 92.05 89.92; 60.76 63.06 84.65 80.02 59.22 60.72 64.42 75.15 84.24 82.63 74.34 60.22 92.66 90.73; NaN NaN NaN NaN NaN NaN NaN NaN NaN NaN NaN NaN NaN NaN; 60.76 63.06 84.65 80.02 59.22 60.72 64.42 75.15 84.24 82.63 74.34 60.22 92.66 90.73]
***** epoch: 3 ***** 
trn_loss: 0 
tst_loss: 0 
naive_trn_accuracy: 0 
naive_tst_accuracy: 0  
pck_val_accuracy: 0.5370054112554112  
[0.0 0.0 0.0 0.0 0.0 0.0 0.0 0.0 0.0 0.0 0.0 0.0 0.0 0.0; NaN NaN NaN NaN NaN NaN NaN NaN NaN NaN NaN NaN NaN NaN; 0.0 0.0 0.0 0.0 0.0 0.0 0.0 0.0 0.0 0.0 0.0 0.0 0.0 0.0; 3.26 3.34 3.09 2.77 3.0 2.97 3.87 3.56 7.17 6.67 4.06 2.95 10.91 8.86; NaN NaN NaN NaN NaN NaN NaN NaN NaN NaN NaN NaN NaN NaN; 3.26 3.34 3.09 2.77 3.0 2.97 3.87 3.56 7.17 6.67 4.06 2.95 10.91 8.86; 11.86 12.66 12.26 9.94 9.91 14.47 15.19 15.17 26.67 21.41 12.37 11.6 40.37 29.84; NaN NaN NaN NaN NaN NaN NaN NaN NaN NaN NaN NaN NaN NaN; 11.86 12.66 12.26 9.94 9.91 14.47 15.19 15.17 26.67 21.41 12.37 11.6 40.37 29.84; 22.82 21.75 22.35 22.64 19.01 24.42 24.77 29.53 45.76 43.33 26.67 23.7 66.26 49.19; NaN NaN NaN NaN NaN NaN NaN NaN NaN NaN NaN NaN NaN NaN; 22.82 21.75 22.35 22.64 19.01 24.42 24.77 29.53 45.76 43.33 26.67 23.7 66.26 49.19; 35.07 32.68 37.08 36.07 28.57 36.05 33.64 43.38 59.29 57.98 37.83 32.86 77.98 66.29; NaN NaN NaN NaN NaN NaN NaN NaN NaN NaN NaN NaN NaN NaN; 35.07 32.68 37.08 36.07 28.57 36.05 33.64 43.38 59.29 57.98 37.83 32.86 77.98 66.29; 42.89 40.51 51.18 45.7 36.52 44.19 41.79 53.36 67.88 66.87 48.28 39.17 85.02 75.97; NaN NaN NaN NaN NaN NaN NaN NaN NaN NaN NaN NaN NaN NaN; 42.89 40.51 51.18 45.7 36.52 44.19 41.79 53.36 67.88 66.87 48.28 39.17 85.02 75.97; 48.11 45.57 60.35 55.64 42.05 50.52 47.6 59.67 72.83 73.13 55.27 45.07 87.36 81.06; NaN NaN NaN NaN NaN NaN NaN NaN NaN NaN NaN NaN NaN NaN; 48.11 45.57 60.35 55.64 42.05 50.52 47.6 59.67 72.83 73.13 55.27 45.07 87.36 81.06; 52.28 51.44 69.31 61.99 46.43 53.75 52.8 64.66 75.45 76.16 61.97 49.14 88.89 84.42; NaN NaN NaN NaN NaN NaN NaN NaN NaN NaN NaN NaN NaN NaN; 52.28 51.44 69.31 61.99 46.43 53.75 52.8 64.66 75.45 76.16 61.97 49.14 88.89 84.42; 56.58 55.81 76.0 68.44 50.0 56.07 56.27 67.52 77.88 78.38 65.92 53.31 90.42 86.46; NaN NaN NaN NaN NaN NaN NaN NaN NaN NaN NaN NaN NaN NaN; 56.58 55.81 76.0 68.44 50.0 56.07 56.27 67.52 77.88 78.38 65.92 53.31 90.42 86.46; 60.37 59.15 80.33 73.36 53.57 58.79 58.92 69.65 79.8 80.1 69.78 55.75 91.13 88.09; NaN NaN NaN NaN NaN NaN NaN NaN NaN NaN NaN NaN NaN NaN; 60.37 59.15 80.33 73.36 53.57 58.79 58.92 69.65 79.8 80.1 69.78 55.75 91.13 88.09; 62.84 63.29 83.11 77.25 56.34 61.11 60.96 72.1 81.31 81.92 72.11 58.19 91.95 88.7; NaN NaN NaN NaN NaN NaN NaN NaN NaN NaN NaN NaN NaN NaN; 62.84 63.29 83.11 77.25 56.34 61.11 60.96 72.1 81.31 81.92 72.11 58.19 91.95 88.7]
***** epoch: 4 ***** 
trn_loss: 0 
tst_loss: 0 
naive_trn_accuracy: 0 
naive_tst_accuracy: 0  
pck_val_accuracy: 0.5050436424686433  
[0.0 0.0 0.0 0.0 0.0 0.0 0.0 0.0 0.0 0.0 0.0 0.0 0.0 0.0; NaN NaN NaN NaN NaN NaN NaN NaN NaN NaN NaN NaN NaN NaN; 0.0 0.0 0.0 0.0 0.0 0.0 0.0 0.0 0.0 0.0 0.0 0.0 0.0 0.0; 1.96 2.19 2.68 4.0 2.3 2.84 3.36 3.05 6.77 4.55 3.04 2.14 8.56 9.67; NaN NaN NaN NaN NaN NaN NaN NaN NaN NaN NaN NaN NaN NaN; 1.96 2.19 2.68 4.0 2.3 2.84 3.36 3.05 6.77 4.55 3.04 2.14 8.56 9.67; 10.04 9.67 10.81 13.01 8.29 9.95 11.21 12.63 21.92 17.37 11.66 9.66 31.7 34.83; NaN NaN NaN NaN NaN NaN NaN NaN NaN NaN NaN NaN NaN NaN; 10.04 9.67 10.81 13.01 8.29 9.95 11.21 12.63 21.92 17.37 11.66 9.66 31.7 34.83; 19.95 17.95 21.83 24.39 17.74 21.96 20.18 23.52 41.52 36.16 23.33 18.92 59.02 54.79; NaN NaN NaN NaN NaN NaN NaN NaN NaN NaN NaN NaN NaN NaN; 19.95 17.95 21.83 24.39 17.74 21.96 20.18 23.52 41.52 36.16 23.33 18.92 59.02 54.79; 31.68 29.0 34.71 37.4 27.65 33.98 28.85 38.19 55.86 52.02 34.69 28.38 75.23 70.47; NaN NaN NaN NaN NaN NaN NaN NaN NaN NaN NaN NaN NaN NaN; 31.68 29.0 34.71 37.4 27.65 33.98 28.85 38.19 55.86 52.02 34.69 28.38 75.23 70.47; 39.24 36.71 47.48 47.23 35.02 41.34 36.9 46.64 65.66 61.52 44.73 33.98 82.67 76.88; NaN NaN NaN NaN NaN NaN NaN NaN NaN NaN NaN NaN NaN NaN; 39.24 36.71 47.48 47.23 35.02 41.34 36.9 46.64 65.66 61.52 44.73 33.98 82.67 76.88; 45.37 42.92 58.19 57.48 41.36 47.67 43.53 53.97 71.52 68.38 52.33 40.08 86.75 82.28; NaN NaN NaN NaN NaN NaN NaN NaN NaN NaN NaN NaN NaN NaN; 45.37 42.92 58.19 57.48 41.36 47.67 43.53 53.97 71.52 68.38 52.33 40.08 86.75 82.28; 50.07 48.56 66.63 64.86 45.05 52.2 48.93 59.57 76.06 72.63 59.33 45.07 89.4 84.62; NaN NaN NaN NaN NaN NaN NaN NaN NaN NaN NaN NaN NaN NaN; 50.07 48.56 66.63 64.86 45.05 52.2 48.93 59.57 76.06 72.63 59.33 45.07 89.4 84.62; 54.89 54.32 72.09 70.9 51.04 56.07 52.09 65.27 78.08 74.55 63.59 49.34 90.72 86.56; NaN NaN NaN NaN NaN NaN NaN NaN NaN NaN NaN NaN NaN NaN; 54.89 54.32 72.09 70.9 51.04 56.07 52.09 65.27 78.08 74.55 63.59 49.34 90.72 86.56; 59.32 57.65 77.65 76.43 54.61 59.43 54.84 68.13 80.1 76.87 66.33 52.59 91.34 87.98; NaN NaN NaN NaN NaN NaN NaN NaN NaN NaN NaN NaN NaN NaN; 59.32 57.65 77.65 76.43 54.61 59.43 54.84 68.13 80.1 76.87 66.33 52.59 91.34 87.98; 61.8 60.3 81.05 79.2 57.95 61.24 57.39 70.57 81.92 78.99 68.76 55.85 92.05 88.59; NaN NaN NaN NaN NaN NaN NaN NaN NaN NaN NaN NaN NaN NaN; 61.8 60.3 81.05 79.2 57.95 61.24 57.39 70.57 81.92 78.99 68.76 55.85 92.05 88.59]
***** epoch: 5 ***** 
trn_loss: 0 
tst_loss: 0 
naive_trn_accuracy: 0 
naive_tst_accuracy: 0  
pck_val_accuracy: 0.45428508991009003  
[0.0 0.0 0.0 0.0 0.0 0.0 0.0 0.0 0.0 0.0 0.0 0.0 0.0 0.0; NaN NaN NaN NaN NaN NaN NaN NaN NaN NaN NaN NaN NaN NaN; 0.0 0.0 0.0 0.0 0.0 0.0 0.0 0.0 0.0 0.0 0.0 0.0 0.0 0.0; 3.39 1.84 3.71 2.56 1.73 3.23 1.73 3.56 6.16 4.44 1.72 1.73 9.79 8.45; NaN NaN NaN NaN NaN NaN NaN NaN NaN NaN NaN NaN NaN NaN; 3.39 1.84 3.71 2.56 1.73 3.23 1.73 3.56 6.16 4.44 1.72 1.73 9.79 8.45; 10.95 8.98 10.92 9.12 7.26 10.98 10.3 12.73 19.29 16.46 8.22 7.73 34.25 29.53; NaN NaN NaN NaN NaN NaN NaN NaN NaN NaN NaN NaN NaN NaN; 10.95 8.98 10.92 9.12 7.26 10.98 10.3 12.73 19.29 16.46 8.22 7.73 34.25 29.53; 19.43 17.61 20.6 18.03 14.06 21.32 17.53 21.69 36.67 32.42 17.75 14.14 56.98 47.25; NaN NaN NaN NaN NaN NaN NaN NaN NaN NaN NaN NaN NaN NaN; 19.43 17.61 20.6 18.03 14.06 21.32 17.53 21.69 36.67 32.42 17.75 14.14 56.98 47.25; 29.34 24.97 33.57 28.48 23.27 31.4 24.46 32.48 50.3 45.35 27.69 23.5 72.07 63.14; NaN NaN NaN NaN NaN NaN NaN NaN NaN NaN NaN NaN NaN NaN; 29.34 24.97 33.57 28.48 23.27 31.4 24.46 32.48 50.3 45.35 27.69 23.5 72.07 63.14; 38.46 32.68 45.93 38.32 29.72 38.24 34.15 41.55 58.59 52.93 36.41 28.89 79.61 71.89; NaN NaN NaN NaN NaN NaN NaN NaN NaN NaN NaN NaN NaN NaN; 38.46 32.68 45.93 38.32 29.72 38.24 34.15 41.55 58.59 52.93 36.41 28.89 79.61 71.89; 44.07 37.74 55.51 45.8 35.48 43.67 40.67 49.19 64.44 59.8 44.02 34.18 83.49 77.6; NaN NaN NaN NaN NaN NaN NaN NaN NaN NaN NaN NaN NaN NaN; 44.07 37.74 55.51 45.8 35.48 43.67 40.67 49.19 64.44 59.8 44.02 34.18 83.49 77.6; 48.89 43.73 62.82 53.59 40.44 47.55 45.36 55.5 68.48 64.04 49.19 38.15 86.34 80.86; NaN NaN NaN NaN NaN NaN NaN NaN NaN NaN NaN NaN NaN NaN; 48.89 43.73 62.82 53.59 40.44 47.55 45.36 55.5 68.48 64.04 49.19 38.15 86.34 80.86; 53.46 49.14 68.69 59.73 44.93 51.68 48.62 59.57 70.81 67.47 53.75 42.12 88.07 82.89; NaN NaN NaN NaN NaN NaN NaN NaN NaN NaN NaN NaN NaN NaN; 53.46 49.14 68.69 59.73 44.93 51.68 48.62 59.57 70.81 67.47 53.75 42.12 88.07 82.89; 56.84 53.39 73.22 65.27 49.42 54.26 52.7 61.91 73.64 70.4 56.8 45.68 88.79 84.83; NaN NaN NaN NaN NaN NaN NaN NaN NaN NaN NaN NaN NaN NaN; 56.84 53.39 73.22 65.27 49.42 54.26 52.7 61.91 73.64 70.4 56.8 45.68 88.79 84.83; 59.71 57.42 76.62 69.98 53.11 58.14 55.56 64.36 76.06 72.53 59.53 48.32 89.5 86.25; NaN NaN NaN NaN NaN NaN NaN NaN NaN NaN NaN NaN NaN NaN; 59.71 57.42 76.62 69.98 53.11 58.14 55.56 64.36 76.06 72.53 59.53 48.32 89.5 86.25]
***** epoch: 6 ***** 
trn_loss: 0 
tst_loss: 0 
naive_trn_accuracy: 0 
naive_tst_accuracy: 0  
pck_val_accuracy: 0.4409369408369417  
[0.0 0.0 0.0 0.0 0.0 0.0 0.0 0.0 0.0 0.0 0.0 0.0 0.0 0.0; NaN NaN NaN NaN NaN NaN NaN NaN NaN NaN NaN NaN NaN NaN; 0.0 0.0 0.0 0.0 0.0 0.0 0.0 0.0 0.0 0.0 0.0 0.0 0.0 0.0; 2.22 2.07 2.16 2.25 1.5 2.45 1.83 2.24 5.45 4.75 2.13 2.54 10.91 8.76; NaN NaN NaN NaN NaN NaN NaN NaN NaN NaN NaN NaN NaN NaN; 2.22 2.07 2.16 2.25 1.5 2.45 1.83 2.24 5.45 4.75 2.13 2.54 10.91 8.76; 10.04 6.9 9.06 10.14 6.8 10.72 8.15 9.67 18.18 15.05 9.13 7.83 36.6 30.45; NaN NaN NaN NaN NaN NaN NaN NaN NaN NaN NaN NaN NaN NaN; 10.04 6.9 9.06 10.14 6.8 10.72 8.15 9.67 18.18 15.05 9.13 7.83 36.6 30.45; 19.43 14.27 18.23 21.31 13.25 20.93 16.0 18.74 34.55 31.72 18.36 15.67 60.86 49.59; NaN NaN NaN NaN NaN NaN NaN NaN NaN NaN NaN NaN NaN NaN; 19.43 14.27 18.23 21.31 13.25 20.93 16.0 18.74 34.55 31.72 18.36 15.67 60.86 49.59; 28.16 20.48 30.59 31.45 20.51 30.49 23.24 29.84 46.26 41.82 28.7 26.04 73.29 63.85; NaN NaN NaN NaN NaN NaN NaN NaN NaN NaN NaN NaN NaN NaN; 28.16 20.48 30.59 31.45 20.51 30.49 23.24 29.84 46.26 41.82 28.7 26.04 73.29 63.85; 36.77 28.77 42.43 40.27 26.84 38.24 31.29 37.98 54.85 49.6 36.31 31.23 80.33 72.91; NaN NaN NaN NaN NaN NaN NaN NaN NaN NaN NaN NaN NaN NaN; 36.77 28.77 42.43 40.27 26.84 38.24 31.29 37.98 54.85 49.6 36.31 31.23 80.33 72.91; 42.76 35.9 52.73 48.26 33.18 42.76 38.43 45.82 60.61 56.36 43.91 36.01 84.3 77.6; NaN NaN NaN NaN NaN NaN NaN NaN NaN NaN NaN NaN NaN NaN; 42.76 35.9 52.73 48.26 33.18 42.76 38.43 45.82 60.61 56.36 43.91 36.01 84.3 77.6; 47.46 41.54 60.25 55.53 38.48 47.93 42.41 52.04 65.25 61.21 49.8 39.88 87.36 81.16; NaN NaN NaN NaN NaN NaN NaN NaN NaN NaN NaN NaN NaN NaN; 47.46 41.54 60.25 55.53 38.48 47.93 42.41 52.04 65.25 61.21 49.8 39.88 87.36 81.16; 51.5 46.49 66.74 62.19 43.32 52.58 46.38 56.82 68.38 64.44 54.16 43.54 88.18 82.79; NaN NaN NaN NaN NaN NaN NaN NaN NaN NaN NaN NaN NaN NaN; 51.5 46.49 66.74 62.19 43.32 52.58 46.38 56.82 68.38 64.44 54.16 43.54 88.18 82.79; 56.19 50.75 73.12 67.62 48.96 56.07 50.36 59.37 71.31 67.78 57.1 46.69 89.3 84.62; NaN NaN NaN NaN NaN NaN NaN NaN NaN NaN NaN NaN NaN NaN; 56.19 50.75 73.12 67.62 48.96 56.07 50.36 59.37 71.31 67.78 57.1 46.69 89.3 84.62; 58.8 53.62 76.11 71.52 51.5 58.66 53.11 61.91 74.55 71.11 60.85 49.54 89.91 85.85; NaN NaN NaN NaN NaN NaN NaN NaN NaN NaN NaN NaN NaN NaN; 58.8 53.62 76.11 71.52 51.5 58.66 53.11 61.91 74.55 71.11 60.85 49.54 89.91 85.85]
***** epoch: 7 ***** 
trn_loss: 0 
tst_loss: 0 
naive_trn_accuracy: 0 
naive_tst_accuracy: 0  
pck_val_accuracy: 0.4116918387168387  
[0.0 0.0 0.0 0.0 0.0 0.0 0.0 0.0 0.0 0.0 0.0 0.0 0.0 0.0; NaN NaN NaN NaN NaN NaN NaN NaN NaN NaN NaN NaN NaN NaN; 0.0 0.0 0.0 0.0 0.0 0.0 0.0 0.0 0.0 0.0 0.0 0.0 0.0 0.0; 2.35 1.15 2.16 2.77 1.04 2.33 1.63 2.04 3.03 5.25 1.62 1.32 6.83 7.54; NaN NaN NaN NaN NaN NaN NaN NaN NaN NaN NaN NaN NaN NaN; 2.35 1.15 2.16 2.77 1.04 2.33 1.63 2.04 3.03 5.25 1.62 1.32 6.83 7.54; 7.43 5.52 7.42 9.43 5.18 9.56 7.24 7.54 12.63 15.96 8.01 6.1 28.34 27.19; NaN NaN NaN NaN NaN NaN NaN NaN NaN NaN NaN NaN NaN NaN; 7.43 5.52 7.42 9.43 5.18 9.56 7.24 7.54 12.63 15.96 8.01 6.1 28.34 27.19; 15.65 12.54 15.24 19.57 11.75 18.35 14.17 15.07 26.57 32.53 17.04 13.73 54.23 45.52; NaN NaN NaN NaN NaN NaN NaN NaN NaN NaN NaN NaN NaN NaN; 15.65 12.54 15.24 19.57 11.75 18.35 14.17 15.07 26.57 32.53 17.04 13.73 54.23 45.52; 23.34 19.33 27.29 28.69 18.43 26.74 22.22 24.34 40.0 42.22 26.98 21.67 69.01 62.42; NaN NaN NaN NaN NaN NaN NaN NaN NaN NaN NaN NaN NaN NaN; 23.34 19.33 27.29 28.69 18.43 26.74 22.22 24.34 40.0 42.22 26.98 21.67 69.01 62.42; 33.64 25.78 38.11 36.58 24.77 33.46 29.05 32.89 51.82 49.6 34.28 26.65 78.39 71.79; NaN NaN NaN NaN NaN NaN NaN NaN NaN NaN NaN NaN NaN NaN; 33.64 25.78 38.11 36.58 24.77 33.46 29.05 32.89 51.82 49.6 34.28 26.65 78.39 71.79; 40.03 32.57 48.09 43.95 30.53 40.31 35.37 41.45 58.69 54.75 40.77 31.94 83.18 77.8; NaN NaN NaN NaN NaN NaN NaN NaN NaN NaN NaN NaN NaN NaN; 40.03 32.57 48.09 43.95 30.53 40.31 35.37 41.45 58.69 54.75 40.77 31.94 83.18 77.8; 45.5 39.24 57.16 50.51 35.6 44.06 39.76 48.27 64.34 60.0 46.15 36.42 85.73 80.65; NaN NaN NaN NaN NaN NaN NaN NaN NaN NaN NaN NaN NaN NaN; 45.5 39.24 57.16 50.51 35.6 44.06 39.76 48.27 64.34 60.0 46.15 36.42 85.73 80.65; 50.2 44.99 63.13 57.89 39.98 48.71 43.83 53.87 67.78 63.13 50.51 39.67 86.85 82.99; NaN NaN NaN NaN NaN NaN NaN NaN NaN NaN NaN NaN NaN NaN; 50.2 44.99 63.13 57.89 39.98 48.71 43.83 53.87 67.78 63.13 50.51 39.67 86.85 82.99; 53.32 49.37 69.21 62.81 44.93 51.29 48.22 56.62 71.92 65.96 53.65 43.03 88.18 85.03; NaN NaN NaN NaN NaN NaN NaN NaN NaN NaN NaN NaN NaN NaN; 53.32 49.37 69.21 62.81 44.93 51.29 48.22 56.62 71.92 65.96 53.65 43.03 88.18 85.03; 56.45 53.28 73.12 67.83 50.23 54.65 51.68 59.88 75.05 68.38 56.9 47.2 89.3 86.25; NaN NaN NaN NaN NaN NaN NaN NaN NaN NaN NaN NaN NaN NaN; 56.45 53.28 73.12 67.83 50.23 54.65 51.68 59.88 75.05 68.38 56.9 47.2 89.3 86.25]
***** epoch: 8 ***** 
trn_loss: 0 
tst_loss: 0 
naive_trn_accuracy: 0 
naive_tst_accuracy: 0  
pck_val_accuracy: 0.3964282717282721  
[0.0 0.0 0.0 0.0 0.0 0.0 0.0 0.0 0.0 0.0 0.0 0.0 0.0 0.0; NaN NaN NaN NaN NaN NaN NaN NaN NaN NaN NaN NaN NaN NaN; 0.0 0.0 0.0 0.0 0.0 0.0 0.0 0.0 0.0 0.0 0.0 0.0 0.0 0.0; 1.69 0.81 1.75 2.77 1.04 1.55 1.83 2.24 4.95 4.85 2.03 1.42 10.3 7.23; NaN NaN NaN NaN NaN NaN NaN NaN NaN NaN NaN NaN NaN NaN; 1.69 0.81 1.75 2.77 1.04 1.55 1.83 2.24 4.95 4.85 2.03 1.42 10.3 7.23; 8.47 5.64 6.59 10.25 5.99 9.04 7.34 7.74 14.04 13.84 6.8 5.8 35.37 27.19; NaN NaN NaN NaN NaN NaN NaN NaN NaN NaN NaN NaN NaN NaN; 8.47 5.64 6.59 10.25 5.99 9.04 7.34 7.74 14.04 13.84 6.8 5.8 35.37 27.19; 15.38 12.54 14.32 19.16 10.83 17.31 12.44 15.68 27.37 30.0 14.0 12.72 59.33 44.5; NaN NaN NaN NaN NaN NaN NaN NaN NaN NaN NaN NaN NaN NaN; 15.38 12.54 14.32 19.16 10.83 17.31 12.44 15.68 27.37 30.0 14.0 12.72 59.33 44.5; 23.6 20.48 25.64 27.87 17.17 26.36 20.18 24.75 39.19 40.2 24.14 19.63 69.93 58.55; NaN NaN NaN NaN NaN NaN NaN NaN NaN NaN NaN NaN NaN NaN; 23.6 20.48 25.64 27.87 17.17 26.36 20.18 24.75 39.19 40.2 24.14 19.63 69.93 58.55; 32.2 26.35 36.46 35.76 22.93 32.69 27.73 34.01 49.8 46.97 30.93 25.23 76.35 68.94; NaN NaN NaN NaN NaN NaN NaN NaN NaN NaN NaN NaN NaN NaN; 32.2 26.35 36.46 35.76 22.93 32.69 27.73 34.01 49.8 46.97 30.93 25.23 76.35 68.94; 38.59 33.03 46.65 42.42 29.03 38.63 33.13 40.84 55.76 53.23 38.13 29.91 79.31 74.85; NaN NaN NaN NaN NaN NaN NaN NaN NaN NaN NaN NaN NaN NaN; 38.59 33.03 46.65 42.42 29.03 38.63 33.13 40.84 55.76 53.23 38.13 29.91 79.31 74.85; 43.55 39.36 55.82 50.1 33.87 42.64 36.7 46.33 61.52 56.46 44.22 34.79 82.77 78.31; NaN NaN NaN NaN NaN NaN NaN NaN NaN NaN NaN NaN NaN NaN; 43.55 39.36 55.82 50.1 33.87 42.64 36.7 46.33 61.52 56.46 44.22 34.79 82.77 78.31; 47.59 43.5 61.89 57.58 38.02 47.93 40.06 50.2 65.45 60.81 48.78 38.56 85.02 81.16; NaN NaN NaN NaN NaN NaN NaN NaN NaN NaN NaN NaN NaN NaN; 47.59 43.5 61.89 57.58 38.02 47.93 40.06 50.2 65.45 60.81 48.78 38.56 85.02 81.16; 51.24 47.76 67.97 61.78 42.63 50.78 43.73 53.26 69.19 63.03 51.93 41.71 86.44 82.99; NaN NaN NaN NaN NaN NaN NaN NaN NaN NaN NaN NaN NaN NaN; 51.24 47.76 67.97 61.78 42.63 50.78 43.73 53.26 69.19 63.03 51.93 41.71 86.44 82.99; 54.37 50.52 71.88 66.5 47.12 54.26 47.09 56.21 71.92 66.16 54.46 45.78 87.56 84.52; NaN NaN NaN NaN NaN NaN NaN NaN NaN NaN NaN NaN NaN NaN; 54.37 50.52 71.88 66.5 47.12 54.26 47.09 56.21 71.92 66.16 54.46 45.78 87.56 84.52]
