***** epoch: 0 ***** 
trn_loss: 0 
tst_loss: 0 
naive_trn_accuracy: 0 
naive_tst_accuracy: 0  
pck_val_accuracy: 0.43071818459318545  
[0.0 0.0 0.0 0.0 0.0 0.0 0.0 0.0 0.0 0.0 0.0 0.0 0.0 0.0; NaN NaN NaN NaN NaN NaN NaN NaN NaN NaN NaN NaN NaN NaN; 0.0 0.0 0.0 0.0 0.0 0.0 0.0 0.0 0.0 0.0 0.0 0.0 0.0 0.0; 2.74 1.15 1.65 2.36 1.15 2.07 2.04 2.04 5.25 4.24 2.94 2.64 13.97 5.5; NaN NaN NaN NaN NaN NaN NaN NaN NaN NaN NaN NaN NaN NaN; 2.74 1.15 1.65 2.36 1.15 2.07 2.04 2.04 5.25 4.24 2.94 2.64 13.97 5.5; 11.21 4.72 7.72 8.2 5.76 11.89 8.66 8.45 17.07 19.49 9.74 9.66 43.63 24.03; NaN NaN NaN NaN NaN NaN NaN NaN NaN NaN NaN NaN NaN NaN; 11.21 4.72 7.72 8.2 5.76 11.89 8.66 8.45 17.07 19.49 9.74 9.66 43.63 24.03; 20.08 11.62 16.37 17.52 12.9 21.71 16.82 17.41 32.53 33.43 20.49 17.7 65.34 43.58; NaN NaN NaN NaN NaN NaN NaN NaN NaN NaN NaN NaN NaN NaN; 20.08 11.62 16.37 17.52 12.9 21.71 16.82 17.41 32.53 33.43 20.49 17.7 65.34 43.58; 28.55 20.02 25.54 27.36 18.32 31.01 24.87 27.8 45.86 45.15 29.01 24.62 76.66 59.57; NaN NaN NaN NaN NaN NaN NaN NaN NaN NaN NaN NaN NaN NaN; 28.55 20.02 25.54 27.36 18.32 31.01 24.87 27.8 45.86 45.15 29.01 24.62 76.66 59.57; 34.94 27.96 36.87 36.17 25.92 36.43 31.91 35.85 53.94 54.04 37.73 30.62 81.24 68.84; NaN NaN NaN NaN NaN NaN NaN NaN NaN NaN NaN NaN NaN NaN; 34.94 27.96 36.87 36.17 25.92 36.43 31.91 35.85 53.94 54.04 37.73 30.62 81.24 68.84; 39.5 34.41 47.99 43.44 31.68 42.51 37.0 43.08 59.7 57.98 44.52 34.59 85.12 75.76; NaN NaN NaN NaN NaN NaN NaN NaN NaN NaN NaN NaN NaN NaN; 39.5 34.41 47.99 43.44 31.68 42.51 37.0 43.08 59.7 57.98 44.52 34.59 85.12 75.76; 43.02 40.28 56.23 48.87 36.18 45.99 41.39 49.19 63.74 62.22 49.29 38.96 87.46 79.84; NaN NaN NaN NaN NaN NaN NaN NaN NaN NaN NaN NaN NaN NaN; 43.02 40.28 56.23 48.87 36.18 45.99 41.39 49.19 63.74 62.22 49.29 38.96 87.46 79.84; 46.68 45.8 63.54 55.33 41.24 48.45 45.87 53.16 66.06 65.45 53.04 43.13 89.19 82.28; NaN NaN NaN NaN NaN NaN NaN NaN NaN NaN NaN NaN NaN NaN; 46.68 45.8 63.54 55.33 41.24 48.45 45.87 53.16 66.06 65.45 53.04 43.13 89.19 82.28; 49.28 49.6 68.07 61.89 46.43 51.16 49.03 57.23 69.19 68.48 55.88 46.59 90.62 83.6; NaN NaN NaN NaN NaN NaN NaN NaN NaN NaN NaN NaN NaN NaN; 49.28 49.6 68.07 61.89 46.43 51.16 49.03 57.23 69.19 68.48 55.88 46.59 90.62 83.6; 52.93 52.01 72.5 67.83 50.69 53.88 52.91 59.67 72.22 70.51 58.01 49.85 91.13 85.64; NaN NaN NaN NaN NaN NaN NaN NaN NaN NaN NaN NaN NaN NaN; 52.93 52.01 72.5 67.83 50.69 53.88 52.91 59.67 72.22 70.51 58.01 49.85 91.13 85.64]
***** epoch: 1 ***** 
trn_loss: 0 
tst_loss: 0 
naive_trn_accuracy: 0 
naive_tst_accuracy: 0  
pck_val_accuracy: 0.3485515068265069  
[0.0 0.0 0.0 0.0 0.0 0.0 0.0 0.0 0.0 0.0 0.0 0.0 0.0 0.0; NaN NaN NaN NaN NaN NaN NaN NaN NaN NaN NaN NaN NaN NaN; 0.0 0.0 0.0 0.0 0.0 0.0 0.0 0.0 0.0 0.0 0.0 0.0 0.0 0.0; 0.91 0.58 0.51 2.36 0.81 1.68 0.92 1.53 3.23 3.23 1.42 1.53 8.26 5.6; NaN NaN NaN NaN NaN NaN NaN NaN NaN NaN NaN NaN NaN NaN; 0.91 0.58 0.51 2.36 0.81 1.68 0.92 1.53 3.23 3.23 1.42 1.53 8.26 5.6; 4.82 2.88 4.53 8.71 3.11 7.49 4.69 5.3 11.01 13.43 6.69 6.41 31.29 19.76; NaN NaN NaN NaN NaN NaN NaN NaN NaN NaN NaN NaN NaN NaN; 4.82 2.88 4.53 8.71 3.11 7.49 4.69 5.3 11.01 13.43 6.69 6.41 31.29 19.76; 13.17 6.56 9.47 15.88 7.03 17.05 9.48 11.2 23.23 25.96 13.69 12.61 54.54 35.44; NaN NaN NaN NaN NaN NaN NaN NaN NaN NaN NaN NaN NaN NaN; 13.17 6.56 9.47 15.88 7.03 17.05 9.48 11.2 23.23 25.96 13.69 12.61 54.54 35.44; 21.51 11.74 17.2 22.44 12.56 25.19 15.8 18.94 35.35 34.65 21.1 18.21 68.2 53.36; NaN NaN NaN NaN NaN NaN NaN NaN NaN NaN NaN NaN NaN NaN; 21.51 11.74 17.2 22.44 12.56 25.19 15.8 18.94 35.35 34.65 21.1 18.21 68.2 53.36; 28.42 16.34 26.57 28.89 18.32 31.65 21.2 27.29 46.36 41.11 29.61 22.58 75.54 62.83; NaN NaN NaN NaN NaN NaN NaN NaN NaN NaN NaN NaN NaN NaN; 28.42 16.34 26.57 28.89 18.32 31.65 21.2 27.29 46.36 41.11 29.61 22.58 75.54 62.83; 32.86 21.75 35.74 34.53 22.24 35.66 25.69 34.11 52.63 45.76 36.21 25.94 78.39 69.65; NaN NaN NaN NaN NaN NaN NaN NaN NaN NaN NaN NaN NaN NaN; 32.86 21.75 35.74 34.53 22.24 35.66 25.69 34.11 52.63 45.76 36.21 25.94 78.39 69.65; 37.03 27.96 43.77 39.96 26.61 39.02 29.46 40.73 57.47 51.21 41.08 29.7 81.24 74.24; NaN NaN NaN NaN NaN NaN NaN NaN NaN NaN NaN NaN NaN NaN; 37.03 27.96 43.77 39.96 26.61 39.02 29.46 40.73 57.47 51.21 41.08 29.7 81.24 74.24; 41.07 32.45 50.67 46.31 30.88 42.51 34.76 46.33 61.72 55.05 45.03 34.38 82.98 77.49; NaN NaN NaN NaN NaN NaN NaN NaN NaN NaN NaN NaN NaN NaN; 41.07 32.45 50.67 46.31 30.88 42.51 34.76 46.33 61.72 55.05 45.03 34.38 82.98 77.49; 44.46 36.94 56.75 52.25 35.6 45.35 38.02 49.49 66.16 58.48 48.99 38.66 84.91 79.23; NaN NaN NaN NaN NaN NaN NaN NaN NaN NaN NaN NaN NaN NaN; 44.46 36.94 56.75 52.25 35.6 45.35 38.02 49.49 66.16 58.48 48.99 38.66 84.91 79.23; 46.41 42.35 62.62 57.89 39.4 48.06 41.9 53.36 68.89 60.61 52.13 41.51 86.14 81.77; NaN NaN NaN NaN NaN NaN NaN NaN NaN NaN NaN NaN NaN NaN; 46.41 42.35 62.62 57.89 39.4 48.06 41.9 53.36 68.89 60.61 52.13 41.51 86.14 81.77]
***** epoch: 2 ***** 
trn_loss: 0 
tst_loss: 0 
naive_trn_accuracy: 0 
naive_tst_accuracy: 0  
pck_val_accuracy: 0.2945817848817851  
[0.0 0.0 0.0 0.0 0.0 0.0 0.0 0.0 0.0 0.0 0.0 0.0 0.0 0.0; NaN NaN NaN NaN NaN NaN NaN NaN NaN NaN NaN NaN NaN NaN; 0.0 0.0 0.0 0.0 0.0 0.0 0.0 0.0 0.0 0.0 0.0 0.0 0.0 0.0; 0.39 0.35 0.62 1.33 0.69 1.16 0.82 1.12 2.83 3.43 1.72 1.02 7.14 3.97; NaN NaN NaN NaN NaN NaN NaN NaN NaN NaN NaN NaN NaN NaN; 0.39 0.35 0.62 1.33 0.69 1.16 0.82 1.12 2.83 3.43 1.72 1.02 7.14 3.97; 3.0 1.84 2.37 4.82 2.42 5.17 3.36 5.19 9.9 11.82 5.27 4.37 27.62 16.29; NaN NaN NaN NaN NaN NaN NaN NaN NaN NaN NaN NaN NaN NaN; 3.0 1.84 2.37 4.82 2.42 5.17 3.36 5.19 9.9 11.82 5.27 4.37 27.62 16.29; 9.0 4.6 6.39 10.04 4.72 11.37 7.54 9.57 20.61 23.74 10.95 8.55 50.36 31.67; NaN NaN NaN NaN NaN NaN NaN NaN NaN NaN NaN NaN NaN NaN; 9.0 4.6 6.39 10.04 4.72 11.37 7.54 9.57 20.61 23.74 10.95 8.55 50.36 31.67; 14.73 7.71 11.95 16.8 6.68 17.7 12.64 15.58 30.91 33.13 19.07 13.22 63.3 46.33; NaN NaN NaN NaN NaN NaN NaN NaN NaN NaN NaN NaN NaN NaN; 14.73 7.71 11.95 16.8 6.68 17.7 12.64 15.58 30.91 33.13 19.07 13.22 63.3 46.33; 20.86 11.85 17.92 23.98 9.79 22.87 17.94 22.61 41.62 38.99 26.67 16.99 70.44 56.31; NaN NaN NaN NaN NaN NaN NaN NaN NaN NaN NaN NaN NaN NaN; 20.86 11.85 17.92 23.98 9.79 22.87 17.94 22.61 41.62 38.99 26.67 16.99 70.44 56.31; 26.6 15.65 24.82 30.43 13.48 28.17 21.51 29.23 48.99 42.93 32.56 21.97 75.03 64.46; NaN NaN NaN NaN NaN NaN NaN NaN NaN NaN NaN NaN NaN NaN; 26.6 15.65 24.82 30.43 13.48 28.17 21.51 29.23 48.99 42.93 32.56 21.97 75.03 64.46; 30.64 20.25 32.75 35.55 16.94 30.88 25.48 36.46 54.65 48.38 38.03 26.35 77.68 68.84; NaN NaN NaN NaN NaN NaN NaN NaN NaN NaN NaN NaN NaN NaN; 30.64 20.25 32.75 35.55 16.94 30.88 25.48 36.46 54.65 48.38 38.03 26.35 77.68 68.84; 34.03 22.44 39.86 40.88 20.85 34.5 30.07 42.36 59.8 52.93 41.58 30.11 79.41 72.3; NaN NaN NaN NaN NaN NaN NaN NaN NaN NaN NaN NaN NaN NaN; 34.03 22.44 39.86 40.88 20.85 34.5 30.07 42.36 59.8 52.93 41.58 30.11 79.41 72.3; 37.68 27.04 45.93 44.88 24.77 36.95 33.64 46.44 63.13 57.88 46.04 33.88 82.67 74.64; NaN NaN NaN NaN NaN NaN NaN NaN NaN NaN NaN NaN NaN NaN; 37.68 27.04 45.93 44.88 24.77 36.95 33.64 46.44 63.13 57.88 46.04 33.88 82.67 74.64; 40.16 30.96 52.52 50.82 28.69 40.44 37.51 50.31 67.07 60.91 49.19 37.44 83.89 77.29; NaN NaN NaN NaN NaN NaN NaN NaN NaN NaN NaN NaN NaN NaN; 40.16 30.96 52.52 50.82 28.69 40.44 37.51 50.31 67.07 60.91 49.19 37.44 83.89 77.29]
***** epoch: 0 ***** 
trn_loss: 0 
tst_loss: 0 
naive_trn_accuracy: 0 
naive_tst_accuracy: 0  
pck_val_accuracy: 0.4531499139749148  
[0.0 0.0 0.0 0.0 0.0 0.0 0.0 0.0 0.0 0.0 0.0 0.0 0.0 0.0; NaN NaN NaN NaN NaN NaN NaN NaN NaN NaN NaN NaN NaN NaN; 0.0 0.0 0.0 0.0 0.0 0.0 0.0 0.0 0.0 0.0 0.0 0.0 0.0 0.0; 2.22 2.3 2.37 2.46 3.34 2.84 1.63 3.36 6.57 2.73 2.74 2.64 9.28 7.64; NaN NaN NaN NaN NaN NaN NaN NaN NaN NaN NaN NaN NaN NaN; 2.22 2.3 2.37 2.46 3.34 2.84 1.63 3.36 6.57 2.73 2.74 2.64 9.28 7.64; 11.34 8.29 8.44 9.73 7.72 11.76 8.97 10.49 18.48 12.73 9.63 9.26 33.64 28.92; NaN NaN NaN NaN NaN NaN NaN NaN NaN NaN NaN NaN NaN NaN; 11.34 8.29 8.44 9.73 7.72 11.76 8.97 10.49 18.48 12.73 9.63 9.26 33.64 28.92; 21.25 15.54 18.13 18.85 15.9 25.32 18.55 20.88 33.64 25.35 19.68 18.11 58.72 46.23; NaN NaN NaN NaN NaN NaN NaN NaN NaN NaN NaN NaN NaN NaN; 21.25 15.54 18.13 18.85 15.9 25.32 18.55 20.88 33.64 25.35 19.68 18.11 58.72 46.23; 30.64 25.55 27.5 27.46 22.47 37.47 27.93 31.16 46.57 37.37 30.43 26.96 73.8 61.3; NaN NaN NaN NaN NaN NaN NaN NaN NaN NaN NaN NaN NaN NaN; 30.64 25.55 27.5 27.46 22.47 37.47 27.93 31.16 46.57 37.37 30.43 26.96 73.8 61.3; 38.07 32.91 37.28 37.6 30.3 43.41 35.17 41.34 55.35 46.36 38.74 33.98 81.75 71.28; NaN NaN NaN NaN NaN NaN NaN NaN NaN NaN NaN NaN NaN NaN; 38.07 32.91 37.28 37.6 30.3 43.41 35.17 41.34 55.35 46.36 38.74 33.98 81.75 71.28; 45.11 39.24 48.92 45.7 36.29 47.16 41.18 47.76 60.81 54.44 45.13 38.76 87.16 79.12; NaN NaN NaN NaN NaN NaN NaN NaN NaN NaN NaN NaN NaN NaN; 45.11 39.24 48.92 45.7 36.29 47.16 41.18 47.76 60.81 54.44 45.13 38.76 87.16 79.12; 48.89 44.07 58.5 53.18 41.94 49.74 44.75 54.18 64.34 58.99 50.2 43.23 88.69 82.79; NaN NaN NaN NaN NaN NaN NaN NaN NaN NaN NaN NaN NaN NaN; 48.89 44.07 58.5 53.18 41.94 49.74 44.75 54.18 64.34 58.99 50.2 43.23 88.69 82.79; 51.89 48.79 66.63 59.73 46.2 53.36 48.93 56.72 67.98 62.83 54.06 46.39 89.4 85.23; NaN NaN NaN NaN NaN NaN NaN NaN NaN NaN NaN NaN NaN NaN; 51.89 48.79 66.63 59.73 46.2 53.36 48.93 56.72 67.98 62.83 54.06 46.39 89.4 85.23; 54.11 52.13 72.71 66.29 49.65 56.46 52.5 59.47 70.3 66.67 57.0 50.86 90.93 86.97; NaN NaN NaN NaN NaN NaN NaN NaN NaN NaN NaN NaN NaN NaN; 54.11 52.13 72.71 66.29 49.65 56.46 52.5 59.47 70.3 66.67 57.0 50.86 90.93 86.97; 57.11 55.47 76.62 71.11 52.42 58.79 55.76 61.71 73.74 69.39 60.34 53.41 91.95 88.9; NaN NaN NaN NaN NaN NaN NaN NaN NaN NaN NaN NaN NaN NaN; 57.11 55.47 76.62 71.11 52.42 58.79 55.76 61.71 73.74 69.39 60.34 53.41 91.95 88.9]
***** epoch: 1 ***** 
trn_loss: 0 
tst_loss: 0 
naive_trn_accuracy: 0 
naive_tst_accuracy: 0  
pck_val_accuracy: 0.5142198773448776  
[0.0 0.0 0.0 0.0 0.0 0.0 0.0 0.0 0.0 0.0 0.0 0.0 0.0 0.0; NaN NaN NaN NaN NaN NaN NaN NaN NaN NaN NaN NaN NaN NaN; 0.0 0.0 0.0 0.0 0.0 0.0 0.0 0.0 0.0 0.0 0.0 0.0 0.0 0.0; 2.22 2.42 2.37 3.38 2.07 2.84 2.14 3.67 7.37 5.35 2.64 3.87 9.68 9.67; NaN NaN NaN NaN NaN NaN NaN NaN NaN NaN NaN NaN NaN NaN; 2.22 2.42 2.37 3.38 2.07 2.84 2.14 3.67 7.37 5.35 2.64 3.87 9.68 9.67; 12.26 10.59 9.58 12.3 10.02 14.21 11.62 14.87 25.25 20.51 11.87 11.39 35.88 30.04; NaN NaN NaN NaN NaN NaN NaN NaN NaN NaN NaN NaN NaN NaN; 12.26 10.59 9.58 12.3 10.02 14.21 11.62 14.87 25.25 20.51 11.87 11.39 35.88 30.04; 23.47 20.94 19.05 22.95 18.66 27.91 21.81 27.09 44.24 38.99 24.75 22.38 63.81 48.57; NaN NaN NaN NaN NaN NaN NaN NaN NaN NaN NaN NaN NaN NaN; 23.47 20.94 19.05 22.95 18.66 27.91 21.81 27.09 44.24 38.99 24.75 22.38 63.81 48.57; 34.68 30.72 31.0 32.99 27.07 38.11 31.29 37.47 56.36 52.02 35.29 31.64 80.63 64.46; NaN NaN NaN NaN NaN NaN NaN NaN NaN NaN NaN NaN NaN NaN; 34.68 30.72 31.0 32.99 27.07 38.11 31.29 37.47 56.36 52.02 35.29 31.64 80.63 64.46; 41.98 38.43 43.67 44.16 35.71 45.22 40.27 48.57 64.24 61.92 46.75 37.95 86.03 74.03; NaN NaN NaN NaN NaN NaN NaN NaN NaN NaN NaN NaN NaN NaN; 41.98 38.43 43.67 44.16 35.71 45.22 40.27 48.57 64.24 61.92 46.75 37.95 86.03 74.03; 47.07 44.76 56.02 52.56 41.47 49.35 45.77 55.91 69.49 68.69 53.65 44.25 89.6 80.86; NaN NaN NaN NaN NaN NaN NaN NaN NaN NaN NaN NaN NaN NaN; 47.07 44.76 56.02 52.56 41.47 49.35 45.77 55.91 69.49 68.69 53.65 44.25 89.6 80.86; 51.89 49.25 65.5 58.91 46.43 53.23 49.24 62.02 73.23 72.63 59.33 48.52 91.03 84.11; NaN NaN NaN NaN NaN NaN NaN NaN NaN NaN NaN NaN NaN NaN; 51.89 49.25 65.5 58.91 46.43 53.23 49.24 62.02 73.23 72.63 59.33 48.52 91.03 84.11; 54.11 54.2 73.64 65.57 50.92 55.94 53.82 65.48 75.66 76.06 63.08 52.09 92.25 86.35; NaN NaN NaN NaN NaN NaN NaN NaN NaN NaN NaN NaN NaN NaN; 54.11 54.2 73.64 65.57 50.92 55.94 53.82 65.48 75.66 76.06 63.08 52.09 92.25 86.35; 56.32 58.0 76.93 70.49 54.49 58.79 56.27 68.33 78.18 78.99 65.92 55.44 92.66 87.17; NaN NaN NaN NaN NaN NaN NaN NaN NaN NaN NaN NaN NaN NaN; 56.32 58.0 76.93 70.49 54.49 58.79 56.27 68.33 78.18 78.99 65.92 55.44 92.66 87.17; 59.32 62.03 81.67 75.72 58.06 61.5 58.31 70.67 80.51 80.71 67.85 57.68 93.48 89.1; NaN NaN NaN NaN NaN NaN NaN NaN NaN NaN NaN NaN NaN NaN; 59.32 62.03 81.67 75.72 58.06 61.5 58.31 70.67 80.51 80.71 67.85 57.68 93.48 89.1]
***** epoch: 2 ***** 
trn_loss: 0 
tst_loss: 0 
naive_trn_accuracy: 0 
naive_tst_accuracy: 0  
pck_val_accuracy: 0.5149369602619605  
[0.0 0.0 0.0 0.0 0.0 0.0 0.0 0.0 0.0 0.0 0.0 0.0 0.0 0.0; NaN NaN NaN NaN NaN NaN NaN NaN NaN NaN NaN NaN NaN NaN; 0.0 0.0 0.0 0.0 0.0 0.0 0.0 0.0 0.0 0.0 0.0 0.0 0.0 0.0; 2.87 3.34 2.68 1.84 1.38 2.45 2.45 4.79 6.26 5.25 3.55 3.46 9.79 10.39; NaN NaN NaN NaN NaN NaN NaN NaN NaN NaN NaN NaN NaN NaN; 2.87 3.34 2.68 1.84 1.38 2.45 2.45 4.79 6.26 5.25 3.55 3.46 9.79 10.39; 11.86 11.62 10.09 10.04 7.83 13.82 12.84 14.36 24.85 19.9 13.18 13.43 33.74 34.22; NaN NaN NaN NaN NaN NaN NaN NaN NaN NaN NaN NaN NaN NaN; 11.86 11.62 10.09 10.04 7.83 13.82 12.84 14.36 24.85 19.9 13.18 13.43 33.74 34.22; 23.34 21.52 21.22 22.44 16.71 24.81 23.04 26.78 45.35 38.99 25.86 22.89 61.47 53.56; NaN NaN NaN NaN NaN NaN NaN NaN NaN NaN NaN NaN NaN NaN; 23.34 21.52 21.22 22.44 16.71 24.81 23.04 26.78 45.35 38.99 25.86 22.89 61.47 53.56; 34.68 30.84 33.68 32.38 26.73 35.79 31.8 39.51 57.58 52.32 37.63 32.66 79.51 68.94; NaN NaN NaN NaN NaN NaN NaN NaN NaN NaN NaN NaN NaN NaN; 34.68 30.84 33.68 32.38 26.73 35.79 31.8 39.51 57.58 52.32 37.63 32.66 79.51 68.94; 40.94 38.67 44.49 41.5 33.76 41.99 40.77 50.2 65.56 61.21 46.86 38.15 85.93 76.68; NaN NaN NaN NaN NaN NaN NaN NaN NaN NaN NaN NaN NaN NaN; 40.94 38.67 44.49 41.5 33.76 41.99 40.77 50.2 65.56 61.21 46.86 38.15 85.93 76.68; 45.5 43.84 53.04 49.69 40.32 47.16 46.38 56.11 70.4 67.17 54.06 44.25 88.89 81.57; NaN NaN NaN NaN NaN NaN NaN NaN NaN NaN NaN NaN NaN NaN; 45.5 43.84 53.04 49.69 40.32 47.16 46.38 56.11 70.4 67.17 54.06 44.25 88.89 81.57; 50.33 49.14 62.72 56.45 45.97 51.55 50.36 61.41 73.13 71.11 58.72 48.83 90.01 83.91; NaN NaN NaN NaN NaN NaN NaN NaN NaN NaN NaN NaN NaN NaN; 50.33 49.14 62.72 56.45 45.97 51.55 50.36 61.41 73.13 71.11 58.72 48.83 90.01 83.91; 53.46 52.93 70.96 63.42 50.23 53.75 54.64 64.26 75.76 75.05 61.87 52.7 91.03 86.66; NaN NaN NaN NaN NaN NaN NaN NaN NaN NaN NaN NaN NaN NaN; 53.46 52.93 70.96 63.42 50.23 53.75 54.64 64.26 75.76 75.05 61.87 52.7 91.03 86.66; 55.93 56.85 74.87 68.34 52.65 56.59 56.78 65.78 77.47 77.58 64.5 55.95 91.74 87.47; NaN NaN NaN NaN NaN NaN NaN NaN NaN NaN NaN NaN NaN NaN; 55.93 56.85 74.87 68.34 52.65 56.59 56.78 65.78 77.47 77.58 64.5 55.95 91.74 87.47; 57.63 60.3 78.37 72.95 57.49 58.53 59.02 68.33 79.7 79.19 67.85 58.39 92.56 88.7; NaN NaN NaN NaN NaN NaN NaN NaN NaN NaN NaN NaN NaN NaN; 57.63 60.3 78.37 72.95 57.49 58.53 59.02 68.33 79.7 79.19 67.85 58.39 92.56 88.7]
***** epoch: 3 ***** 
trn_loss: 0 
tst_loss: 0 
naive_trn_accuracy: 0 
naive_tst_accuracy: 0  
pck_val_accuracy: 0.5054692807192811  
[0.0 0.0 0.0 0.0 0.0 0.0 0.0 0.0 0.0 0.0 0.0 0.0 0.0 0.0; NaN NaN NaN NaN NaN NaN NaN NaN NaN NaN NaN NaN NaN NaN; 0.0 0.0 0.0 0.0 0.0 0.0 0.0 0.0 0.0 0.0 0.0 0.0 0.0 0.0; 1.56 2.99 2.68 2.46 1.96 2.58 2.65 3.56 6.06 6.46 4.06 2.75 10.19 8.15; NaN NaN NaN NaN NaN NaN NaN NaN NaN NaN NaN NaN NaN NaN; 1.56 2.99 2.68 2.46 1.96 2.58 2.65 3.56 6.06 6.46 4.06 2.75 10.19 8.15; 11.47 8.86 10.61 9.63 6.91 12.53 13.25 12.63 22.32 22.83 14.3 12.41 36.7 29.02; NaN NaN NaN NaN NaN NaN NaN NaN NaN NaN NaN NaN NaN NaN; 11.47 8.86 10.61 9.63 6.91 12.53 13.25 12.63 22.32 22.83 14.3 12.41 36.7 29.02; 22.16 19.79 20.39 20.39 15.32 24.68 24.46 26.58 42.32 40.81 28.8 22.08 63.71 48.27; NaN NaN NaN NaN NaN NaN NaN NaN NaN NaN NaN NaN NaN NaN; 22.16 19.79 20.39 20.39 15.32 24.68 24.46 26.58 42.32 40.81 28.8 22.08 63.71 48.27; 33.77 29.8 34.19 30.23 24.19 35.53 31.6 39.71 55.76 53.84 38.24 30.72 78.39 62.73; NaN NaN NaN NaN NaN NaN NaN NaN NaN NaN NaN NaN NaN NaN; 33.77 29.8 34.19 30.23 24.19 35.53 31.6 39.71 55.76 53.84 38.24 30.72 78.39 62.73; 40.68 36.94 44.49 40.88 30.76 42.12 40.57 49.8 64.14 62.32 48.28 36.83 84.2 71.69; NaN NaN NaN NaN NaN NaN NaN NaN NaN NaN NaN NaN NaN NaN; 40.68 36.94 44.49 40.88 30.76 42.12 40.57 49.8 64.14 62.32 48.28 36.83 84.2 71.69; 45.76 41.66 52.01 50.72 37.33 47.93 45.97 56.01 68.38 69.19 54.97 42.32 86.54 77.7; NaN NaN NaN NaN NaN NaN NaN NaN NaN NaN NaN NaN NaN NaN; 45.76 41.66 52.01 50.72 37.33 47.93 45.97 56.01 68.38 69.19 54.97 42.32 86.54 77.7; 49.28 47.07 60.56 57.79 41.36 51.42 48.73 61.1 70.91 72.93 59.33 46.69 88.38 80.65; NaN NaN NaN NaN NaN NaN NaN NaN NaN NaN NaN NaN NaN NaN; 49.28 47.07 60.56 57.79 41.36 51.42 48.73 61.1 70.91 72.93 59.33 46.69 88.38 80.65; 52.28 50.29 67.25 65.57 45.28 53.49 52.19 63.95 73.03 75.56 62.98 49.85 89.4 83.91; NaN NaN NaN NaN NaN NaN NaN NaN NaN NaN NaN NaN NaN NaN; 52.28 50.29 67.25 65.57 45.28 53.49 52.19 63.95 73.03 75.56 62.98 49.85 89.4 83.91; 54.76 54.43 71.78 69.26 48.73 55.81 55.56 66.29 75.35 77.17 67.04 53.71 90.42 85.64; NaN NaN NaN NaN NaN NaN NaN NaN NaN NaN NaN NaN NaN NaN; 54.76 54.43 71.78 69.26 48.73 55.81 55.56 66.29 75.35 77.17 67.04 53.71 90.42 85.64; 57.5 58.57 75.59 73.77 53.23 57.62 57.59 68.43 77.68 78.79 68.56 57.38 91.64 87.07; NaN NaN NaN NaN NaN NaN NaN NaN NaN NaN NaN NaN NaN NaN; 57.5 58.57 75.59 73.77 53.23 57.62 57.59 68.43 77.68 78.79 68.56 57.38 91.64 87.07]
***** epoch: 4 ***** 
trn_loss: 0 
tst_loss: 0 
naive_trn_accuracy: 0 
naive_tst_accuracy: 0  
pck_val_accuracy: 0.48034008769008857  
[0.0 0.0 0.0 0.0 0.0 0.0 0.0 0.0 0.0 0.0 0.0 0.0 0.0 0.0; NaN NaN NaN NaN NaN NaN NaN NaN NaN NaN NaN NaN NaN NaN; 0.0 0.0 0.0 0.0 0.0 0.0 0.0 0.0 0.0 0.0 0.0 0.0 0.0 0.0; 2.09 2.07 1.75 1.84 1.73 1.94 2.75 3.05 5.56 5.66 3.14 2.14 7.54 6.92; NaN NaN NaN NaN NaN NaN NaN NaN NaN NaN NaN NaN NaN NaN; 2.09 2.07 1.75 1.84 1.73 1.94 2.75 3.05 5.56 5.66 3.14 2.14 7.54 6.92; 9.78 7.71 9.06 7.99 6.91 10.59 11.01 12.73 21.41 19.39 12.37 10.27 27.42 26.78; NaN NaN NaN NaN NaN NaN NaN NaN NaN NaN NaN NaN NaN NaN; 9.78 7.71 9.06 7.99 6.91 10.59 11.01 12.73 21.41 19.39 12.37 10.27 27.42 26.78; 19.43 15.88 17.2 17.73 15.78 21.96 21.0 24.13 39.8 36.46 24.34 19.33 56.27 46.74; NaN NaN NaN NaN NaN NaN NaN NaN NaN NaN NaN NaN NaN NaN; 19.43 15.88 17.2 17.73 15.78 21.96 21.0 24.13 39.8 36.46 24.34 19.33 56.27 46.74; 29.6 25.2 28.01 27.97 23.04 32.95 28.95 34.93 52.22 50.4 34.18 28.08 74.72 62.73; NaN NaN NaN NaN NaN NaN NaN NaN NaN NaN NaN NaN NaN NaN; 29.6 25.2 28.01 27.97 23.04 32.95 28.95 34.93 52.22 50.4 34.18 28.08 74.72 62.73; 37.16 35.33 40.89 37.3 30.65 40.31 36.9 45.72 61.82 59.9 44.42 34.38 82.16 72.3; NaN NaN NaN NaN NaN NaN NaN NaN NaN NaN NaN NaN NaN NaN; 37.16 35.33 40.89 37.3 30.65 40.31 36.9 45.72 61.82 59.9 44.42 34.38 82.16 72.3; 42.5 40.74 51.7 46.82 37.21 45.22 44.04 52.04 68.28 66.36 52.13 39.06 85.42 77.7; NaN NaN NaN NaN NaN NaN NaN NaN NaN NaN NaN NaN NaN NaN; 42.5 40.74 51.7 46.82 37.21 45.22 44.04 52.04 68.28 66.36 52.13 39.06 85.42 77.7; 45.76 44.76 60.25 53.59 41.59 49.74 48.73 57.54 72.02 69.8 56.69 43.54 87.77 80.86; NaN NaN NaN NaN NaN NaN NaN NaN NaN NaN NaN NaN NaN NaN; 45.76 44.76 60.25 53.59 41.59 49.74 48.73 57.54 72.02 69.8 56.69 43.54 87.77 80.86; 49.67 48.56 66.22 60.96 46.2 52.33 53.62 61.81 74.55 73.13 60.75 47.2 88.99 82.99; NaN NaN NaN NaN NaN NaN NaN NaN NaN NaN NaN NaN NaN NaN; 49.67 48.56 66.22 60.96 46.2 52.33 53.62 61.81 74.55 73.13 60.75 47.2 88.99 82.99; 53.19 52.36 71.16 66.91 50.35 54.78 55.56 64.15 76.67 75.66 64.3 51.17 90.62 84.83; NaN NaN NaN NaN NaN NaN NaN NaN NaN NaN NaN NaN NaN NaN; 53.19 52.36 71.16 66.91 50.35 54.78 55.56 64.15 76.67 75.66 64.3 51.17 90.62 84.83; 55.41 56.04 75.08 71.0 54.26 57.24 57.39 67.01 78.89 78.38 67.24 55.75 91.85 85.95; NaN NaN NaN NaN NaN NaN NaN NaN NaN NaN NaN NaN NaN NaN; 55.41 56.04 75.08 71.0 54.26 57.24 57.39 67.01 78.89 78.38 67.24 55.75 91.85 85.95]
***** epoch: 5 ***** 
trn_loss: 0 
tst_loss: 0 
naive_trn_accuracy: 0 
naive_tst_accuracy: 0  
pck_val_accuracy: 0.44251530414030527  
[0.0 0.0 0.0 0.0 0.0 0.0 0.0 0.0 0.0 0.0 0.0 0.0 0.0 0.0; NaN NaN NaN NaN NaN NaN NaN NaN NaN NaN NaN NaN NaN NaN; 0.0 0.0 0.0 0.0 0.0 0.0 0.0 0.0 0.0 0.0 0.0 0.0 0.0 0.0; 2.09 1.38 2.16 1.23 2.76 2.07 2.55 2.55 5.45 4.44 2.94 1.32 8.26 9.27; NaN NaN NaN NaN NaN NaN NaN NaN NaN NaN NaN NaN NaN NaN; 2.09 1.38 2.16 1.23 2.76 2.07 2.55 2.55 5.45 4.44 2.94 1.32 8.26 9.27; 10.56 6.67 8.44 8.3 6.34 10.72 9.17 9.78 20.3 16.77 11.26 7.53 31.91 29.94; NaN NaN NaN NaN NaN NaN NaN NaN NaN NaN NaN NaN NaN NaN; 10.56 6.67 8.44 8.3 6.34 10.72 9.17 9.78 20.3 16.77 11.26 7.53 31.91 29.94; 19.56 13.92 16.37 17.42 13.48 21.32 17.64 18.94 37.17 30.61 20.49 17.4 58.41 46.33; NaN NaN NaN NaN NaN NaN NaN NaN NaN NaN NaN NaN NaN NaN; 19.56 13.92 16.37 17.42 13.48 21.32 17.64 18.94 37.17 30.61 20.49 17.4 58.41 46.33; 29.6 23.71 27.81 27.05 20.28 32.17 25.99 28.92 49.39 41.21 30.43 24.11 73.29 61.41; NaN NaN NaN NaN NaN NaN NaN NaN NaN NaN NaN NaN NaN NaN; 29.6 23.71 27.81 27.05 20.28 32.17 25.99 28.92 49.39 41.21 30.43 24.11 73.29 61.41; 36.64 31.99 39.13 35.55 26.96 38.11 33.03 41.04 57.17 49.9 38.95 30.21 80.12 69.65; NaN NaN NaN NaN NaN NaN NaN NaN NaN NaN NaN NaN NaN NaN; 36.64 31.99 39.13 35.55 26.96 38.11 33.03 41.04 57.17 49.9 38.95 30.21 80.12 69.65; 42.37 37.63 49.33 43.14 33.99 43.67 38.12 46.74 62.42 55.15 44.83 34.99 83.79 75.25; NaN NaN NaN NaN NaN NaN NaN NaN NaN NaN NaN NaN NaN NaN; 42.37 37.63 49.33 43.14 33.99 43.67 38.12 46.74 62.42 55.15 44.83 34.99 83.79 75.25; 45.37 42.46 57.78 49.28 39.29 46.9 41.79 52.65 65.35 60.51 50.2 39.57 85.83 78.72; NaN NaN NaN NaN NaN NaN NaN NaN NaN NaN NaN NaN NaN NaN; 45.37 42.46 57.78 49.28 39.29 46.9 41.79 52.65 65.35 60.51 50.2 39.57 85.83 78.72; 48.76 46.49 63.54 54.92 43.09 50.13 45.87 55.7 68.48 63.33 53.85 43.03 87.56 80.86; NaN NaN NaN NaN NaN NaN NaN NaN NaN NaN NaN NaN NaN NaN; 48.76 46.49 63.54 54.92 43.09 50.13 45.87 55.7 68.48 63.33 53.85 43.03 87.56 80.86; 51.89 50.06 68.9 59.73 48.04 52.84 47.71 59.06 70.91 66.57 58.32 46.39 88.99 82.89; NaN NaN NaN NaN NaN NaN NaN NaN NaN NaN NaN NaN NaN NaN; 51.89 50.06 68.9 59.73 48.04 52.84 47.71 59.06 70.91 66.57 58.32 46.39 88.99 82.89; 54.89 53.39 73.64 64.04 52.07 54.91 51.27 61.41 74.14 68.79 60.75 50.05 89.7 85.03; NaN NaN NaN NaN NaN NaN NaN NaN NaN NaN NaN NaN NaN NaN; 54.89 53.39 73.64 64.04 52.07 54.91 51.27 61.41 74.14 68.79 60.75 50.05 89.7 85.03]
***** epoch: 6 ***** 
trn_loss: 0 
tst_loss: 0 
naive_trn_accuracy: 0 
naive_tst_accuracy: 0  
pck_val_accuracy: 0.43059851537351584  
[0.0 0.0 0.0 0.0 0.0 0.0 0.0 0.0 0.0 0.0 0.0 0.0 0.0 0.0; NaN NaN NaN NaN NaN NaN NaN NaN NaN NaN NaN NaN NaN NaN; 0.0 0.0 0.0 0.0 0.0 0.0 0.0 0.0 0.0 0.0 0.0 0.0 0.0 0.0; 1.69 1.5 1.24 1.95 2.3 2.33 2.24 2.55 3.74 5.56 3.75 1.22 7.95 6.82; NaN NaN NaN NaN NaN NaN NaN NaN NaN NaN NaN NaN NaN NaN; 1.69 1.5 1.24 1.95 2.3 2.33 2.24 2.55 3.74 5.56 3.75 1.22 7.95 6.82; 7.69 5.87 6.49 9.22 6.57 10.59 7.03 7.33 15.25 19.6 12.27 8.44 29.46 25.87; NaN NaN NaN NaN NaN NaN NaN NaN NaN NaN NaN NaN NaN NaN; 7.69 5.87 6.49 9.22 6.57 10.59 7.03 7.33 15.25 19.6 12.27 8.44 29.46 25.87; 16.95 12.89 15.24 19.06 12.67 20.54 14.88 16.4 29.9 35.76 21.91 15.46 54.94 43.79; NaN NaN NaN NaN NaN NaN NaN NaN NaN NaN NaN NaN NaN NaN; 16.95 12.89 15.24 19.06 12.67 20.54 14.88 16.4 29.9 35.76 21.91 15.46 54.94 43.79; 25.03 20.83 26.47 27.36 19.47 29.84 24.87 25.66 42.32 46.57 31.44 22.89 71.46 59.16; NaN NaN NaN NaN NaN NaN NaN NaN NaN NaN NaN NaN NaN NaN; 25.03 20.83 26.47 27.36 19.47 29.84 24.87 25.66 42.32 46.57 31.44 22.89 71.46 59.16; 33.51 29.8 38.93 35.04 26.27 35.92 31.6 35.13 53.43 55.56 39.45 29.2 79.0 68.74; NaN NaN NaN NaN NaN NaN NaN NaN NaN NaN NaN NaN NaN NaN; 33.51 29.8 38.93 35.04 26.27 35.92 31.6 35.13 53.43 55.56 39.45 29.2 79.0 68.74; 39.9 35.9 47.68 44.47 33.29 41.21 36.49 43.28 60.61 60.71 46.25 33.37 83.18 74.85; NaN NaN NaN NaN NaN NaN NaN NaN NaN NaN NaN NaN NaN NaN; 39.9 35.9 47.68 44.47 33.29 41.21 36.49 43.28 60.61 60.71 46.25 33.37 83.18 74.85; 43.55 40.16 57.26 51.13 39.86 45.09 40.27 49.19 64.95 65.35 51.72 37.95 85.73 79.53; NaN NaN NaN NaN NaN NaN NaN NaN NaN NaN NaN NaN NaN NaN; 43.55 40.16 57.26 51.13 39.86 45.09 40.27 49.19 64.95 65.35 51.72 37.95 85.73 79.53; 47.59 43.73 64.16 59.32 43.55 48.06 44.85 53.67 67.47 67.68 55.48 42.01 87.46 82.28; NaN NaN NaN NaN NaN NaN NaN NaN NaN NaN NaN NaN NaN NaN; 47.59 43.73 64.16 59.32 43.55 48.06 44.85 53.67 67.47 67.68 55.48 42.01 87.46 82.28; 51.11 48.22 69.1 64.34 48.39 51.16 47.91 57.54 70.0 71.01 58.62 45.37 89.3 83.81; NaN NaN NaN NaN NaN NaN NaN NaN NaN NaN NaN NaN NaN NaN; 51.11 48.22 69.1 64.34 48.39 51.16 47.91 57.54 70.0 71.01 58.62 45.37 89.3 83.81; 53.85 52.24 73.33 69.06 52.65 54.26 50.97 60.79 73.23 73.64 61.26 49.14 90.32 85.64; NaN NaN NaN NaN NaN NaN NaN NaN NaN NaN NaN NaN NaN NaN; 53.85 52.24 73.33 69.06 52.65 54.26 50.97 60.79 73.23 73.64 61.26 49.14 90.32 85.64]
***** epoch: 7 ***** 
trn_loss: 0 
tst_loss: 0 
naive_trn_accuracy: 0 
naive_tst_accuracy: 0  
pck_val_accuracy: 0.3914705405705417  
[0.0 0.0 0.0 0.0 0.0 0.0 0.0 0.0 0.0 0.0 0.0 0.0 0.0 0.0; NaN NaN NaN NaN NaN NaN NaN NaN NaN NaN NaN NaN NaN NaN; 0.0 0.0 0.0 0.0 0.0 0.0 0.0 0.0 0.0 0.0 0.0 0.0 0.0 0.0; 1.96 1.61 1.34 2.36 1.96 2.07 1.83 1.63 4.14 4.75 2.64 2.03 7.14 4.99; NaN NaN NaN NaN NaN NaN NaN NaN NaN NaN NaN NaN NaN NaN; 1.96 1.61 1.34 2.36 1.96 2.07 1.83 1.63 4.14 4.75 2.64 2.03 7.14 4.99; 6.91 5.52 6.49 8.91 6.22 9.82 5.3 5.8 12.53 16.16 9.13 7.32 28.24 20.47; NaN NaN NaN NaN NaN NaN NaN NaN NaN NaN NaN NaN NaN NaN; 6.91 5.52 6.49 8.91 6.22 9.82 5.3 5.8 12.53 16.16 9.13 7.32 28.24 20.47; 17.47 10.7 12.98 17.52 11.75 20.93 12.13 12.93 24.95 30.4 17.24 13.63 49.95 37.78; NaN NaN NaN NaN NaN NaN NaN NaN NaN NaN NaN NaN NaN NaN; 17.47 10.7 12.98 17.52 11.75 20.93 12.13 12.93 24.95 30.4 17.24 13.63 49.95 37.78; 25.68 19.22 22.97 26.23 18.43 29.46 18.86 21.08 36.97 42.32 27.18 20.35 65.85 54.28; NaN NaN NaN NaN NaN NaN NaN NaN NaN NaN NaN NaN NaN NaN; 25.68 19.22 22.97 26.23 18.43 29.46 18.86 21.08 36.97 42.32 27.18 20.35 65.85 54.28; 32.33 27.04 32.96 32.27 24.77 34.37 25.28 30.45 48.59 50.2 35.09 26.65 75.03 64.46; NaN NaN NaN NaN NaN NaN NaN NaN NaN NaN NaN NaN NaN NaN; 32.33 27.04 32.96 32.27 24.77 34.37 25.28 30.45 48.59 50.2 35.09 26.65 75.03 64.46; 38.2 33.03 42.22 41.09 30.76 39.41 31.4 37.37 57.78 55.96 40.26 31.03 79.82 72.2; NaN NaN NaN NaN NaN NaN NaN NaN NaN NaN NaN NaN NaN NaN; 38.2 33.03 42.22 41.09 30.76 39.41 31.4 37.37 57.78 55.96 40.26 31.03 79.82 72.2; 41.98 38.09 51.7 47.85 36.06 43.8 36.09 42.97 62.42 61.01 44.93 34.89 82.87 76.17; NaN NaN NaN NaN NaN NaN NaN NaN NaN NaN NaN NaN NaN NaN; 41.98 38.09 51.7 47.85 36.06 43.8 36.09 42.97 62.42 61.01 44.93 34.89 82.87 76.17; 46.15 42.58 57.57 54.41 40.32 47.42 40.77 47.96 66.36 64.34 48.88 38.56 85.02 79.33; NaN NaN NaN NaN NaN NaN NaN NaN NaN NaN NaN NaN NaN NaN; 46.15 42.58 57.57 54.41 40.32 47.42 40.77 47.96 66.36 64.34 48.88 38.56 85.02 79.33; 47.98 46.84 62.41 59.22 44.7 50.0 43.43 52.04 68.59 67.58 52.84 41.81 86.75 80.96; NaN NaN NaN NaN NaN NaN NaN NaN NaN NaN NaN NaN NaN NaN; 47.98 46.84 62.41 59.22 44.7 50.0 43.43 52.04 68.59 67.58 52.84 41.81 86.75 80.96; 51.24 49.71 66.32 65.47 49.31 52.33 46.59 56.11 72.02 70.1 55.27 45.47 87.87 82.89; NaN NaN NaN NaN NaN NaN NaN NaN NaN NaN NaN NaN NaN NaN; 51.24 49.71 66.32 65.47 49.31 52.33 46.59 56.11 72.02 70.1 55.27 45.47 87.87 82.89]
***** epoch: 8 ***** 
trn_loss: 0 
tst_loss: 0 
naive_trn_accuracy: 0 
naive_tst_accuracy: 0  
pck_val_accuracy: 0.36922155899655906  
[0.0 0.0 0.0 0.0 0.0 0.0 0.0 0.0 0.0 0.0 0.0 0.0 0.0 0.0; NaN NaN NaN NaN NaN NaN NaN NaN NaN NaN NaN NaN NaN NaN; 0.0 0.0 0.0 0.0 0.0 0.0 0.0 0.0 0.0 0.0 0.0 0.0 0.0 0.0; 1.17 1.04 0.72 1.74 1.84 2.45 1.83 1.22 3.54 3.84 2.03 1.73 5.81 6.42; NaN NaN NaN NaN NaN NaN NaN NaN NaN NaN NaN NaN NaN NaN; 1.17 1.04 0.72 1.74 1.84 2.45 1.83 1.22 3.54 3.84 2.03 1.73 5.81 6.42; 5.74 4.95 4.63 7.27 4.84 9.04 6.12 6.01 13.43 14.04 8.22 7.43 25.28 23.73; NaN NaN NaN NaN NaN NaN NaN NaN NaN NaN NaN NaN NaN NaN; 5.74 4.95 4.63 7.27 4.84 9.04 6.12 6.01 13.43 14.04 8.22 7.43 25.28 23.73; 14.21 10.47 10.92 14.45 10.02 17.7 12.95 13.24 26.77 27.07 15.42 13.22 48.42 39.71; NaN NaN NaN NaN NaN NaN NaN NaN NaN NaN NaN NaN NaN NaN; 14.21 10.47 10.92 14.45 10.02 17.7 12.95 13.24 26.77 27.07 15.42 13.22 48.42 39.71; 22.16 16.0 19.46 21.11 15.55 25.19 19.88 22.61 37.07 36.67 23.83 19.13 65.04 55.4; NaN NaN NaN NaN NaN NaN NaN NaN NaN NaN NaN NaN NaN NaN; 22.16 16.0 19.46 21.11 15.55 25.19 19.88 22.61 37.07 36.67 23.83 19.13 65.04 55.4; 30.25 22.78 29.04 29.0 20.74 31.78 25.59 31.67 47.47 43.64 30.12 25.03 74.31 64.46; NaN NaN NaN NaN NaN NaN NaN NaN NaN NaN NaN NaN NaN NaN; 30.25 22.78 29.04 29.0 20.74 31.78 25.59 31.67 47.47 43.64 30.12 25.03 74.31 64.46; 35.85 28.65 38.11 34.84 27.3 35.53 31.09 37.98 54.95 47.98 36.0 28.89 79.61 70.98; NaN NaN NaN NaN NaN NaN NaN NaN NaN NaN NaN NaN NaN NaN; 35.85 28.65 38.11 34.84 27.3 35.53 31.09 37.98 54.95 47.98 36.0 28.89 79.61 70.98; 40.42 33.83 46.04 41.7 31.68 40.31 35.37 43.89 60.2 52.93 41.08 33.27 82.16 74.03; NaN NaN NaN NaN NaN NaN NaN NaN NaN NaN NaN NaN NaN NaN; 40.42 33.83 46.04 41.7 31.68 40.31 35.37 43.89 60.2 52.93 41.08 33.27 82.16 74.03; 44.98 38.43 53.66 48.05 35.14 44.96 40.77 48.78 63.54 55.86 45.44 36.62 85.32 77.09; NaN NaN NaN NaN NaN NaN NaN NaN NaN NaN NaN NaN NaN NaN; 44.98 38.43 53.66 48.05 35.14 44.96 40.77 48.78 63.54 55.86 45.44 36.62 85.32 77.09; 47.59 43.04 59.84 53.59 39.4 48.19 44.14 52.85 66.77 59.8 48.58 39.78 87.05 79.02; NaN NaN NaN NaN NaN NaN NaN NaN NaN NaN NaN NaN NaN NaN; 47.59 43.04 59.84 53.59 39.4 48.19 44.14 52.85 66.77 59.8 48.58 39.78 87.05 79.02; 51.37 46.38 63.34 57.89 43.66 51.94 46.79 55.8 69.8 62.42 52.23 42.73 87.67 81.36; NaN NaN NaN NaN NaN NaN NaN NaN NaN NaN NaN NaN NaN NaN; 51.37 46.38 63.34 57.89 43.66 51.94 46.79 55.8 69.8 62.42 52.23 42.73 87.67 81.36]
***** epoch: 9 ***** 
trn_loss: 0 
tst_loss: 0 
naive_trn_accuracy: 0 
naive_tst_accuracy: 0  
pck_val_accuracy: 0.36709597624597706  
[0.0 0.0 0.0 0.0 0.0 0.0 0.0 0.0 0.0 0.0 0.0 0.0 0.0 0.0; NaN NaN NaN NaN NaN NaN NaN NaN NaN NaN NaN NaN NaN NaN; 0.0 0.0 0.0 0.0 0.0 0.0 0.0 0.0 0.0 0.0 0.0 0.0 0.0 0.0; 1.17 1.15 0.82 2.36 1.15 1.03 1.12 1.63 2.83 3.74 1.62 2.03 6.52 4.79; NaN NaN NaN NaN NaN NaN NaN NaN NaN NaN NaN NaN NaN NaN; 1.17 1.15 0.82 2.36 1.15 1.03 1.12 1.63 2.83 3.74 1.62 2.03 6.52 4.79; 5.48 4.26 4.53 8.3 4.38 7.49 4.89 5.91 11.21 15.96 8.32 7.43 26.71 20.26; NaN NaN NaN NaN NaN NaN NaN NaN NaN NaN NaN NaN NaN NaN; 5.48 4.26 4.53 8.3 4.38 7.49 4.89 5.91 11.21 15.96 8.32 7.43 26.71 20.26; 13.95 9.55 11.12 15.16 8.41 17.18 11.01 12.53 22.73 28.28 16.43 12.41 51.07 37.78; NaN NaN NaN NaN NaN NaN NaN NaN NaN NaN NaN NaN NaN NaN; 13.95 9.55 11.12 15.16 8.41 17.18 11.01 12.53 22.73 28.28 16.43 12.41 51.07 37.78; 22.95 15.07 19.36 22.64 14.29 25.58 18.14 20.77 35.05 39.39 25.46 18.82 65.65 53.87; NaN NaN NaN NaN NaN NaN NaN NaN NaN NaN NaN NaN NaN NaN; 22.95 15.07 19.36 22.64 14.29 25.58 18.14 20.77 35.05 39.39 25.46 18.82 65.65 53.87; 29.99 21.86 29.25 30.23 19.7 32.17 24.57 28.72 46.16 47.07 32.76 25.43 74.21 62.42; NaN NaN NaN NaN NaN NaN NaN NaN NaN NaN NaN NaN NaN NaN; 29.99 21.86 29.25 30.23 19.7 32.17 24.57 28.72 46.16 47.07 32.76 25.43 74.21 62.42; 35.2 27.73 39.44 36.07 25.58 36.69 29.97 35.64 54.24 51.82 39.15 29.3 78.59 70.57; NaN NaN NaN NaN NaN NaN NaN NaN NaN NaN NaN NaN NaN NaN; 35.2 27.73 39.44 36.07 25.58 36.69 29.97 35.64 54.24 51.82 39.15 29.3 78.59 70.57; 39.77 31.99 47.79 42.52 30.65 40.18 34.56 42.46 59.6 56.06 43.91 32.96 81.24 74.34; NaN NaN NaN NaN NaN NaN NaN NaN NaN NaN NaN NaN NaN NaN; 39.77 31.99 47.79 42.52 30.65 40.18 34.56 42.46 59.6 56.06 43.91 32.96 81.24 74.34; 44.46 36.94 53.76 49.18 34.68 44.96 39.65 47.25 63.43 59.49 48.58 36.62 83.89 77.8; NaN NaN NaN NaN NaN NaN NaN NaN NaN NaN NaN NaN NaN NaN; 44.46 36.94 53.76 49.18 34.68 44.96 39.65 47.25 63.43 59.49 48.58 36.62 83.89 77.8; 47.46 41.89 58.81 55.64 39.4 48.19 43.12 51.73 67.17 63.84 52.54 40.28 85.83 79.84; NaN NaN NaN NaN NaN NaN NaN NaN NaN NaN NaN NaN NaN NaN; 47.46 41.89 58.81 55.64 39.4 48.19 43.12 51.73 67.17 63.84 52.54 40.28 85.83 79.84; 51.24 44.99 62.82 61.27 43.78 51.42 46.89 55.19 69.9 66.57 56.29 43.03 87.36 82.69; NaN NaN NaN NaN NaN NaN NaN NaN NaN NaN NaN NaN NaN NaN; 51.24 44.99 62.82 61.27 43.78 51.42 46.89 55.19 69.9 66.57 56.29 43.03 87.36 82.69]
***** epoch: 10 ***** 
trn_loss: 0 
tst_loss: 0 
naive_trn_accuracy: 0 
naive_tst_accuracy: 0  
pck_val_accuracy: 0.335775260850261  
[0.0 0.0 0.0 0.0 0.0 0.0 0.0 0.0 0.0 0.0 0.0 0.0 0.0 0.0; NaN NaN NaN NaN NaN NaN NaN NaN NaN NaN NaN NaN NaN NaN; 0.0 0.0 0.0 0.0 0.0 0.0 0.0 0.0 0.0 0.0 0.0 0.0 0.0 0.0; 1.17 1.04 1.44 1.74 1.73 1.94 1.22 1.02 2.63 4.65 1.62 1.42 5.61 5.09; NaN NaN NaN NaN NaN NaN NaN NaN NaN NaN NaN NaN NaN NaN; 1.17 1.04 1.44 1.74 1.73 1.94 1.22 1.02 2.63 4.65 1.62 1.42 5.61 5.09; 4.82 3.8 5.25 8.71 4.72 6.85 4.18 5.6 10.81 15.45 7.51 5.29 24.16 21.18; NaN NaN NaN NaN NaN NaN NaN NaN NaN NaN NaN NaN NaN NaN; 4.82 3.8 5.25 8.71 4.72 6.85 4.18 5.6 10.81 15.45 7.51 5.29 24.16 21.18; 10.82 7.83 11.12 16.19 7.6 14.47 10.6 11.0 21.92 27.17 13.49 10.58 46.08 37.17; NaN NaN NaN NaN NaN NaN NaN NaN NaN NaN NaN NaN NaN NaN; 10.82 7.83 11.12 16.19 7.6 14.47 10.6 11.0 21.92 27.17 13.49 10.58 46.08 37.17; 18.38 12.77 17.61 22.95 12.56 22.09 16.82 18.43 32.12 36.06 21.4 16.07 62.9 51.63; NaN NaN NaN NaN NaN NaN NaN NaN NaN NaN NaN NaN NaN NaN; 18.38 12.77 17.61 22.95 12.56 22.09 16.82 18.43 32.12 36.06 21.4 16.07 62.9 51.63; 25.95 18.76 26.67 29.2 16.82 26.74 21.71 26.99 41.52 42.63 27.48 21.77 70.95 60.08; NaN NaN NaN NaN NaN NaN NaN NaN NaN NaN NaN NaN NaN NaN; 25.95 18.76 26.67 29.2 16.82 26.74 21.71 26.99 41.52 42.63 27.48 21.77 70.95 60.08; 31.03 23.59 36.97 34.73 21.31 31.01 26.3 33.5 50.71 46.57 33.57 25.13 75.94 66.29; NaN NaN NaN NaN NaN NaN NaN NaN NaN NaN NaN NaN NaN NaN; 31.03 23.59 36.97 34.73 21.31 31.01 26.3 33.5 50.71 46.57 33.57 25.13 75.94 66.29; 35.2 29.46 44.28 40.57 26.15 35.14 30.17 39.21 55.56 51.72 38.24 28.48 79.31 70.37; NaN NaN NaN NaN NaN NaN NaN NaN NaN NaN NaN NaN NaN NaN; 35.2 29.46 44.28 40.57 26.15 35.14 30.17 39.21 55.56 51.72 38.24 28.48 79.31 70.37; 38.98 33.49 51.6 46.72 30.18 39.15 34.66 43.89 59.39 55.15 43.0 31.74 81.14 73.22; NaN NaN NaN NaN NaN NaN NaN NaN NaN NaN NaN NaN NaN NaN; 38.98 33.49 51.6 46.72 30.18 39.15 34.66 43.89 59.39 55.15 43.0 31.74 81.14 73.22; 41.07 36.82 56.13 53.79 33.29 42.76 37.92 48.57 63.84 59.09 46.15 34.59 82.98 75.25; NaN NaN NaN NaN NaN NaN NaN NaN NaN NaN NaN NaN NaN NaN; 41.07 36.82 56.13 53.79 33.29 42.76 37.92 48.57 63.84 59.09 46.15 34.59 82.98 75.25; 44.72 39.36 61.38 58.61 36.87 44.44 41.39 51.43 66.67 61.72 49.8 38.15 84.2 77.19; NaN NaN NaN NaN NaN NaN NaN NaN NaN NaN NaN NaN NaN NaN; 44.72 39.36 61.38 58.61 36.87 44.44 41.39 51.43 66.67 61.72 49.8 38.15 84.2 77.19]
***** epoch: 11 ***** 
trn_loss: 0 
tst_loss: 0 
naive_trn_accuracy: 0 
naive_tst_accuracy: 0  
pck_val_accuracy: 0.3318515678765678  
[0.0 0.0 0.0 0.0 0.0 0.0 0.0 0.0 0.0 0.0 0.0 0.0 0.0 0.0; NaN NaN NaN NaN NaN NaN NaN NaN NaN NaN NaN NaN NaN NaN; 0.0 0.0 0.0 0.0 0.0 0.0 0.0 0.0 0.0 0.0 0.0 0.0 0.0 0.0; 0.78 0.81 0.72 1.95 1.04 2.2 1.53 1.43 2.53 3.23 1.62 1.73 5.3 6.11; NaN NaN NaN NaN NaN NaN NaN NaN NaN NaN NaN NaN NaN NaN; 0.78 0.81 0.72 1.95 1.04 2.2 1.53 1.43 2.53 3.23 1.62 1.73 5.3 6.11; 4.69 3.57 3.91 7.79 3.46 7.49 4.49 5.5 10.3 12.42 7.0 6.31 22.12 22.2; NaN NaN NaN NaN NaN NaN NaN NaN NaN NaN NaN NaN NaN NaN; 4.69 3.57 3.91 7.79 3.46 7.49 4.49 5.5 10.3 12.42 7.0 6.31 22.12 22.2; 13.04 8.06 9.37 14.86 7.37 14.86 9.58 11.0 22.22 24.95 14.2 10.89 44.24 38.19; NaN NaN NaN NaN NaN NaN NaN NaN NaN NaN NaN NaN NaN NaN; 13.04 8.06 9.37 14.86 7.37 14.86 9.58 11.0 22.22 24.95 14.2 10.89 44.24 38.19; 18.38 13.12 16.58 21.21 12.33 22.87 14.88 17.92 34.14 33.64 19.78 16.38 61.47 52.55; NaN NaN NaN NaN NaN NaN NaN NaN NaN NaN NaN NaN NaN NaN; 18.38 13.12 16.58 21.21 12.33 22.87 14.88 17.92 34.14 33.64 19.78 16.38 61.47 52.55; 26.08 19.79 25.13 27.15 16.36 29.33 21.3 26.17 44.85 39.6 27.48 20.45 71.15 60.59; NaN NaN NaN NaN NaN NaN NaN NaN NaN NaN NaN NaN NaN NaN; 26.08 19.79 25.13 27.15 16.36 29.33 21.3 26.17 44.85 39.6 27.48 20.45 71.15 60.59; 30.9 25.32 34.5 33.61 19.93 34.24 26.2 32.89 52.42 44.14 34.58 24.62 77.27 68.33; NaN NaN NaN NaN NaN NaN NaN NaN NaN NaN NaN NaN NaN NaN; 30.9 25.32 34.5 33.61 19.93 34.24 26.2 32.89 52.42 44.14 34.58 24.62 77.27 68.33; 36.77 30.15 43.05 39.14 24.77 38.89 30.99 39.71 57.98 48.79 40.37 28.28 80.02 73.12; NaN NaN NaN NaN NaN NaN NaN NaN NaN NaN NaN NaN NaN NaN; 36.77 30.15 43.05 39.14 24.77 38.89 30.99 39.71 57.98 48.79 40.37 28.28 80.02 73.12; 40.81 33.37 49.33 45.9 29.84 42.89 35.78 44.7 61.92 52.83 44.52 32.66 82.67 75.76; NaN NaN NaN NaN NaN NaN NaN NaN NaN NaN NaN NaN NaN NaN; 40.81 33.37 49.33 45.9 29.84 42.89 35.78 44.7 61.92 52.83 44.52 32.66 82.67 75.76; 44.2 37.4 54.79 51.54 35.48 45.99 39.65 48.98 65.96 57.58 47.67 35.91 84.81 78.21; NaN NaN NaN NaN NaN NaN NaN NaN NaN NaN NaN NaN NaN NaN; 44.2 37.4 54.79 51.54 35.48 45.99 39.65 48.98 65.96 57.58 47.67 35.91 84.81 78.21; 47.2 41.77 59.94 57.07 39.17 48.97 42.92 52.95 69.9 60.3 50.91 39.57 85.63 81.06; NaN NaN NaN NaN NaN NaN NaN NaN NaN NaN NaN NaN NaN NaN; 47.2 41.77 59.94 57.07 39.17 48.97 42.92 52.95 69.9 60.3 50.91 39.57 85.63 81.06]
***** epoch: 12 ***** 
trn_loss: 0 
tst_loss: 0 
naive_trn_accuracy: 0 
naive_tst_accuracy: 0  
pck_val_accuracy: 0.33446642246642244  
[0.0 0.0 0.0 0.0 0.0 0.0 0.0 0.0 0.0 0.0 0.0 0.0 0.0 0.0; NaN NaN NaN NaN NaN NaN NaN NaN NaN NaN NaN NaN NaN NaN; 0.0 0.0 0.0 0.0 0.0 0.0 0.0 0.0 0.0 0.0 0.0 0.0 0.0 0.0; 0.39 0.69 0.62 2.25 1.15 2.45 1.22 1.02 2.32 3.64 1.42 1.73 7.65 6.21; NaN NaN NaN NaN NaN NaN NaN NaN NaN NaN NaN NaN NaN NaN; 0.39 0.69 0.62 2.25 1.15 2.45 1.22 1.02 2.32 3.64 1.42 1.73 7.65 6.21; 4.82 3.34 2.99 7.38 3.8 9.43 4.49 4.99 10.91 13.54 6.49 6.41 26.3 23.12; NaN NaN NaN NaN NaN NaN NaN NaN NaN NaN NaN NaN NaN NaN; 4.82 3.34 2.99 7.38 3.8 9.43 4.49 4.99 10.91 13.54 6.49 6.41 26.3 23.12; 12.39 6.79 7.62 15.37 7.14 14.99 9.38 10.49 23.64 26.46 13.29 11.09 46.79 39.31; NaN NaN NaN NaN NaN NaN NaN NaN NaN NaN NaN NaN NaN NaN; 12.39 6.79 7.62 15.37 7.14 14.99 9.38 10.49 23.64 26.46 13.29 11.09 46.79 39.31; 19.3 13.0 16.07 20.8 10.71 22.74 14.58 17.72 35.15 35.25 20.69 16.58 63.0 53.36; NaN NaN NaN NaN NaN NaN NaN NaN NaN NaN NaN NaN NaN NaN; 19.3 13.0 16.07 20.8 10.71 22.74 14.58 17.72 35.15 35.25 20.69 16.58 63.0 53.36; 26.99 18.76 24.82 26.95 14.52 29.07 21.1 27.09 46.06 41.01 27.69 20.75 71.87 61.1; NaN NaN NaN NaN NaN NaN NaN NaN NaN NaN NaN NaN NaN NaN; 26.99 18.76 24.82 26.95 14.52 29.07 21.1 27.09 46.06 41.01 27.69 20.75 71.87 61.1; 32.46 24.4 34.4 33.61 19.12 34.24 25.79 33.1 53.03 45.15 33.98 24.72 76.66 68.13; NaN NaN NaN NaN NaN NaN NaN NaN NaN NaN NaN NaN NaN NaN; 32.46 24.4 34.4 33.61 19.12 34.24 25.79 33.1 53.03 45.15 33.98 24.72 76.66 68.13; 37.29 28.88 41.09 39.14 22.24 38.37 29.15 39.92 57.68 49.39 39.25 28.38 80.33 73.01; NaN NaN NaN NaN NaN NaN NaN NaN NaN NaN NaN NaN NaN NaN; 37.29 28.88 41.09 39.14 22.24 38.37 29.15 39.92 57.68 49.39 39.25 28.38 80.33 73.01; 41.59 33.6 47.89 45.39 26.04 43.28 35.07 44.91 61.72 52.93 43.41 32.45 82.26 74.95; NaN NaN NaN NaN NaN NaN NaN NaN NaN NaN NaN NaN NaN NaN; 41.59 33.6 47.89 45.39 26.04 43.28 35.07 44.91 61.72 52.93 43.41 32.45 82.26 74.95; 46.41 38.78 53.76 50.31 30.88 46.12 38.23 50.0 66.46 57.58 47.16 35.71 84.2 77.9; NaN NaN NaN NaN NaN NaN NaN NaN NaN NaN NaN NaN NaN NaN; 46.41 38.78 53.76 50.31 30.88 46.12 38.23 50.0 66.46 57.58 47.16 35.71 84.2 77.9; 49.15 41.54 60.25 55.84 36.18 48.45 42.0 54.48 68.99 60.4 50.91 39.06 85.93 79.43; NaN NaN NaN NaN NaN NaN NaN NaN NaN NaN NaN NaN NaN NaN; 49.15 41.54 60.25 55.84 36.18 48.45 42.0 54.48 68.99 60.4 50.91 39.06 85.93 79.43]
