***** epoch: 0 ***** 
trn_loss: 0 
tst_loss: 0 
naive_trn_accuracy: 0 
naive_tst_accuracy: 0  
pck_val_accuracy: 0.4384137279387279  
[0.0 0.0 0.0 0.0 0.0 0.0 0.0 0.0 0.0 0.0 0.0 0.0 0.0 0.0; NaN NaN NaN NaN NaN NaN NaN NaN NaN NaN NaN NaN NaN NaN; 0.0 0.0 0.0 0.0 0.0 0.0 0.0 0.0 0.0 0.0 0.0 0.0 0.0 0.0; 1.43 1.84 1.75 3.18 1.73 2.58 2.65 2.55 4.55 4.04 2.64 1.73 7.44 6.62; NaN NaN NaN NaN NaN NaN NaN NaN NaN NaN NaN NaN NaN NaN; 1.43 1.84 1.75 3.18 1.73 2.58 2.65 2.55 4.55 4.04 2.64 1.73 7.44 6.62; 9.0 8.98 6.39 9.43 7.37 9.69 10.19 9.37 13.13 17.27 9.03 7.63 27.62 26.07; NaN NaN NaN NaN NaN NaN NaN NaN NaN NaN NaN NaN NaN NaN; 9.0 8.98 6.39 9.43 7.37 9.69 10.19 9.37 13.13 17.27 9.03 7.63 27.62 26.07; 20.47 17.38 15.55 20.49 14.63 21.71 16.41 17.21 28.28 30.1 19.27 15.77 49.03 44.91; NaN NaN NaN NaN NaN NaN NaN NaN NaN NaN NaN NaN NaN NaN; 20.47 17.38 15.55 20.49 14.63 21.71 16.41 17.21 28.28 30.1 19.27 15.77 49.03 44.91; 28.68 26.01 25.03 31.05 22.47 32.3 24.26 27.29 43.84 40.81 29.11 22.58 70.13 60.39; NaN NaN NaN NaN NaN NaN NaN NaN NaN NaN NaN NaN NaN NaN; 28.68 26.01 25.03 31.05 22.47 32.3 24.26 27.29 43.84 40.81 29.11 22.58 70.13 60.39; 35.46 34.41 37.9 39.14 29.61 39.02 30.48 37.07 54.85 48.18 37.12 28.99 80.53 71.18; NaN NaN NaN NaN NaN NaN NaN NaN NaN NaN NaN NaN NaN NaN; 35.46 34.41 37.9 39.14 29.61 39.02 30.48 37.07 54.85 48.18 37.12 28.99 80.53 71.18; 40.94 40.85 48.92 46.11 35.94 44.57 36.8 43.89 61.21 53.74 44.22 36.11 86.34 77.39; NaN NaN NaN NaN NaN NaN NaN NaN NaN NaN NaN NaN NaN NaN; 40.94 40.85 48.92 46.11 35.94 44.57 36.8 43.89 61.21 53.74 44.22 36.11 86.34 77.39; 44.72 47.3 59.42 52.36 41.36 49.1 42.1 51.22 67.37 57.98 47.97 39.98 88.18 81.36; NaN NaN NaN NaN NaN NaN NaN NaN NaN NaN NaN NaN NaN NaN; 44.72 47.3 59.42 52.36 41.36 49.1 42.1 51.22 67.37 57.98 47.97 39.98 88.18 81.36; 47.85 52.01 67.46 59.43 46.43 53.23 46.28 56.52 71.62 61.92 52.74 43.95 89.6 84.11; NaN NaN NaN NaN NaN NaN NaN NaN NaN NaN NaN NaN NaN NaN; 47.85 52.01 67.46 59.43 46.43 53.23 46.28 56.52 71.62 61.92 52.74 43.95 89.6 84.11; 51.37 55.7 72.3 65.37 50.92 56.59 49.95 59.47 75.35 66.57 55.98 47.41 91.23 86.05; NaN NaN NaN NaN NaN NaN NaN NaN NaN NaN NaN NaN NaN NaN; 51.37 55.7 72.3 65.37 50.92 56.59 49.95 59.47 75.35 66.57 55.98 47.41 91.23 86.05; 53.46 60.18 76.42 71.82 54.84 59.17 54.54 63.14 77.17 69.8 59.03 51.48 92.25 87.68; NaN NaN NaN NaN NaN NaN NaN NaN NaN NaN NaN NaN NaN NaN; 53.46 60.18 76.42 71.82 54.84 59.17 54.54 63.14 77.17 69.8 59.03 51.48 92.25 87.68]
***** epoch: 1 ***** 
trn_loss: 0 
tst_loss: 0 
naive_trn_accuracy: 0 
naive_tst_accuracy: 0  
pck_val_accuracy: 0.5252332833832837  
[0.0 0.0 0.0 0.0 0.0 0.0 0.0 0.0 0.0 0.0 0.0 0.0 0.0 0.0; NaN NaN NaN NaN NaN NaN NaN NaN NaN NaN NaN NaN NaN NaN; 0.0 0.0 0.0 0.0 0.0 0.0 0.0 0.0 0.0 0.0 0.0 0.0 0.0 0.0; 3.0 3.34 3.19 2.97 2.3 2.84 2.75 3.77 7.27 5.05 3.35 2.24 11.82 10.9; NaN NaN NaN NaN NaN NaN NaN NaN NaN NaN NaN NaN NaN NaN; 3.0 3.34 3.19 2.97 2.3 2.84 2.75 3.77 7.27 5.05 3.35 2.24 11.82 10.9; 12.26 12.31 12.36 11.48 10.02 13.82 12.64 16.4 23.33 19.39 12.17 12.72 41.18 35.85; NaN NaN NaN NaN NaN NaN NaN NaN NaN NaN NaN NaN NaN NaN; 12.26 12.31 12.36 11.48 10.02 13.82 12.64 16.4 23.33 19.39 12.17 12.72 41.18 35.85; 24.12 23.59 22.35 23.16 20.05 26.74 22.94 28.62 42.63 35.96 25.15 21.77 67.89 56.01; NaN NaN NaN NaN NaN NaN NaN NaN NaN NaN NaN NaN NaN NaN; 24.12 23.59 22.35 23.16 20.05 26.74 22.94 28.62 42.63 35.96 25.15 21.77 67.89 56.01; 33.9 32.8 34.91 34.02 28.46 38.37 34.35 40.53 56.46 50.81 36.82 32.25 81.65 70.57; NaN NaN NaN NaN NaN NaN NaN NaN NaN NaN NaN NaN NaN NaN; 33.9 32.8 34.91 34.02 28.46 38.37 34.35 40.53 56.46 50.81 36.82 32.25 81.65 70.57; 40.16 39.7 48.4 44.77 36.52 45.09 41.69 50.1 66.57 61.31 45.13 39.98 86.24 78.51; NaN NaN NaN NaN NaN NaN NaN NaN NaN NaN NaN NaN NaN NaN; 40.16 39.7 48.4 44.77 36.52 45.09 41.69 50.1 66.57 61.31 45.13 39.98 86.24 78.51; 46.28 45.91 60.25 53.07 43.55 48.32 47.4 57.74 71.52 67.27 53.14 45.78 89.7 83.2; NaN NaN NaN NaN NaN NaN NaN NaN NaN NaN NaN NaN NaN NaN; 46.28 45.91 60.25 53.07 43.55 48.32 47.4 57.74 71.52 67.27 53.14 45.78 89.7 83.2; 50.59 50.52 69.72 60.25 48.27 52.33 51.99 63.03 74.85 71.82 58.52 50.76 91.03 86.35; NaN NaN NaN NaN NaN NaN NaN NaN NaN NaN NaN NaN NaN NaN; 50.59 50.52 69.72 60.25 48.27 52.33 51.99 63.03 74.85 71.82 58.52 50.76 91.03 86.35; 53.46 54.55 76.31 66.39 52.3 54.65 56.07 65.89 77.88 75.66 62.07 54.12 91.95 88.7; NaN NaN NaN NaN NaN NaN NaN NaN NaN NaN NaN NaN NaN NaN; 53.46 54.55 76.31 66.39 52.3 54.65 56.07 65.89 77.88 75.66 62.07 54.12 91.95 88.7; 57.24 58.8 79.61 71.21 55.53 57.11 58.82 67.52 80.81 77.88 65.11 57.17 92.97 89.61; NaN NaN NaN NaN NaN NaN NaN NaN NaN NaN NaN NaN NaN NaN; 57.24 58.8 79.61 71.21 55.53 57.11 58.82 67.52 80.81 77.88 65.11 57.17 92.97 89.61; 59.84 62.83 83.93 76.74 59.1 60.21 61.47 69.25 82.32 79.39 67.85 59.82 93.58 91.04; NaN NaN NaN NaN NaN NaN NaN NaN NaN NaN NaN NaN NaN NaN; 59.84 62.83 83.93 76.74 59.1 60.21 61.47 69.25 82.32 79.39 67.85 59.82 93.58 91.04]
***** epoch: 2 ***** 
trn_loss: 0 
tst_loss: 0 
naive_trn_accuracy: 0 
naive_tst_accuracy: 0  
pck_val_accuracy: 0.5661217809967808  
[0.0 0.0 0.0 0.0 0.0 0.0 0.0 0.0 0.0 0.0 0.0 0.0 0.0 0.0; NaN NaN NaN NaN NaN NaN NaN NaN NaN NaN NaN NaN NaN NaN; 0.0 0.0 0.0 0.0 0.0 0.0 0.0 0.0 0.0 0.0 0.0 0.0 0.0 0.0; 3.0 3.11 3.4 4.51 3.11 2.45 3.36 3.97 7.17 6.26 5.68 3.26 16.62 11.91; NaN NaN NaN NaN NaN NaN NaN NaN NaN NaN NaN NaN NaN NaN; 3.0 3.11 3.4 4.51 3.11 2.45 3.36 3.97 7.17 6.26 5.68 3.26 16.62 11.91; 11.47 13.12 13.29 13.22 11.75 12.53 14.48 16.6 26.26 25.35 16.43 13.94 51.27 36.97; NaN NaN NaN NaN NaN NaN NaN NaN NaN NaN NaN NaN NaN NaN; 11.47 13.12 13.29 13.22 11.75 12.53 14.48 16.6 26.26 25.35 16.43 13.94 51.27 36.97; 23.99 25.55 25.03 24.8 22.81 23.64 27.42 31.67 47.68 45.35 31.34 25.13 73.19 59.57; NaN NaN NaN NaN NaN NaN NaN NaN NaN NaN NaN NaN NaN NaN; 23.99 25.55 25.03 24.8 22.81 23.64 27.42 31.67 47.68 45.35 31.34 25.13 73.19 59.57; 34.55 35.44 38.52 36.37 32.14 36.3 38.63 44.7 63.54 58.69 44.62 35.1 85.83 75.36; NaN NaN NaN NaN NaN NaN NaN NaN NaN NaN NaN NaN NaN NaN; 34.55 35.44 38.52 36.37 32.14 36.3 38.63 44.7 63.54 58.69 44.62 35.1 85.83 75.36; 42.89 44.3 51.91 47.54 39.63 44.19 46.18 55.4 73.03 69.6 53.14 42.01 89.19 81.16; NaN NaN NaN NaN NaN NaN NaN NaN NaN NaN NaN NaN NaN NaN; 42.89 44.3 51.91 47.54 39.63 44.19 46.18 55.4 73.03 69.6 53.14 42.01 89.19 81.16; 48.24 49.02 62.41 56.45 45.85 49.48 52.7 62.02 76.87 75.45 59.43 48.93 91.44 85.03; NaN NaN NaN NaN NaN NaN NaN NaN NaN NaN NaN NaN NaN NaN; 48.24 49.02 62.41 56.45 45.85 49.48 52.7 62.02 76.87 75.45 59.43 48.93 91.44 85.03; 52.28 53.74 70.24 63.73 51.04 53.23 56.98 67.62 80.2 78.99 65.62 54.22 92.66 87.58; NaN NaN NaN NaN NaN NaN NaN NaN NaN NaN NaN NaN NaN NaN; 52.28 53.74 70.24 63.73 51.04 53.23 56.98 67.62 80.2 78.99 65.62 54.22 92.66 87.58; 55.54 57.54 76.62 71.31 55.88 56.2 59.53 70.67 82.53 81.62 68.76 57.27 93.48 89.71; NaN NaN NaN NaN NaN NaN NaN NaN NaN NaN NaN NaN NaN NaN; 55.54 57.54 76.62 71.31 55.88 56.2 59.53 70.67 82.53 81.62 68.76 57.27 93.48 89.71; 58.93 61.22 80.23 76.13 58.53 58.14 62.79 73.63 84.34 83.13 71.91 61.44 94.19 90.63; NaN NaN NaN NaN NaN NaN NaN NaN NaN NaN NaN NaN NaN NaN; 58.93 61.22 80.23 76.13 58.53 58.14 62.79 73.63 84.34 83.13 71.91 61.44 94.19 90.63; 61.8 64.33 84.76 80.43 61.64 60.47 64.83 75.05 85.56 84.14 73.83 64.39 94.9 91.65; NaN NaN NaN NaN NaN NaN NaN NaN NaN NaN NaN NaN NaN NaN; 61.8 64.33 84.76 80.43 61.64 60.47 64.83 75.05 85.56 84.14 73.83 64.39 94.9 91.65]
***** epoch: 3 ***** 
trn_loss: 0 
tst_loss: 0 
naive_trn_accuracy: 0 
naive_tst_accuracy: 0  
pck_val_accuracy: 0.5698420079920081  
[0.0 0.0 0.0 0.0 0.0 0.0 0.0 0.0 0.0 0.0 0.0 0.0 0.0 0.0; NaN NaN NaN NaN NaN NaN NaN NaN NaN NaN NaN NaN NaN NaN; 0.0 0.0 0.0 0.0 0.0 0.0 0.0 0.0 0.0 0.0 0.0 0.0 0.0 0.0; 3.0 3.68 4.12 2.97 2.65 2.84 5.3 6.01 9.39 5.15 3.55 4.37 14.07 10.39; NaN NaN NaN NaN NaN NaN NaN NaN NaN NaN NaN NaN NaN NaN; 3.0 3.68 4.12 2.97 2.65 2.84 5.3 6.01 9.39 5.15 3.55 4.37 14.07 10.39; 12.52 13.35 12.87 11.27 10.94 12.53 17.33 21.59 29.7 21.72 14.1 14.24 43.02 36.86; NaN NaN NaN NaN NaN NaN NaN NaN NaN NaN NaN NaN NaN NaN; 12.52 13.35 12.87 11.27 10.94 12.53 17.33 21.59 29.7 21.72 14.1 14.24 43.02 36.86; 24.64 24.97 26.06 23.46 21.66 25.58 30.58 36.25 50.3 42.63 30.83 24.62 70.64 59.57; NaN NaN NaN NaN NaN NaN NaN NaN NaN NaN NaN NaN NaN NaN; 24.64 24.97 26.06 23.46 21.66 25.58 30.58 36.25 50.3 42.63 30.83 24.62 70.64 59.57; 34.94 34.18 41.4 35.45 31.8 36.56 41.08 48.88 64.24 58.38 45.44 36.11 84.61 75.66; NaN NaN NaN NaN NaN NaN NaN NaN NaN NaN NaN NaN NaN NaN; 34.94 34.18 41.4 35.45 31.8 36.56 41.08 48.88 64.24 58.38 45.44 36.11 84.61 75.66; 41.33 41.31 53.76 46.21 39.29 43.8 49.85 59.16 72.83 68.08 53.14 42.52 88.38 82.38; NaN NaN NaN NaN NaN NaN NaN NaN NaN NaN NaN NaN NaN NaN; 41.33 41.31 53.76 46.21 39.29 43.8 49.85 59.16 72.83 68.08 53.14 42.52 88.38 82.38; 46.41 47.53 62.2 56.05 45.28 48.45 55.76 65.89 77.27 75.86 59.63 49.14 90.52 85.74; NaN NaN NaN NaN NaN NaN NaN NaN NaN NaN NaN NaN NaN NaN; 46.41 47.53 62.2 56.05 45.28 48.45 55.76 65.89 77.27 75.86 59.63 49.14 90.52 85.74; 50.2 53.05 69.72 62.91 50.0 52.2 58.41 69.45 79.7 78.89 65.31 54.63 91.64 87.88; NaN NaN NaN NaN NaN NaN NaN NaN NaN NaN NaN NaN NaN NaN; 50.2 53.05 69.72 62.91 50.0 52.2 58.41 69.45 79.7 78.89 65.31 54.63 91.64 87.88; 54.24 56.27 76.31 68.95 53.34 54.39 60.35 71.59 81.82 80.4 69.17 57.99 92.76 89.61; NaN NaN NaN NaN NaN NaN NaN NaN NaN NaN NaN NaN NaN NaN; 54.24 56.27 76.31 68.95 53.34 54.39 60.35 71.59 81.82 80.4 69.17 57.99 92.76 89.61; 57.5 60.3 80.23 73.16 56.22 56.85 62.59 73.63 83.13 82.32 71.2 60.83 93.27 90.73; NaN NaN NaN NaN NaN NaN NaN NaN NaN NaN NaN NaN NaN NaN; 57.5 60.3 80.23 73.16 56.22 56.85 62.59 73.63 83.13 82.32 71.2 60.83 93.27 90.73; 59.32 63.75 83.83 77.56 59.33 58.14 64.22 75.15 84.85 83.54 73.12 63.07 93.68 91.34; NaN NaN NaN NaN NaN NaN NaN NaN NaN NaN NaN NaN NaN NaN; 59.32 63.75 83.83 77.56 59.33 58.14 64.22 75.15 84.85 83.54 73.12 63.07 93.68 91.34]
***** epoch: 4 ***** 
trn_loss: 0 
tst_loss: 0 
naive_trn_accuracy: 0 
naive_tst_accuracy: 0  
pck_val_accuracy: 0.5958754079254089  
[0.0 0.0 0.0 0.0 0.0 0.0 0.0 0.0 0.0 0.0 0.0 0.0 0.0 0.0; NaN NaN NaN NaN NaN NaN NaN NaN NaN NaN NaN NaN NaN NaN; 0.0 0.0 0.0 0.0 0.0 0.0 0.0 0.0 0.0 0.0 0.0 0.0 0.0 0.0; 3.91 3.45 4.53 3.38 3.34 2.58 4.99 5.4 6.97 6.26 4.36 5.49 10.19 10.39; NaN NaN NaN NaN NaN NaN NaN NaN NaN NaN NaN NaN NaN NaN; 3.91 3.45 4.53 3.38 3.34 2.58 4.99 5.4 6.97 6.26 4.36 5.49 10.19 10.39; 12.26 13.69 13.18 11.27 11.87 12.4 17.23 20.47 24.95 30.71 18.05 16.48 40.06 36.86; NaN NaN NaN NaN NaN NaN NaN NaN NaN NaN NaN NaN NaN NaN; 12.26 13.69 13.18 11.27 11.87 12.4 17.23 20.47 24.95 30.71 18.05 16.48 40.06 36.86; 25.29 26.58 26.26 24.59 23.73 27.78 31.5 35.95 47.17 52.42 36.51 29.2 67.89 60.69; NaN NaN NaN NaN NaN NaN NaN NaN NaN NaN NaN NaN NaN NaN; 25.29 26.58 26.26 24.59 23.73 27.78 31.5 35.95 47.17 52.42 36.51 29.2 67.89 60.69; 36.11 38.32 40.89 38.32 33.99 39.02 44.04 51.83 62.53 66.46 49.8 39.78 84.0 76.88; NaN NaN NaN NaN NaN NaN NaN NaN NaN NaN NaN NaN NaN NaN; 36.11 38.32 40.89 38.32 33.99 39.02 44.04 51.83 62.53 66.46 49.8 39.78 84.0 76.88; 41.72 46.61 54.99 50.41 42.86 45.99 52.6 61.61 71.62 74.95 60.45 46.59 88.07 82.48; NaN NaN NaN NaN NaN NaN NaN NaN NaN NaN NaN NaN NaN NaN; 41.72 46.61 54.99 50.41 42.86 45.99 52.6 61.61 71.62 74.95 60.45 46.59 88.07 82.48; 48.37 51.21 65.09 60.66 49.19 50.0 56.88 68.23 77.78 80.3 65.62 52.19 91.03 85.85; NaN NaN NaN NaN NaN NaN NaN NaN NaN NaN NaN NaN NaN NaN; 48.37 51.21 65.09 60.66 49.19 50.0 56.88 68.23 77.78 80.3 65.62 52.19 91.03 85.85; 51.89 55.7 71.78 67.32 54.03 53.62 60.35 72.1 80.3 83.54 70.28 56.77 92.35 88.29; NaN NaN NaN NaN NaN NaN NaN NaN NaN NaN NaN NaN NaN NaN; 51.89 55.7 71.78 67.32 54.03 53.62 60.35 72.1 80.3 83.54 70.28 56.77 92.35 88.29; 54.63 60.18 77.86 72.85 58.06 55.94 62.79 74.85 82.83 85.56 74.04 59.82 93.07 89.51; NaN NaN NaN NaN NaN NaN NaN NaN NaN NaN NaN NaN NaN NaN; 54.63 60.18 77.86 72.85 58.06 55.94 62.79 74.85 82.83 85.56 74.04 59.82 93.07 89.51; 58.41 64.1 81.98 77.56 61.75 58.01 64.83 77.29 84.55 86.97 76.57 63.17 93.78 91.14; NaN NaN NaN NaN NaN NaN NaN NaN NaN NaN NaN NaN NaN NaN; 58.41 64.1 81.98 77.56 61.75 58.01 64.83 77.29 84.55 86.97 76.57 63.17 93.78 91.14; 59.97 66.74 84.55 81.15 65.09 60.85 66.46 78.72 85.86 87.58 77.69 65.01 94.29 92.26; NaN NaN NaN NaN NaN NaN NaN NaN NaN NaN NaN NaN NaN NaN; 59.97 66.74 84.55 81.15 65.09 60.85 66.46 78.72 85.86 87.58 77.69 65.01 94.29 92.26]
***** epoch: 5 ***** 
trn_loss: 0 
tst_loss: 0 
naive_trn_accuracy: 0 
naive_tst_accuracy: 0  
pck_val_accuracy: 0.6105463009213018  
[0.0 0.0 0.0 0.0 0.0 0.0 0.0 0.0 0.0 0.0 0.0 0.0 0.0 0.0; NaN NaN NaN NaN NaN NaN NaN NaN NaN NaN NaN NaN NaN NaN; 0.0 0.0 0.0 0.0 0.0 0.0 0.0 0.0 0.0 0.0 0.0 0.0 0.0 0.0; 3.65 4.37 4.12 4.61 3.57 2.45 5.91 6.21 8.38 6.97 4.67 4.88 12.44 9.78; NaN NaN NaN NaN NaN NaN NaN NaN NaN NaN NaN NaN NaN NaN; 3.65 4.37 4.12 4.61 3.57 2.45 5.91 6.21 8.38 6.97 4.67 4.88 12.44 9.78; 14.34 15.19 14.11 14.24 12.9 12.27 20.29 21.79 29.9 30.51 19.47 17.6 45.67 36.76; NaN NaN NaN NaN NaN NaN NaN NaN NaN NaN NaN NaN NaN NaN; 14.34 15.19 14.11 14.24 12.9 12.27 20.29 21.79 29.9 30.51 19.47 17.6 45.67 36.76; 26.21 29.23 28.84 27.87 25.69 25.58 34.56 39.31 50.81 54.24 38.03 32.15 71.36 61.0; NaN NaN NaN NaN NaN NaN NaN NaN NaN NaN NaN NaN NaN NaN; 26.21 29.23 28.84 27.87 25.69 25.58 34.56 39.31 50.81 54.24 38.03 32.15 71.36 61.0; 35.98 39.7 43.67 40.88 36.98 39.66 46.08 53.36 65.86 66.67 49.29 42.83 84.91 77.19; NaN NaN NaN NaN NaN NaN NaN NaN NaN NaN NaN NaN NaN NaN; 35.98 39.7 43.67 40.88 36.98 39.66 46.08 53.36 65.86 66.67 49.29 42.83 84.91 77.19; 41.72 46.61 57.98 53.28 45.05 46.38 53.82 62.83 73.74 75.86 59.43 50.25 89.3 84.62; NaN NaN NaN NaN NaN NaN NaN NaN NaN NaN NaN NaN NaN NaN; 41.72 46.61 57.98 53.28 45.05 46.38 53.82 62.83 73.74 75.86 59.43 50.25 89.3 84.62; 48.5 51.67 67.77 62.09 50.46 51.16 57.9 67.82 78.59 79.8 64.5 55.95 91.74 88.09; NaN NaN NaN NaN NaN NaN NaN NaN NaN NaN NaN NaN NaN NaN; 48.5 51.67 67.77 62.09 50.46 51.16 57.9 67.82 78.59 79.8 64.5 55.95 91.74 88.09; 51.5 55.58 74.87 68.65 55.41 54.39 61.06 72.81 81.31 82.53 69.07 60.12 92.66 90.12; NaN NaN NaN NaN NaN NaN NaN NaN NaN NaN NaN NaN NaN NaN; 51.5 55.58 74.87 68.65 55.41 54.39 61.06 72.81 81.31 82.53 69.07 60.12 92.66 90.12; 55.93 59.26 80.33 73.77 59.45 56.85 63.0 75.15 84.24 84.34 72.01 63.07 93.17 91.34; NaN NaN NaN NaN NaN NaN NaN NaN NaN NaN NaN NaN NaN NaN; 55.93 59.26 80.33 73.77 59.45 56.85 63.0 75.15 84.24 84.34 72.01 63.07 93.17 91.34; 58.02 64.21 83.01 77.77 62.79 59.3 65.04 76.99 85.56 86.26 74.75 65.51 93.78 92.36; NaN NaN NaN NaN NaN NaN NaN NaN NaN NaN NaN NaN NaN NaN; 58.02 64.21 83.01 77.77 62.79 59.3 65.04 76.99 85.56 86.26 74.75 65.51 93.78 92.36; 60.5 66.97 85.89 82.48 66.13 61.11 66.67 78.72 86.97 87.17 76.17 67.75 94.29 93.48; NaN NaN NaN NaN NaN NaN NaN NaN NaN NaN NaN NaN NaN NaN; 60.5 66.97 85.89 82.48 66.13 61.11 66.67 78.72 86.97 87.17 76.17 67.75 94.29 93.48]
***** epoch: 6 ***** 
trn_loss: 0 
tst_loss: 0 
naive_trn_accuracy: 0 
naive_tst_accuracy: 0  
pck_val_accuracy: 0.6050791625041638  
[0.0 0.0 0.0 0.0 0.0 0.0 0.0 0.0 0.0 0.0 0.0 0.0 0.0 0.0; NaN NaN NaN NaN NaN NaN NaN NaN NaN NaN NaN NaN NaN NaN; 0.0 0.0 0.0 0.0 0.0 0.0 0.0 0.0 0.0 0.0 0.0 0.0 0.0 0.0; 4.56 4.14 4.63 4.51 2.65 2.58 6.12 6.52 8.69 6.77 4.36 4.37 10.6 11.41; NaN NaN NaN NaN NaN NaN NaN NaN NaN NaN NaN NaN NaN NaN; 4.56 4.14 4.63 4.51 2.65 2.58 6.12 6.52 8.69 6.77 4.36 4.37 10.6 11.41; 14.08 14.04 16.17 15.57 10.94 10.98 21.0 22.51 28.79 27.78 15.11 14.95 42.0 41.14; NaN NaN NaN NaN NaN NaN NaN NaN NaN NaN NaN NaN NaN NaN; 14.08 14.04 16.17 15.57 10.94 10.98 21.0 22.51 28.79 27.78 15.11 14.95 42.0 41.14; 26.99 27.16 29.87 28.18 23.16 24.81 36.09 40.22 51.01 49.19 31.03 28.18 68.71 64.05; NaN NaN NaN NaN NaN NaN NaN NaN NaN NaN NaN NaN NaN NaN; 26.99 27.16 29.87 28.18 23.16 24.81 36.09 40.22 51.01 49.19 31.03 28.18 68.71 64.05; 37.55 38.09 46.14 41.91 33.41 37.6 46.79 53.87 66.06 63.33 45.44 39.37 84.61 78.92; NaN NaN NaN NaN NaN NaN NaN NaN NaN NaN NaN NaN NaN NaN; 37.55 38.09 46.14 41.91 33.41 37.6 46.79 53.87 66.06 63.33 45.44 39.37 84.61 78.92; 43.81 46.49 59.53 54.1 41.82 45.61 54.13 64.36 73.54 72.22 55.98 48.02 88.69 84.73; NaN NaN NaN NaN NaN NaN NaN NaN NaN NaN NaN NaN NaN NaN; 43.81 46.49 59.53 54.1 41.82 45.61 54.13 64.36 73.54 72.22 55.98 48.02 88.69 84.73; 48.76 51.44 69.72 62.7 48.39 50.78 59.23 69.45 79.09 78.48 62.17 52.7 90.93 87.88; NaN NaN NaN NaN NaN NaN NaN NaN NaN NaN NaN NaN NaN NaN; 48.76 51.44 69.72 62.7 48.39 50.78 59.23 69.45 79.09 78.48 62.17 52.7 90.93 87.88; 51.11 55.58 75.9 67.73 53.34 54.01 62.9 73.01 81.72 82.12 67.65 57.68 91.95 89.31; NaN NaN NaN NaN NaN NaN NaN NaN NaN NaN NaN NaN NaN NaN; 51.11 55.58 75.9 67.73 53.34 54.01 62.9 73.01 81.72 82.12 67.65 57.68 91.95 89.31; 53.98 59.72 80.54 72.85 57.03 56.98 64.73 74.95 84.04 83.84 71.1 60.12 92.97 90.73; NaN NaN NaN NaN NaN NaN NaN NaN NaN NaN NaN NaN NaN NaN; 53.98 59.72 80.54 72.85 57.03 56.98 64.73 74.95 84.04 83.84 71.1 60.12 92.97 90.73; 57.24 62.72 82.9 77.66 60.6 58.66 66.56 77.39 85.45 84.95 73.43 62.87 93.58 91.65; NaN NaN NaN NaN NaN NaN NaN NaN NaN NaN NaN NaN NaN NaN; 57.24 62.72 82.9 77.66 60.6 58.66 66.56 77.39 85.45 84.95 73.43 62.87 93.58 91.65; 60.37 66.63 86.2 81.97 63.71 60.85 67.58 79.02 86.26 86.26 75.56 65.11 93.88 92.67; NaN NaN NaN NaN NaN NaN NaN NaN NaN NaN NaN NaN NaN NaN; 60.37 66.63 86.2 81.97 63.71 60.85 67.58 79.02 86.26 86.26 75.56 65.11 93.88 92.67]
***** epoch: 7 ***** 
trn_loss: 0 
tst_loss: 0 
naive_trn_accuracy: 0 
naive_tst_accuracy: 0  
pck_val_accuracy: 0.6129362998112993  
[0.0 0.0 0.0 0.0 0.0 0.0 0.0 0.0 0.0 0.0 0.0 0.0 0.0 0.0; NaN NaN NaN NaN NaN NaN NaN NaN NaN NaN NaN NaN NaN NaN; 0.0 0.0 0.0 0.0 0.0 0.0 0.0 0.0 0.0 0.0 0.0 0.0 0.0 0.0; 3.52 4.37 5.46 4.2 4.26 4.01 6.52 6.82 8.48 8.48 4.77 5.29 14.98 13.34; NaN NaN NaN NaN NaN NaN NaN NaN NaN NaN NaN NaN NaN NaN; 3.52 4.37 5.46 4.2 4.26 4.01 6.52 6.82 8.48 8.48 4.77 5.29 14.98 13.34; 14.34 15.65 17.2 16.8 13.59 15.12 20.9 24.34 29.19 31.11 18.36 15.77 48.11 43.38; NaN NaN NaN NaN NaN NaN NaN NaN NaN NaN NaN NaN NaN NaN; 14.34 15.65 17.2 16.8 13.59 15.12 20.9 24.34 29.19 31.11 18.36 15.77 48.11 43.38; 26.08 27.27 32.96 31.86 25.58 29.2 33.84 40.33 52.02 52.73 34.18 30.72 73.6 65.17; NaN NaN NaN NaN NaN NaN NaN NaN NaN NaN NaN NaN NaN NaN; 26.08 27.27 32.96 31.86 25.58 29.2 33.84 40.33 52.02 52.73 34.18 30.72 73.6 65.17; 36.11 37.74 47.48 47.64 35.48 40.96 44.65 54.48 66.46 64.95 46.75 41.1 85.83 80.04; NaN NaN NaN NaN NaN NaN NaN NaN NaN NaN NaN NaN NaN NaN; 36.11 37.74 47.48 47.64 35.48 40.96 44.65 54.48 66.46 64.95 46.75 41.1 85.83 80.04; 42.11 46.03 59.73 58.3 44.93 47.16 50.97 64.05 73.84 73.54 59.13 49.34 89.3 85.03; NaN NaN NaN NaN NaN NaN NaN NaN NaN NaN NaN NaN NaN NaN; 42.11 46.03 59.73 58.3 44.93 47.16 50.97 64.05 73.84 73.54 59.13 49.34 89.3 85.03; 47.59 50.86 69.21 68.14 51.73 50.78 55.86 69.96 78.48 80.3 65.62 54.43 91.64 87.68; NaN NaN NaN NaN NaN NaN NaN NaN NaN NaN NaN NaN NaN NaN; 47.59 50.86 69.21 68.14 51.73 50.78 55.86 69.96 78.48 80.3 65.62 54.43 91.64 87.68; 51.11 55.58 75.18 74.8 57.26 53.88 59.33 73.63 81.72 83.74 70.89 59.21 92.97 89.1; NaN NaN NaN NaN NaN NaN NaN NaN NaN NaN NaN NaN NaN NaN; 51.11 55.58 75.18 74.8 57.26 53.88 59.33 73.63 81.72 83.74 70.89 59.21 92.97 89.1; 54.37 59.38 79.51 78.79 61.06 56.07 61.67 76.07 84.24 84.95 73.83 62.67 93.58 90.43; NaN NaN NaN NaN NaN NaN NaN NaN NaN NaN NaN NaN NaN NaN; 54.37 59.38 79.51 78.79 61.06 56.07 61.67 76.07 84.24 84.95 73.83 62.67 93.58 90.43; 57.76 62.95 82.08 82.17 64.63 58.53 63.91 78.21 85.66 86.67 76.06 65.51 94.39 91.55; NaN NaN NaN NaN NaN NaN NaN NaN NaN NaN NaN NaN NaN NaN; 57.76 62.95 82.08 82.17 64.63 58.53 63.91 78.21 85.66 86.67 76.06 65.51 94.39 91.55; 60.5 66.86 85.48 85.86 68.78 60.21 64.93 79.53 86.97 87.47 78.19 67.75 95.01 92.36; NaN NaN NaN NaN NaN NaN NaN NaN NaN NaN NaN NaN NaN NaN; 60.5 66.86 85.48 85.86 68.78 60.21 64.93 79.53 86.97 87.47 78.19 67.75 95.01 92.36]
***** epoch: 8 ***** 
trn_loss: 0 
tst_loss: 0 
naive_trn_accuracy: 0 
naive_tst_accuracy: 0  
pck_val_accuracy: 0.6093196442446451  
[0.0 0.0 0.0 0.0 0.0 0.0 0.0 0.0 0.0 0.0 0.0 0.0 0.0 0.0; NaN NaN NaN NaN NaN NaN NaN NaN NaN NaN NaN NaN NaN NaN; 0.0 0.0 0.0 0.0 0.0 0.0 0.0 0.0 0.0 0.0 0.0 0.0 0.0 0.0; 3.65 4.95 4.02 5.33 2.76 2.97 6.32 6.11 6.97 9.49 6.8 5.39 14.27 13.85; NaN NaN NaN NaN NaN NaN NaN NaN NaN NaN NaN NaN NaN NaN; 3.65 4.95 4.02 5.33 2.76 2.97 6.32 6.11 6.97 9.49 6.8 5.39 14.27 13.85; 13.56 13.92 15.24 15.78 11.64 13.95 20.39 20.57 27.27 33.23 21.6 16.99 49.13 44.09; NaN NaN NaN NaN NaN NaN NaN NaN NaN NaN NaN NaN NaN NaN; 13.56 13.92 15.24 15.78 11.64 13.95 20.39 20.57 27.27 33.23 21.6 16.99 49.13 44.09; 26.99 26.58 30.69 29.61 25.12 25.97 34.05 36.76 49.49 54.44 39.05 31.03 73.7 65.38; NaN NaN NaN NaN NaN NaN NaN NaN NaN NaN NaN NaN NaN NaN; 26.99 26.58 30.69 29.61 25.12 25.97 34.05 36.76 49.49 54.44 39.05 31.03 73.7 65.38; 37.29 37.51 48.2 45.29 34.91 39.53 44.34 51.32 64.55 66.77 52.13 42.22 86.85 79.53; NaN NaN NaN NaN NaN NaN NaN NaN NaN NaN NaN NaN NaN NaN; 37.29 37.51 48.2 45.29 34.91 39.53 44.34 51.32 64.55 66.77 52.13 42.22 86.85 79.53; 43.55 44.53 59.84 54.71 43.32 47.03 51.07 60.59 73.54 74.55 61.36 50.36 89.3 84.22; NaN NaN NaN NaN NaN NaN NaN NaN NaN NaN NaN NaN NaN NaN; 43.55 44.53 59.84 54.71 43.32 47.03 51.07 60.59 73.54 74.55 61.36 50.36 89.3 84.22; 49.28 49.02 68.8 65.27 48.85 51.55 56.98 66.4 78.38 80.4 66.94 55.54 91.03 88.19; NaN NaN NaN NaN NaN NaN NaN NaN NaN NaN NaN NaN NaN NaN; 49.28 49.02 68.8 65.27 48.85 51.55 56.98 66.4 78.38 80.4 66.94 55.54 91.03 88.19; 52.8 52.59 75.28 71.62 54.38 54.01 61.26 70.47 81.31 83.54 72.01 59.61 92.25 89.21; NaN NaN NaN NaN NaN NaN NaN NaN NaN NaN NaN NaN NaN NaN; 52.8 52.59 75.28 71.62 54.38 54.01 61.26 70.47 81.31 83.54 72.01 59.61 92.25 89.21; 55.67 55.93 80.54 77.25 57.6 56.2 62.79 73.73 83.94 85.05 74.65 62.77 93.27 90.33; NaN NaN NaN NaN NaN NaN NaN NaN NaN NaN NaN NaN NaN NaN; 55.67 55.93 80.54 77.25 57.6 56.2 62.79 73.73 83.94 85.05 74.65 62.77 93.27 90.33; 58.67 59.26 83.32 81.15 60.83 59.17 65.65 76.48 85.96 86.67 77.28 64.9 93.99 91.45; NaN NaN NaN NaN NaN NaN NaN NaN NaN NaN NaN NaN NaN NaN; 58.67 59.26 83.32 81.15 60.83 59.17 65.65 76.48 85.96 86.67 77.28 64.9 93.99 91.45; 61.41 63.29 85.99 84.63 63.94 60.47 67.58 78.31 87.68 87.78 79.21 67.24 94.29 92.26; NaN NaN NaN NaN NaN NaN NaN NaN NaN NaN NaN NaN NaN NaN; 61.41 63.29 85.99 84.63 63.94 60.47 67.58 78.31 87.68 87.78 79.21 67.24 94.29 92.26]
***** epoch: 9 ***** 
trn_loss: 0 
tst_loss: 0 
naive_trn_accuracy: 0 
naive_tst_accuracy: 0  
pck_val_accuracy: 0.5928102258852261  
[0.0 0.0 0.0 0.0 0.0 0.0 0.0 0.0 0.0 0.0 0.0 0.0 0.0 0.0; NaN NaN NaN NaN NaN NaN NaN NaN NaN NaN NaN NaN NaN NaN; 0.0 0.0 0.0 0.0 0.0 0.0 0.0 0.0 0.0 0.0 0.0 0.0 0.0 0.0; 3.13 3.45 4.12 4.61 3.0 2.84 4.69 3.56 6.26 8.79 5.48 4.48 12.95 12.53; NaN NaN NaN NaN NaN NaN NaN NaN NaN NaN NaN NaN NaN NaN; 3.13 3.45 4.12 4.61 3.0 2.84 4.69 3.56 6.26 8.79 5.48 4.48 12.95 12.53; 13.04 12.2 13.9 16.91 11.75 12.14 17.43 16.29 22.53 32.53 19.57 15.26 45.16 40.12; NaN NaN NaN NaN NaN NaN NaN NaN NaN NaN NaN NaN NaN NaN; 13.04 12.2 13.9 16.91 11.75 12.14 17.43 16.29 22.53 32.53 19.57 15.26 45.16 40.12; 26.47 22.09 27.81 31.66 24.19 24.03 29.97 30.65 44.34 53.43 35.6 30.42 72.88 62.32; NaN NaN NaN NaN NaN NaN NaN NaN NaN NaN NaN NaN NaN NaN; 26.47 22.09 27.81 31.66 24.19 24.03 29.97 30.65 44.34 53.43 35.6 30.42 72.88 62.32; 37.16 34.87 42.74 46.93 34.79 37.47 39.35 44.3 59.19 65.15 49.29 42.01 85.73 78.31; NaN NaN NaN NaN NaN NaN NaN NaN NaN NaN NaN NaN NaN NaN; 37.16 34.87 42.74 46.93 34.79 37.47 39.35 44.3 59.19 65.15 49.29 42.01 85.73 78.31; 42.76 43.27 54.89 57.99 42.74 46.25 48.32 55.91 68.89 73.23 59.13 49.44 88.38 84.01; NaN NaN NaN NaN NaN NaN NaN NaN NaN NaN NaN NaN NaN NaN; 42.76 43.27 54.89 57.99 42.74 46.25 48.32 55.91 68.89 73.23 59.13 49.44 88.38 84.01; 49.54 49.25 65.5 68.55 49.54 51.03 53.72 63.14 74.24 78.38 65.42 54.12 90.32 86.97; NaN NaN NaN NaN NaN NaN NaN NaN NaN NaN NaN NaN NaN NaN; 49.54 49.25 65.5 68.55 49.54 51.03 53.72 63.14 74.24 78.38 65.42 54.12 90.32 86.97; 52.8 53.28 73.84 74.8 54.38 54.01 57.7 67.21 78.38 81.62 70.49 58.7 91.23 88.29; NaN NaN NaN NaN NaN NaN NaN NaN NaN NaN NaN NaN NaN NaN; 52.8 53.28 73.84 74.8 54.38 54.01 57.7 67.21 78.38 81.62 70.49 58.7 91.23 88.29; 55.15 57.42 78.27 79.82 58.29 56.72 60.55 69.76 80.51 83.03 73.23 62.56 92.25 89.41; NaN NaN NaN NaN NaN NaN NaN NaN NaN NaN NaN NaN NaN NaN; 55.15 57.42 78.27 79.82 58.29 56.72 60.55 69.76 80.51 83.03 73.23 62.56 92.25 89.41; 58.28 60.07 82.29 82.99 62.21 59.04 62.9 72.4 83.03 84.34 75.76 65.62 92.97 90.22; NaN NaN NaN NaN NaN NaN NaN NaN NaN NaN NaN NaN NaN NaN; 58.28 60.07 82.29 82.99 62.21 59.04 62.9 72.4 83.03 84.34 75.76 65.62 92.97 90.22; 61.28 63.87 84.96 86.07 66.13 61.24 64.53 74.85 84.34 85.56 77.18 68.36 93.48 90.94; NaN NaN NaN NaN NaN NaN NaN NaN NaN NaN NaN NaN NaN NaN; 61.28 63.87 84.96 86.07 66.13 61.24 64.53 74.85 84.34 85.56 77.18 68.36 93.48 90.94]
***** epoch: 10 ***** 
trn_loss: 0 
tst_loss: 0 
naive_trn_accuracy: 0 
naive_tst_accuracy: 0  
pck_val_accuracy: 0.5953166777666781  
[0.0 0.0 0.0 0.0 0.0 0.0 0.0 0.0 0.0 0.0 0.0 0.0 0.0 0.0; NaN NaN NaN NaN NaN NaN NaN NaN NaN NaN NaN NaN NaN NaN; 0.0 0.0 0.0 0.0 0.0 0.0 0.0 0.0 0.0 0.0 0.0 0.0 0.0 0.0; 2.61 3.8 3.4 4.51 3.57 2.58 5.3 4.68 6.67 8.89 7.61 5.49 9.89 10.79; NaN NaN NaN NaN NaN NaN NaN NaN NaN NaN NaN NaN NaN NaN; 2.61 3.8 3.4 4.51 3.57 2.58 5.3 4.68 6.67 8.89 7.61 5.49 9.89 10.79; 13.95 12.89 15.96 15.47 13.82 13.7 18.55 18.13 23.54 31.92 21.4 16.68 42.61 40.02; NaN NaN NaN NaN NaN NaN NaN NaN NaN NaN NaN NaN NaN NaN; 13.95 12.89 15.96 15.47 13.82 13.7 18.55 18.13 23.54 31.92 21.4 16.68 42.61 40.02; 27.12 26.12 32.44 29.61 24.77 26.87 31.6 34.83 46.46 53.23 37.73 29.81 69.52 61.91; NaN NaN NaN NaN NaN NaN NaN NaN NaN NaN NaN NaN NaN NaN; 27.12 26.12 32.44 29.61 24.77 26.87 31.6 34.83 46.46 53.23 37.73 29.81 69.52 61.91; 37.16 36.59 47.58 42.42 34.33 38.76 41.18 48.78 60.1 64.65 49.59 41.71 84.1 78.51; NaN NaN NaN NaN NaN NaN NaN NaN NaN NaN NaN NaN NaN NaN; 37.16 36.59 47.58 42.42 34.33 38.76 41.18 48.78 60.1 64.65 49.59 41.71 84.1 78.51; 42.76 44.65 61.28 53.18 42.4 47.29 48.73 57.64 70.0 72.93 57.51 48.83 87.56 84.01; NaN NaN NaN NaN NaN NaN NaN NaN NaN NaN NaN NaN NaN NaN; 42.76 44.65 61.28 53.18 42.4 47.29 48.73 57.64 70.0 72.93 57.51 48.83 87.56 84.01; 50.46 49.71 70.24 61.17 48.04 52.07 54.64 63.85 76.77 77.98 63.59 55.14 90.32 88.19; NaN NaN NaN NaN NaN NaN NaN NaN NaN NaN NaN NaN NaN NaN; 50.46 49.71 70.24 61.17 48.04 52.07 54.64 63.85 76.77 77.98 63.59 55.14 90.32 88.19; 54.11 53.28 75.39 68.03 52.19 54.26 58.1 69.14 80.3 81.31 68.97 59.1 91.54 89.31; NaN NaN NaN NaN NaN NaN NaN NaN NaN NaN NaN NaN NaN NaN; 54.11 53.28 75.39 68.03 52.19 54.26 58.1 69.14 80.3 81.31 68.97 59.1 91.54 89.31; 56.98 58.11 79.4 73.87 55.88 56.98 60.96 72.1 82.93 82.42 72.21 62.56 92.25 90.22; NaN NaN NaN NaN NaN NaN NaN NaN NaN NaN NaN NaN NaN NaN; 56.98 58.11 79.4 73.87 55.88 56.98 60.96 72.1 82.93 82.42 72.21 62.56 92.25 90.22; 59.71 61.68 82.6 78.59 59.45 59.69 63.91 74.24 84.65 84.44 74.44 64.9 93.07 91.14; NaN NaN NaN NaN NaN NaN NaN NaN NaN NaN NaN NaN NaN NaN; 59.71 61.68 82.6 78.59 59.45 59.69 63.91 74.24 84.65 84.44 74.44 64.9 93.07 91.14; 62.06 64.21 86.2 80.94 63.36 62.02 65.85 76.68 86.67 85.45 76.77 67.65 93.37 92.06; NaN NaN NaN NaN NaN NaN NaN NaN NaN NaN NaN NaN NaN NaN; 62.06 64.21 86.2 80.94 63.36 62.02 65.85 76.68 86.67 85.45 76.77 67.65 93.37 92.06]
***** epoch: 11 ***** 
trn_loss: 0 
tst_loss: 0 
naive_trn_accuracy: 0 
naive_tst_accuracy: 0  
pck_val_accuracy: 0.5885123737373736  
[0.0 0.0 0.0 0.0 0.0 0.0 0.0 0.0 0.0 0.0 0.0 0.0 0.0 0.0; NaN NaN NaN NaN NaN NaN NaN NaN NaN NaN NaN NaN NaN NaN; 0.0 0.0 0.0 0.0 0.0 0.0 0.0 0.0 0.0 0.0 0.0 0.0 0.0 0.0; 3.65 3.68 3.5 4.1 2.76 3.1 5.3 6.01 8.59 9.09 5.38 4.37 13.46 10.9; NaN NaN NaN NaN NaN NaN NaN NaN NaN NaN NaN NaN NaN NaN; 3.65 3.68 3.5 4.1 2.76 3.1 5.3 6.01 8.59 9.09 5.38 4.37 13.46 10.9; 16.56 12.2 12.87 14.24 12.79 14.73 18.86 20.77 29.9 30.2 18.76 14.34 47.4 39.92; NaN NaN NaN NaN NaN NaN NaN NaN NaN NaN NaN NaN NaN NaN; 16.56 12.2 12.87 14.24 12.79 14.73 18.86 20.77 29.9 30.2 18.76 14.34 47.4 39.92; 27.64 25.43 29.04 27.05 23.27 25.32 31.7 37.98 52.02 50.2 34.79 27.67 74.21 62.63; NaN NaN NaN NaN NaN NaN NaN NaN NaN NaN NaN NaN NaN NaN; 27.64 25.43 29.04 27.05 23.27 25.32 31.7 37.98 52.02 50.2 34.79 27.67 74.21 62.63; 37.68 34.87 44.7 38.93 31.91 37.73 41.18 50.71 65.45 62.73 47.87 39.78 85.63 76.88; NaN NaN NaN NaN NaN NaN NaN NaN NaN NaN NaN NaN NaN NaN; 37.68 34.87 44.7 38.93 31.91 37.73 41.18 50.71 65.45 62.73 47.87 39.78 85.63 76.88; 42.76 43.61 57.47 48.46 40.55 46.51 47.91 61.2 73.64 73.13 55.88 46.59 88.07 82.89; NaN NaN NaN NaN NaN NaN NaN NaN NaN NaN NaN NaN NaN NaN; 42.76 43.61 57.47 48.46 40.55 46.51 47.91 61.2 73.64 73.13 55.88 46.59 88.07 82.89; 47.98 49.71 66.43 58.3 45.28 50.26 53.72 67.11 78.59 77.37 61.76 53.71 90.21 87.07; NaN NaN NaN NaN NaN NaN NaN NaN NaN NaN NaN NaN NaN NaN; 47.98 49.71 66.43 58.3 45.28 50.26 53.72 67.11 78.59 77.37 61.76 53.71 90.21 87.07; 51.37 53.28 73.64 64.34 50.92 53.1 57.49 71.38 81.31 80.71 67.04 58.29 91.23 88.8; NaN NaN NaN NaN NaN NaN NaN NaN NaN NaN NaN NaN NaN NaN; 51.37 53.28 73.64 64.34 50.92 53.1 57.49 71.38 81.31 80.71 67.04 58.29 91.23 88.8; 54.24 56.96 78.37 71.21 54.03 55.94 60.75 73.12 82.93 82.02 69.88 61.34 91.64 89.71; NaN NaN NaN NaN NaN NaN NaN NaN NaN NaN NaN NaN NaN NaN; 54.24 56.96 78.37 71.21 54.03 55.94 60.75 73.12 82.93 82.02 69.88 61.34 91.64 89.71; 56.58 61.33 83.11 75.82 57.37 58.4 63.2 74.95 84.65 83.74 73.02 63.38 92.56 90.22; NaN NaN NaN NaN NaN NaN NaN NaN NaN NaN NaN NaN NaN NaN; 56.58 61.33 83.11 75.82 57.37 58.4 63.2 74.95 84.65 83.74 73.02 63.38 92.56 90.22; 60.37 64.9 86.2 79.82 60.48 60.34 64.93 77.6 85.86 84.65 75.76 66.33 92.86 90.73; NaN NaN NaN NaN NaN NaN NaN NaN NaN NaN NaN NaN NaN NaN; 60.37 64.9 86.2 79.82 60.48 60.34 64.93 77.6 85.86 84.65 75.76 66.33 92.86 90.73]
***** epoch: 12 ***** 
trn_loss: 0 
tst_loss: 0 
naive_trn_accuracy: 0 
naive_tst_accuracy: 0  
pck_val_accuracy: 0.5883639804639802  
[0.0 0.0 0.0 0.0 0.0 0.0 0.0 0.0 0.0 0.0 0.0 0.0 0.0 0.0; NaN NaN NaN NaN NaN NaN NaN NaN NaN NaN NaN NaN NaN NaN; 0.0 0.0 0.0 0.0 0.0 0.0 0.0 0.0 0.0 0.0 0.0 0.0 0.0 0.0; 2.74 3.57 4.02 3.89 2.19 2.33 4.59 3.67 6.57 8.79 4.77 5.8 11.72 11.51; NaN NaN NaN NaN NaN NaN NaN NaN NaN NaN NaN NaN NaN NaN; 2.74 3.57 4.02 3.89 2.19 2.33 4.59 3.67 6.57 8.79 4.77 5.8 11.72 11.51; 13.69 13.81 15.04 14.65 11.52 13.18 17.23 17.62 26.36 32.93 17.85 16.17 44.14 41.14; NaN NaN NaN NaN NaN NaN NaN NaN NaN NaN NaN NaN NaN NaN; 13.69 13.81 15.04 14.65 11.52 13.18 17.23 17.62 26.36 32.93 17.85 16.17 44.14 41.14; 26.34 25.09 29.56 28.59 21.66 24.81 30.68 33.6 47.78 53.74 34.08 30.21 70.34 60.59; NaN NaN NaN NaN NaN NaN NaN NaN NaN NaN NaN NaN NaN NaN; 26.34 25.09 29.56 28.59 21.66 24.81 30.68 33.6 47.78 53.74 34.08 30.21 70.34 60.59; 37.03 35.44 44.18 43.14 32.83 36.18 40.67 47.35 61.82 65.96 48.28 41.61 83.59 75.25; NaN NaN NaN NaN NaN NaN NaN NaN NaN NaN NaN NaN NaN NaN; 37.03 35.44 44.18 43.14 32.83 36.18 40.67 47.35 61.82 65.96 48.28 41.61 83.59 75.25; 43.16 43.73 57.16 54.41 41.13 44.19 48.52 57.64 70.1 73.74 58.11 49.03 87.16 81.57; NaN NaN NaN NaN NaN NaN NaN NaN NaN NaN NaN NaN NaN NaN; 43.16 43.73 57.16 54.41 41.13 44.19 48.52 57.64 70.1 73.74 58.11 49.03 87.16 81.57; 48.11 47.87 66.63 64.96 46.54 48.58 54.03 63.24 75.15 78.28 64.1 53.61 90.01 85.74; NaN NaN NaN NaN NaN NaN NaN NaN NaN NaN NaN NaN NaN NaN; 48.11 47.87 66.63 64.96 46.54 48.58 54.03 63.24 75.15 78.28 64.1 53.61 90.01 85.74; 51.11 52.01 73.22 71.72 51.27 51.55 57.29 68.02 78.79 80.71 70.39 57.27 90.72 87.78; NaN NaN NaN NaN NaN NaN NaN NaN NaN NaN NaN NaN NaN NaN; 51.11 52.01 73.22 71.72 51.27 51.55 57.29 68.02 78.79 80.71 70.39 57.27 90.72 87.78; 53.59 56.27 78.58 77.05 55.18 54.91 60.55 70.16 81.31 81.92 73.53 60.83 91.64 89.1; NaN NaN NaN NaN NaN NaN NaN NaN NaN NaN NaN NaN NaN NaN; 53.59 56.27 78.58 77.05 55.18 54.91 60.55 70.16 81.31 81.92 73.53 60.83 91.64 89.1; 56.19 60.18 82.08 80.23 58.29 57.36 63.2 73.22 83.33 83.94 75.56 63.48 92.56 90.02; NaN NaN NaN NaN NaN NaN NaN NaN NaN NaN NaN NaN NaN NaN; 56.19 60.18 82.08 80.23 58.29 57.36 63.2 73.22 83.33 83.94 75.56 63.48 92.56 90.02; 59.58 63.29 85.27 83.3 61.41 58.4 64.83 75.15 84.65 84.95 77.28 66.43 92.76 90.53; NaN NaN NaN NaN NaN NaN NaN NaN NaN NaN NaN NaN NaN NaN; 59.58 63.29 85.27 83.3 61.41 58.4 64.83 75.15 84.65 84.95 77.28 66.43 92.76 90.53]
