***** epoch: 0 ***** 
trn_loss: 0 
tst_loss: 0 
naive_trn_accuracy: 0 
naive_tst_accuracy: 0  
pck_val_accuracy: 0.38603129648129647  
[0.0 0.0 0.0 0.0 0.0 0.0 0.0 0.0 0.0 0.0 0.0 0.0 0.0 0.0; NaN NaN NaN NaN NaN NaN NaN NaN NaN NaN NaN NaN NaN NaN; 0.0 0.0 0.0 0.0 0.0 0.0 0.0 0.0 0.0 0.0 0.0 0.0 0.0 0.0; 1.23 1.61 1.54 1.28 1.32 0.32 1.07 1.37 2.17 1.46 0.56 0.25 2.09 2.39; NaN NaN NaN NaN NaN NaN NaN NaN NaN NaN NaN NaN NaN NaN; 1.23 1.61 1.54 1.28 1.32 0.32 1.07 1.37 2.17 1.46 0.56 0.25 2.09 2.39; 4.87 6.91 6.83 5.24 5.18 2.6 4.79 5.03 8.48 4.95 3.0 2.29 8.92 8.2; NaN NaN NaN NaN NaN NaN NaN NaN NaN NaN NaN NaN NaN NaN; 4.87 6.91 6.83 5.24 5.18 2.6 4.79 5.03 8.48 4.95 3.0 2.29 8.92 8.2; 13.11 15.31 16.13 13.87 11.17 7.4 12.98 13.26 21.01 12.37 8.89 6.62 24.67 19.3; NaN NaN NaN NaN NaN NaN NaN NaN NaN NaN NaN NaN NaN NaN; 13.11 15.31 16.13 13.87 11.17 7.4 12.98 13.26 21.01 12.37 8.89 6.62 24.67 19.3; 23.36 24.58 27.07 24.7 18.42 15.31 23.93 25.61 37.22 22.68 17.68 13.65 48.57 35.18; NaN NaN NaN NaN NaN NaN NaN NaN NaN NaN NaN NaN NaN NaN; 23.36 24.58 27.07 24.7 18.42 15.31 23.93 25.61 37.22 22.68 17.68 13.65 48.57 35.18; 35.5 33.68 40.22 37.29 27.81 24.98 34.73 40.65 52.83 35.1 28.91 21.84 71.15 48.37; NaN NaN NaN NaN NaN NaN NaN NaN NaN NaN NaN NaN NaN NaN; 35.5 33.68 40.22 37.29 27.81 24.98 34.73 40.65 52.83 35.1 28.91 21.84 71.15 48.37; 43.48 40.88 51.41 47.92 35.0 34.78 43.79 54.01 66.92 47.73 42.33 32.54 83.74 59.78; NaN NaN NaN NaN NaN NaN NaN NaN NaN NaN NaN NaN NaN NaN; 43.48 40.88 51.41 47.92 35.0 34.78 43.79 54.01 66.92 47.73 42.33 32.54 83.74 59.78; 48.86 46.63 61.27 56.45 41.91 43.54 51.48 63.72 75.0 60.45 53.56 41.55 88.74 70.21; NaN NaN NaN NaN NaN NaN NaN NaN NaN NaN NaN NaN NaN NaN; 48.86 46.63 61.27 56.45 41.91 43.54 51.48 63.72 75.0 60.45 53.56 41.55 88.74 70.21; 52.95 51.81 69.65 63.59 46.34 48.48 56.67 69.77 79.75 70.86 61.59 48.73 90.72 79.99; NaN NaN NaN NaN NaN NaN NaN NaN NaN NaN NaN NaN NaN NaN; 52.95 51.81 69.65 63.59 46.34 48.48 56.67 69.77 79.75 70.86 61.59 48.73 90.72 79.99; 56.65 56.3 74.88 69.39 49.91 52.11 61.41 73.07 83.48 77.37 67.07 54.38 91.64 87.02; NaN NaN NaN NaN NaN NaN NaN NaN NaN NaN NaN NaN NaN NaN; 56.65 56.3 74.88 69.39 49.91 52.11 61.41 73.07 83.48 77.37 67.07 54.38 91.64 87.02; 59.9 60.85 79.15 73.91 53.48 54.64 64.66 75.91 84.95 81.16 71.54 58.15 92.25 89.97; NaN NaN NaN NaN NaN NaN NaN NaN NaN NaN NaN NaN NaN NaN; 59.9 60.85 79.15 73.91 53.48 54.64 64.66 75.91 84.95 81.16 71.54 58.15 92.25 89.97]
***** epoch: 1 ***** 
trn_loss: 0 
tst_loss: 0 
naive_trn_accuracy: 0 
naive_tst_accuracy: 0  
pck_val_accuracy: 0.41217815795315793  
[0.0 0.0 0.0 0.0 0.0 0.0 0.0 0.0 0.0 0.0 0.0 0.0 0.0 0.0; NaN NaN NaN NaN NaN NaN NaN NaN NaN NaN NaN NaN NaN NaN; 0.0 0.0 0.0 0.0 0.0 0.0 0.0 0.0 0.0 0.0 0.0 0.0 0.0 0.0; 1.04 2.07 1.49 0.92 0.98 0.52 0.97 0.97 1.92 1.31 0.76 0.56 0.71 1.43; NaN NaN NaN NaN NaN NaN NaN NaN NaN NaN NaN NaN NaN NaN; 1.04 2.07 1.49 0.92 0.98 0.52 0.97 0.97 1.92 1.31 0.76 0.56 0.71 1.43; 5.91 6.33 6.52 5.08 3.8 2.92 4.43 4.57 7.63 5.1 2.54 2.29 4.69 5.19; NaN NaN NaN NaN NaN NaN NaN NaN NaN NaN NaN NaN NaN NaN; 5.91 6.33 6.52 5.08 3.8 2.92 4.43 4.57 7.63 5.1 2.54 2.29 4.69 5.19; 16.42 14.28 15.05 12.28 9.1 7.98 13.95 12.14 21.31 12.42 7.47 6.57 18.81 15.17; NaN NaN NaN NaN NaN NaN NaN NaN NaN NaN NaN NaN NaN NaN; 16.42 14.28 15.05 12.28 9.1 7.98 13.95 12.14 21.31 12.42 7.47 6.57 18.81 15.17; 30.24 24.58 25.53 22.44 17.27 16.61 26.93 24.95 40.25 24.29 18.6 16.5 46.23 30.3; NaN NaN NaN NaN NaN NaN NaN NaN NaN NaN NaN NaN NaN NaN; 30.24 24.58 25.53 22.44 17.27 16.61 26.93 24.95 40.25 24.29 18.6 16.5 46.23 30.3; 42.76 35.06 39.09 33.9 28.84 27.38 41.34 43.7 57.42 39.14 33.49 29.74 70.49 48.73; NaN NaN NaN NaN NaN NaN NaN NaN NaN NaN NaN NaN NaN NaN; 42.76 35.06 39.09 33.9 28.84 27.38 41.34 43.7 57.42 39.14 33.49 29.74 70.49 48.73; 50.16 43.98 52.9 44.48 38.11 39.13 51.37 60.52 69.85 55.25 47.56 42.06 83.64 64.51; NaN NaN NaN NaN NaN NaN NaN NaN NaN NaN NaN NaN NaN NaN; 50.16 43.98 52.9 44.48 38.11 39.13 51.37 60.52 69.85 55.25 47.56 42.06 83.64 64.51; 54.38 51.35 63.84 52.9 44.56 46.2 59.62 67.99 77.27 69.09 58.33 52.8 88.02 78.31; NaN NaN NaN NaN NaN NaN NaN NaN NaN NaN NaN NaN NaN NaN; 54.38 51.35 63.84 52.9 44.56 46.2 59.62 67.99 77.27 69.09 58.33 52.8 88.02 78.31; 58.73 56.59 72.21 59.53 48.65 50.62 63.9 72.92 81.57 76.97 65.14 58.04 89.5 86.46; NaN NaN NaN NaN NaN NaN NaN NaN NaN NaN NaN NaN NaN NaN; 58.73 56.59 72.21 59.53 48.65 50.62 63.9 72.92 81.57 76.97 65.14 58.04 89.5 86.46; 61.78 61.49 76.37 64.2 52.22 53.28 66.75 76.02 84.04 81.41 70.88 61.51 90.47 89.41; NaN NaN NaN NaN NaN NaN NaN NaN NaN NaN NaN NaN NaN NaN; 61.78 61.49 76.37 64.2 52.22 53.28 66.75 76.02 84.04 81.41 70.88 61.51 90.47 89.41; 64.05 65.57 79.66 68.0 55.38 56.13 69.2 78.4 85.86 83.54 74.09 64.66 91.03 90.68; NaN NaN NaN NaN NaN NaN NaN NaN NaN NaN NaN NaN NaN NaN; 64.05 65.57 79.66 68.0 55.38 56.13 69.2 78.4 85.86 83.54 74.09 64.66 91.03 90.68]
***** epoch: 2 ***** 
trn_loss: 0 
tst_loss: 0 
naive_trn_accuracy: 0 
naive_tst_accuracy: 0  
pck_val_accuracy: 0.4115686965811966  
[0.0 0.0 0.0 0.0 0.0 0.0 0.0 0.0 0.0 0.0 0.0 0.0 0.0 0.0; NaN NaN NaN NaN NaN NaN NaN NaN NaN NaN NaN NaN NaN NaN; 0.0 0.0 0.0 0.0 0.0 0.0 0.0 0.0 0.0 0.0 0.0 0.0 0.0 0.0; 0.97 1.21 1.39 0.92 0.63 0.32 0.87 0.61 1.36 0.4 0.25 0.66 0.2 0.81; NaN NaN NaN NaN NaN NaN NaN NaN NaN NaN NaN NaN NaN NaN; 0.97 1.21 1.39 0.92 0.63 0.32 0.87 0.61 1.36 0.4 0.25 0.66 0.2 0.81; 5.06 5.76 6.42 4.62 3.11 2.21 4.07 3.2 6.21 2.53 1.83 2.19 3.21 3.82; NaN NaN NaN NaN NaN NaN NaN NaN NaN NaN NaN NaN NaN NaN; 5.06 5.76 6.42 4.62 3.11 2.21 4.07 3.2 6.21 2.53 1.83 2.19 3.21 3.82; 13.5 13.13 15.25 12.58 8.06 6.23 11.71 10.21 20.45 7.78 6.2 6.42 15.6 11.76; NaN NaN NaN NaN NaN NaN NaN NaN NaN NaN NaN NaN NaN NaN; 13.5 13.13 15.25 12.58 8.06 6.23 11.71 10.21 20.45 7.78 6.2 6.42 15.6 11.76; 26.61 24.93 25.99 23.47 16.7 14.21 26.88 25.46 42.58 18.43 18.34 15.63 41.69 25.61; NaN NaN NaN NaN NaN NaN NaN NaN NaN NaN NaN NaN NaN NaN; 26.61 24.93 25.99 23.47 16.7 14.21 26.88 25.46 42.58 18.43 18.34 15.63 41.69 25.61; 42.57 37.31 39.86 35.29 28.96 26.22 40.73 45.27 61.06 34.44 34.5 29.43 68.65 46.03; NaN NaN NaN NaN NaN NaN NaN NaN NaN NaN NaN NaN NaN NaN; 42.57 37.31 39.86 35.29 28.96 26.22 40.73 45.27 61.06 34.44 34.5 29.43 68.65 46.03; 50.23 47.73 54.7 46.53 39.78 38.48 53.46 61.38 73.28 51.31 51.17 42.97 82.47 65.53; NaN NaN NaN NaN NaN NaN NaN NaN NaN NaN NaN NaN NaN NaN; 50.23 47.73 54.7 46.53 39.78 38.48 53.46 61.38 73.28 51.31 51.17 42.97 82.47 65.53; 55.35 54.23 65.9 55.62 46.69 46.33 61.1 69.36 80.15 66.31 60.67 53.05 87.26 79.53; NaN NaN NaN NaN NaN NaN NaN NaN NaN NaN NaN NaN NaN NaN; 55.35 54.23 65.9 55.62 46.69 46.33 61.1 69.36 80.15 66.31 60.67 53.05 87.26 79.53; 58.6 59.12 74.06 61.84 50.95 50.29 64.66 74.19 82.58 74.95 67.23 59.47 88.69 85.18; NaN NaN NaN NaN NaN NaN NaN NaN NaN NaN NaN NaN NaN NaN; 58.6 59.12 74.06 61.84 50.95 50.29 64.66 74.19 82.58 74.95 67.23 59.47 88.69 85.18; 62.82 63.5 78.53 65.84 54.35 53.93 67.46 76.93 84.19 79.65 71.8 63.24 89.7 87.63; NaN NaN NaN NaN NaN NaN NaN NaN NaN NaN NaN NaN NaN NaN; 62.82 63.5 78.53 65.84 54.35 53.93 67.46 76.93 84.19 79.65 71.8 63.24 89.7 87.63; 65.22 66.67 82.13 69.7 56.99 56.46 69.91 79.17 85.81 82.12 75.61 65.78 90.21 88.85; NaN NaN NaN NaN NaN NaN NaN NaN NaN NaN NaN NaN NaN NaN; 65.22 66.67 82.13 69.7 56.99 56.46 69.91 79.17 85.81 82.12 75.61 65.78 90.21 88.85]
***** epoch: 3 ***** 
trn_loss: 0 
tst_loss: 0 
naive_trn_accuracy: 0 
naive_tst_accuracy: 0  
pck_val_accuracy: 0.4299134726384729  
[0.0 0.0 0.0 0.0 0.0 0.0 0.0 0.0 0.0 0.0 0.0 0.0 0.0 0.0; NaN NaN NaN NaN NaN NaN NaN NaN NaN NaN NaN NaN NaN NaN; 0.0 0.0 0.0 0.0 0.0 0.0 0.0 0.0 0.0 0.0 0.0 0.0 0.0 0.0; 1.17 1.27 1.34 1.03 0.86 0.39 1.07 0.51 1.46 0.4 0.36 0.46 0.36 0.51; NaN NaN NaN NaN NaN NaN NaN NaN NaN NaN NaN NaN NaN NaN; 1.17 1.27 1.34 1.03 0.86 0.39 1.07 0.51 1.46 0.4 0.36 0.46 0.36 0.51; 5.06 5.64 5.86 4.11 3.11 2.21 4.58 3.15 6.31 1.87 1.63 2.14 3.41 3.62; NaN NaN NaN NaN NaN NaN NaN NaN NaN NaN NaN NaN NaN NaN; 5.06 5.64 5.86 4.11 3.11 2.21 4.58 3.15 6.31 1.87 1.63 2.14 3.41 3.62; 14.21 14.45 15.05 11.04 8.23 7.85 13.85 10.47 20.2 5.96 5.08 7.28 17.23 10.29; NaN NaN NaN NaN NaN NaN NaN NaN NaN NaN NaN NaN NaN NaN; 14.21 14.45 15.05 11.04 8.23 7.85 13.85 10.47 20.2 5.96 5.08 7.28 17.23 10.29; 27.71 26.31 27.27 21.52 17.9 16.74 29.43 26.37 42.58 17.73 16.01 20.16 47.5 23.88; NaN NaN NaN NaN NaN NaN NaN NaN NaN NaN NaN NaN NaN NaN; 27.71 26.31 27.27 21.52 17.9 16.74 29.43 26.37 42.58 17.73 16.01 20.16 47.5 23.88; 43.02 37.13 42.78 34.36 30.22 30.95 44.35 46.54 64.39 34.7 33.64 34.16 73.85 46.44; NaN NaN NaN NaN NaN NaN NaN NaN NaN NaN NaN NaN NaN NaN; 43.02 37.13 42.78 34.36 30.22 30.95 44.35 46.54 64.39 34.7 33.64 34.16 73.85 46.44; 50.81 47.61 56.96 45.92 40.3 42.89 55.55 61.94 76.16 53.38 47.31 46.23 84.91 66.96; NaN NaN NaN NaN NaN NaN NaN NaN NaN NaN NaN NaN NaN NaN; 50.81 47.61 56.96 45.92 40.3 42.89 55.55 61.94 76.16 53.38 47.31 46.23 84.91 66.96; 54.77 54.35 68.21 54.49 47.84 49.38 61.25 70.17 82.02 67.98 58.79 55.19 88.07 80.7; NaN NaN NaN NaN NaN NaN NaN NaN NaN NaN NaN NaN NaN NaN; 54.77 54.35 68.21 54.49 47.84 49.38 61.25 70.17 82.02 67.98 58.79 55.19 88.07 80.7; 58.4 59.07 75.19 60.25 51.12 51.91 64.77 74.09 84.04 75.35 65.14 60.23 89.14 85.74; NaN NaN NaN NaN NaN NaN NaN NaN NaN NaN NaN NaN NaN NaN; 58.4 59.07 75.19 60.25 51.12 51.91 64.77 74.09 84.04 75.35 65.14 60.23 89.14 85.74; 61.78 62.75 79.66 64.56 54.4 54.12 66.85 77.18 85.45 80.2 69.77 63.44 90.21 88.14; NaN NaN NaN NaN NaN NaN NaN NaN NaN NaN NaN NaN NaN NaN; 61.78 62.75 79.66 64.56 54.4 54.12 66.85 77.18 85.45 80.2 69.77 63.44 90.21 88.14; 64.5 66.03 82.43 68.52 56.71 56.39 69.14 79.01 86.97 82.73 72.76 65.58 90.88 88.95; NaN NaN NaN NaN NaN NaN NaN NaN NaN NaN NaN NaN NaN NaN; 64.5 66.03 82.43 68.52 56.71 56.39 69.14 79.01 86.97 82.73 72.76 65.58 90.88 88.95]
***** epoch: 4 ***** 
trn_loss: 0 
tst_loss: 0 
naive_trn_accuracy: 0 
naive_tst_accuracy: 0  
pck_val_accuracy: 0.43647635281385283  
[0.0 0.0 0.0 0.0 0.0 0.0 0.0 0.0 0.0 0.0 0.0 0.0 0.0 0.0; NaN NaN NaN NaN NaN NaN NaN NaN NaN NaN NaN NaN NaN NaN; 0.0 0.0 0.0 0.0 0.0 0.0 0.0 0.0 0.0 0.0 0.0 0.0 0.0 0.0; 0.71 0.46 1.23 0.98 0.52 0.58 0.87 0.51 0.71 0.51 0.51 0.36 0.46 0.81; NaN NaN NaN NaN NaN NaN NaN NaN NaN NaN NaN NaN NaN NaN; 0.71 0.46 1.23 0.98 0.52 0.58 0.87 0.51 0.71 0.51 0.51 0.36 0.46 0.81; 3.5 3.74 4.78 3.95 1.67 1.95 3.92 2.54 5.51 2.42 2.54 1.93 3.82 3.77; NaN NaN NaN NaN NaN NaN NaN NaN NaN NaN NaN NaN NaN NaN; 3.5 3.74 4.78 3.95 1.67 1.95 3.92 2.54 5.51 2.42 2.54 1.93 3.82 3.77; 12.13 10.54 12.38 9.6 5.81 6.94 11.15 8.28 17.32 8.28 6.96 7.99 16.77 12.42; NaN NaN NaN NaN NaN NaN NaN NaN NaN NaN NaN NaN NaN NaN; 12.13 10.54 12.38 9.6 5.81 6.94 11.15 8.28 17.32 8.28 6.96 7.99 16.77 12.42; 25.7 22.51 24.04 21.88 14.8 16.74 27.29 25.61 39.75 22.02 19.87 22.45 47.91 29.74; NaN NaN NaN NaN NaN NaN NaN NaN NaN NaN NaN NaN NaN NaN; 25.7 22.51 24.04 21.88 14.8 16.74 27.29 25.61 39.75 22.02 19.87 22.45 47.91 29.74; 41.21 36.67 38.47 34.98 28.09 30.95 42.57 45.33 61.06 41.72 38.01 36.05 74.67 54.53; NaN NaN NaN NaN NaN NaN NaN NaN NaN NaN NaN NaN NaN NaN; 41.21 36.67 38.47 34.98 28.09 30.95 42.57 45.33 61.06 41.72 38.01 36.05 74.67 54.53; 50.29 47.32 52.7 47.15 39.84 43.61 54.07 59.65 72.42 61.21 51.68 46.69 85.02 73.42; NaN NaN NaN NaN NaN NaN NaN NaN NaN NaN NaN NaN NaN NaN; 50.29 47.32 52.7 47.15 39.84 43.61 54.07 59.65 72.42 61.21 51.68 46.69 85.02 73.42; 55.42 53.48 63.43 55.42 46.06 48.99 59.16 67.12 78.03 71.77 61.84 53.77 88.12 83.4; NaN NaN NaN NaN NaN NaN NaN NaN NaN NaN NaN NaN NaN NaN; 55.42 53.48 63.43 55.42 46.06 48.99 59.16 67.12 78.03 71.77 61.84 53.77 88.12 83.4; 59.18 59.41 70.36 60.5 50.26 53.02 62.22 71.65 80.66 77.93 68.39 57.84 89.09 87.02; NaN NaN NaN NaN NaN NaN NaN NaN NaN NaN NaN NaN NaN NaN; 59.18 59.41 70.36 60.5 50.26 53.02 62.22 71.65 80.66 77.93 68.39 57.84 89.09 87.02; 61.65 62.46 75.3 64.92 53.48 54.96 65.02 74.29 82.68 80.71 72.87 60.74 90.01 89.15; NaN NaN NaN NaN NaN NaN NaN NaN NaN NaN NaN NaN NaN NaN; 61.65 62.46 75.3 64.92 53.48 54.96 65.02 74.29 82.68 80.71 72.87 60.74 90.01 89.15; 64.37 64.54 78.17 68.93 56.65 57.37 66.85 76.42 84.55 83.43 75.81 63.44 90.57 90.27; NaN NaN NaN NaN NaN NaN NaN NaN NaN NaN NaN NaN NaN NaN; 64.37 64.54 78.17 68.93 56.65 57.37 66.85 76.42 84.55 83.43 75.81 63.44 90.57 90.27]
***** epoch: 5 ***** 
trn_loss: 0 
tst_loss: 0 
naive_trn_accuracy: 0 
naive_tst_accuracy: 0  
pck_val_accuracy: 0.43310506854256864  
[0.0 0.0 0.0 0.0 0.0 0.0 0.0 0.0 0.0 0.0 0.0 0.0 0.0 0.0; NaN NaN NaN NaN NaN NaN NaN NaN NaN NaN NaN NaN NaN NaN; 0.0 0.0 0.0 0.0 0.0 0.0 0.0 0.0 0.0 0.0 0.0 0.0 0.0 0.0; 0.91 0.69 1.28 0.77 0.52 0.58 0.76 0.71 1.41 0.25 0.51 0.36 0.41 0.81; NaN NaN NaN NaN NaN NaN NaN NaN NaN NaN NaN NaN NaN NaN; 0.91 0.69 1.28 0.77 0.52 0.58 0.76 0.71 1.41 0.25 0.51 0.36 0.41 0.81; 2.86 3.57 5.6 3.95 1.73 2.01 4.18 3.76 7.68 1.62 1.98 2.44 3.31 3.16; NaN NaN NaN NaN NaN NaN NaN NaN NaN NaN NaN NaN NaN NaN; 2.86 3.57 5.6 3.95 1.73 2.01 4.18 3.76 7.68 1.62 1.98 2.44 3.31 3.16; 10.32 10.65 13.92 10.37 5.24 6.55 14.0 11.13 22.58 6.87 6.66 6.82 16.62 9.52; NaN NaN NaN NaN NaN NaN NaN NaN NaN NaN NaN NaN NaN NaN; 10.32 10.65 13.92 10.37 5.24 6.55 14.0 11.13 22.58 6.87 6.66 6.82 16.62 9.52; 23.17 21.76 25.78 20.39 14.74 16.22 31.06 29.32 46.41 19.75 19.61 20.21 45.11 24.24; NaN NaN NaN NaN NaN NaN NaN NaN NaN NaN NaN NaN NaN NaN; 23.17 21.76 25.78 20.39 14.74 16.22 31.06 29.32 46.41 19.75 19.61 20.21 45.11 24.24; 39.26 35.12 40.99 34.21 27.92 31.93 44.14 48.32 65.86 38.33 38.52 35.79 72.02 47.2; NaN NaN NaN NaN NaN NaN NaN NaN NaN NaN NaN NaN NaN NaN; 39.26 35.12 40.99 34.21 27.92 31.93 44.14 48.32 65.86 38.33 38.52 35.79 72.02 47.2; 48.28 45.94 54.49 44.43 39.49 43.48 55.3 62.91 76.01 58.48 51.12 48.12 82.93 68.99; NaN NaN NaN NaN NaN NaN NaN NaN NaN NaN NaN NaN NaN NaN; 48.28 45.94 54.49 44.43 39.49 43.48 55.3 62.91 76.01 58.48 51.12 48.12 82.93 68.99; 53.21 52.5 64.56 52.9 46.06 48.41 60.85 69.97 80.61 69.04 60.37 54.18 86.44 81.01; NaN NaN NaN NaN NaN NaN NaN NaN NaN NaN NaN NaN NaN NaN; 53.21 52.5 64.56 52.9 46.06 48.41 60.85 69.97 80.61 69.04 60.37 54.18 86.44 81.01; 57.56 57.92 71.39 58.5 49.4 51.78 63.29 73.83 82.73 75.3 64.99 57.84 87.56 85.29; NaN NaN NaN NaN NaN NaN NaN NaN NaN NaN NaN NaN NaN NaN; 57.56 57.92 71.39 58.5 49.4 51.78 63.29 73.83 82.73 75.3 64.99 57.84 87.56 85.29; 60.29 61.66 76.17 63.17 52.27 53.6 66.19 76.93 83.99 78.48 68.95 61.05 88.43 87.47; NaN NaN NaN NaN NaN NaN NaN NaN NaN NaN NaN NaN NaN NaN; 60.29 61.66 76.17 63.17 52.27 53.6 66.19 76.93 83.99 78.48 68.95 61.05 88.43 87.47; 62.23 64.13 79.4 66.56 55.27 54.96 68.02 78.46 85.25 81.36 71.65 63.75 89.14 88.49; NaN NaN NaN NaN NaN NaN NaN NaN NaN NaN NaN NaN NaN NaN; 62.23 64.13 79.4 66.56 55.27 54.96 68.02 78.46 85.25 81.36 71.65 63.75 89.14 88.49]
***** epoch: 6 ***** 
trn_loss: 0 
tst_loss: 0 
naive_trn_accuracy: 0 
naive_tst_accuracy: 0  
pck_val_accuracy: 0.43548783161283205  
[0.0 0.0 0.0 0.0 0.0 0.0 0.0 0.0 0.0 0.0 0.0 0.0 0.0 0.0; NaN NaN NaN NaN NaN NaN NaN NaN NaN NaN NaN NaN NaN NaN; 0.0 0.0 0.0 0.0 0.0 0.0 0.0 0.0 0.0 0.0 0.0 0.0 0.0 0.0; 0.65 0.35 1.34 0.82 0.52 0.65 0.61 0.51 0.76 0.35 0.81 0.61 0.31 0.61; NaN NaN NaN NaN NaN NaN NaN NaN NaN NaN NaN NaN NaN NaN; 0.65 0.35 1.34 0.82 0.52 0.65 0.61 0.51 0.76 0.35 0.81 0.61 0.31 0.61; 3.05 2.71 4.42 4.11 1.9 1.62 3.21 2.44 4.44 2.12 3.46 2.75 2.24 4.12; NaN NaN NaN NaN NaN NaN NaN NaN NaN NaN NaN NaN NaN NaN; 3.05 2.71 4.42 4.11 1.9 1.62 3.21 2.44 4.44 2.12 3.46 2.75 2.24 4.12; 8.5 7.83 11.25 10.37 6.22 6.49 9.16 8.28 15.05 8.59 10.57 9.73 13.61 12.22; NaN NaN NaN NaN NaN NaN NaN NaN NaN NaN NaN NaN NaN NaN; 8.5 7.83 11.25 10.37 6.22 6.49 9.16 8.28 15.05 8.59 10.57 9.73 13.61 12.22; 20.12 18.94 22.34 21.83 15.31 16.81 24.8 25.56 36.82 25.3 26.22 23.01 42.41 31.72; NaN NaN NaN NaN NaN NaN NaN NaN NaN NaN NaN NaN NaN NaN; 20.12 18.94 22.34 21.83 15.31 16.81 24.8 25.56 36.82 25.3 26.22 23.01 42.41 31.72; 36.15 34.66 36.83 34.05 29.48 32.32 40.27 44.05 57.58 47.63 44.31 37.32 71.92 55.96; NaN NaN NaN NaN NaN NaN NaN NaN NaN NaN NaN NaN NaN NaN; 36.15 34.66 36.83 34.05 29.48 32.32 40.27 44.05 57.58 47.63 44.31 37.32 71.92 55.96; 47.18 46.63 51.62 45.25 42.77 43.61 53.62 59.55 70.51 64.04 56.15 48.78 81.91 73.37; NaN NaN NaN NaN NaN NaN NaN NaN NaN NaN NaN NaN NaN NaN; 47.18 46.63 51.62 45.25 42.77 43.61 53.62 59.55 70.51 64.04 56.15 48.78 81.91 73.37; 53.21 53.54 61.94 53.67 48.82 48.73 59.16 66.21 76.92 73.23 63.97 54.53 85.17 80.8; NaN NaN NaN NaN NaN NaN NaN NaN NaN NaN NaN NaN NaN NaN; 53.21 53.54 61.94 53.67 48.82 48.73 59.16 66.21 76.92 73.23 63.97 54.53 85.17 80.8; 56.85 59.12 69.95 59.58 52.62 51.52 63.29 70.53 79.9 78.13 68.6 57.89 86.7 83.71; NaN NaN NaN NaN NaN NaN NaN NaN NaN NaN NaN NaN NaN NaN; 56.85 59.12 69.95 59.58 52.62 51.52 63.29 70.53 79.9 78.13 68.6 57.89 86.7 83.71; 58.73 62.81 74.22 64.46 55.67 53.99 66.6 72.61 81.77 80.61 71.95 60.18 87.51 84.78; NaN NaN NaN NaN NaN NaN NaN NaN NaN NaN NaN NaN NaN NaN; 58.73 62.81 74.22 64.46 55.67 53.99 66.6 72.61 81.77 80.61 71.95 60.18 87.51 84.78; 61.91 64.71 76.63 67.13 57.86 56.13 68.02 75.41 83.28 82.42 74.64 62.37 88.28 86.0; NaN NaN NaN NaN NaN NaN NaN NaN NaN NaN NaN NaN NaN NaN; 61.91 64.71 76.63 67.13 57.86 56.13 68.02 75.41 83.28 82.42 74.64 62.37 88.28 86.0]
***** epoch: 7 ***** 
trn_loss: 0 
tst_loss: 0 
naive_trn_accuracy: 0 
naive_tst_accuracy: 0  
pck_val_accuracy: 0.4343521769896767  
[0.0 0.0 0.0 0.0 0.0 0.0 0.0 0.0 0.0 0.0 0.0 0.0 0.0 0.0; NaN NaN NaN NaN NaN NaN NaN NaN NaN NaN NaN NaN NaN NaN; 0.0 0.0 0.0 0.0 0.0 0.0 0.0 0.0 0.0 0.0 0.0 0.0 0.0 0.0; 0.58 0.69 1.49 0.87 1.15 0.84 0.66 0.76 1.06 0.2 0.61 0.66 0.25 0.46; NaN NaN NaN NaN NaN NaN NaN NaN NaN NaN NaN NaN NaN NaN; 0.58 0.69 1.49 0.87 1.15 0.84 0.66 0.76 1.06 0.2 0.61 0.66 0.25 0.46; 3.5 3.28 5.6 3.03 2.99 2.27 3.36 3.4 4.95 1.57 3.56 3.62 2.29 2.95; NaN NaN NaN NaN NaN NaN NaN NaN NaN NaN NaN NaN NaN NaN; 3.5 3.28 5.6 3.03 2.99 2.27 3.36 3.4 4.95 1.57 3.56 3.62 2.29 2.95; 9.8 8.46 12.99 8.53 7.14 6.29 10.85 10.52 16.31 7.58 10.47 10.59 12.95 9.83; NaN NaN NaN NaN NaN NaN NaN NaN NaN NaN NaN NaN NaN NaN; 9.8 8.46 12.99 8.53 7.14 6.29 10.85 10.52 16.31 7.58 10.47 10.59 12.95 9.83; 21.61 20.15 24.35 18.59 17.39 16.55 27.04 27.49 41.11 22.83 24.64 24.85 43.02 28.72; NaN NaN NaN NaN NaN NaN NaN NaN NaN NaN NaN NaN NaN NaN; 21.61 20.15 24.35 18.59 17.39 16.55 27.04 27.49 41.11 22.83 24.64 24.85 43.02 28.72; 36.73 33.56 38.73 30.56 30.63 31.67 40.48 45.58 61.82 44.95 42.94 39.0 72.78 52.09; NaN NaN NaN NaN NaN NaN NaN NaN NaN NaN NaN NaN NaN NaN; 36.73 33.56 38.73 30.56 30.63 31.67 40.48 45.58 61.82 44.95 42.94 39.0 72.78 52.09; 47.76 44.16 51.87 41.04 40.7 43.54 53.41 60.37 73.79 60.76 54.01 49.29 84.45 71.49; NaN NaN NaN NaN NaN NaN NaN NaN NaN NaN NaN NaN NaN NaN; 47.76 44.16 51.87 41.04 40.7 43.54 53.41 60.37 73.79 60.76 54.01 49.29 84.45 71.49; 53.08 51.07 62.92 48.69 47.21 48.6 58.81 66.97 78.94 69.7 61.64 55.35 87.82 79.63; NaN NaN NaN NaN NaN NaN NaN NaN NaN NaN NaN NaN NaN NaN; 53.08 51.07 62.92 48.69 47.21 48.6 58.81 66.97 78.94 69.7 61.64 55.35 87.82 79.63; 57.3 56.19 69.39 53.98 51.3 52.82 62.32 70.58 82.58 75.66 65.9 59.16 89.25 83.5; NaN NaN NaN NaN NaN NaN NaN NaN NaN NaN NaN NaN NaN NaN; 57.3 56.19 69.39 53.98 51.3 52.82 62.32 70.58 82.58 75.66 65.9 59.16 89.25 83.5; 59.96 60.91 73.86 58.24 53.83 55.16 65.12 73.78 83.99 78.69 69.92 61.51 89.91 86.0; NaN NaN NaN NaN NaN NaN NaN NaN NaN NaN NaN NaN NaN NaN; 59.96 60.91 73.86 58.24 53.83 55.16 65.12 73.78 83.99 78.69 69.92 61.51 89.91 86.0; 63.27 63.56 77.56 62.2 56.76 57.62 67.11 75.56 85.91 81.21 72.15 64.15 90.62 87.27; NaN NaN NaN NaN NaN NaN NaN NaN NaN NaN NaN NaN NaN NaN; 63.27 63.56 77.56 62.2 56.76 57.62 67.11 75.56 85.91 81.21 72.15 64.15 90.62 87.27]
***** epoch: 8 ***** 
trn_loss: 0 
tst_loss: 0 
naive_trn_accuracy: 0 
naive_tst_accuracy: 0  
pck_val_accuracy: 0.41461669580419636  
[0.0 0.0 0.0 0.0 0.0 0.0 0.0 0.0 0.0 0.0 0.0 0.0 0.0 0.0; NaN NaN NaN NaN NaN NaN NaN NaN NaN NaN NaN NaN NaN NaN; 0.0 0.0 0.0 0.0 0.0 0.0 0.0 0.0 0.0 0.0 0.0 0.0 0.0 0.0; 0.91 0.35 1.69 0.87 0.86 0.58 1.07 1.22 1.36 0.25 0.56 0.46 0.56 0.87; NaN NaN NaN NaN NaN NaN NaN NaN NaN NaN NaN NaN NaN NaN; 0.91 0.35 1.69 0.87 0.86 0.58 1.07 1.22 1.36 0.25 0.56 0.46 0.56 0.87; 2.92 2.71 6.21 3.75 2.71 2.08 3.67 3.4 6.11 2.12 2.39 3.41 3.01 4.28; NaN NaN NaN NaN NaN NaN NaN NaN NaN NaN NaN NaN NaN NaN; 2.92 2.71 6.21 3.75 2.71 2.08 3.67 3.4 6.11 2.12 2.39 3.41 3.01 4.28; 7.79 7.66 14.18 9.45 7.89 6.36 9.06 10.67 18.03 7.68 7.93 9.57 13.71 13.39; NaN NaN NaN NaN NaN NaN NaN NaN NaN NaN NaN NaN NaN NaN; 7.79 7.66 14.18 9.45 7.89 6.36 9.06 10.67 18.03 7.68 7.93 9.57 13.71 13.39; 17.98 17.62 26.96 20.54 17.16 15.64 22.81 28.0 39.65 21.67 21.04 23.68 41.28 33.1; NaN NaN NaN NaN NaN NaN NaN NaN NaN NaN NaN NaN NaN NaN; 17.98 17.62 26.96 20.54 17.16 15.64 22.81 28.0 39.65 21.67 21.04 23.68 41.28 33.1; 31.54 30.86 40.42 34.46 27.75 29.4 35.79 43.85 58.89 41.87 37.8 36.2 70.18 54.23; NaN NaN NaN NaN NaN NaN NaN NaN NaN NaN NaN NaN NaN NaN; 31.54 30.86 40.42 34.46 27.75 29.4 35.79 43.85 58.89 41.87 37.8 36.2 70.18 54.23; 43.15 40.88 53.83 43.66 37.71 40.43 48.17 58.49 72.17 60.4 50.56 46.33 82.67 72.35; NaN NaN NaN NaN NaN NaN NaN NaN NaN NaN NaN NaN NaN NaN; 43.15 40.88 53.83 43.66 37.71 40.43 48.17 58.49 72.17 60.4 50.56 46.33 82.67 72.35; 48.73 48.13 62.87 51.26 44.44 46.4 54.23 65.24 76.67 69.75 58.59 51.83 86.65 81.06; NaN NaN NaN NaN NaN NaN NaN NaN NaN NaN NaN NaN NaN NaN; 48.73 48.13 62.87 51.26 44.44 46.4 54.23 65.24 76.67 69.75 58.59 51.83 86.65 81.06; 54.38 52.56 67.75 56.75 48.47 48.86 58.96 69.46 79.75 75.1 63.06 55.4 87.61 84.73; NaN NaN NaN NaN NaN NaN NaN NaN NaN NaN NaN NaN NaN NaN; 54.38 52.56 67.75 56.75 48.47 48.86 58.96 69.46 79.75 75.1 63.06 55.4 87.61 84.73; 56.52 56.07 71.49 60.86 51.07 51.33 61.97 71.8 81.82 78.59 65.8 58.76 88.89 86.35; NaN NaN NaN NaN NaN NaN NaN NaN NaN NaN NaN NaN NaN NaN; 56.52 56.07 71.49 60.86 51.07 51.33 61.97 71.8 81.82 78.59 65.8 58.76 88.89 86.35; 59.51 58.89 74.32 64.56 53.54 53.34 63.24 73.42 83.08 80.96 69.11 60.59 89.45 87.58; NaN NaN NaN NaN NaN NaN NaN NaN NaN NaN NaN NaN NaN NaN; 59.51 58.89 74.32 64.56 53.54 53.34 63.24 73.42 83.08 80.96 69.11 60.59 89.45 87.58]
***** epoch: 9 ***** 
trn_loss: 0 
tst_loss: 0 
naive_trn_accuracy: 0 
naive_tst_accuracy: 0  
pck_val_accuracy: 0.4313443764568767  
[0.0 0.0 0.0 0.0 0.0 0.0 0.0 0.0 0.0 0.0 0.0 0.0 0.0 0.0; NaN NaN NaN NaN NaN NaN NaN NaN NaN NaN NaN NaN NaN NaN; 0.0 0.0 0.0 0.0 0.0 0.0 0.0 0.0 0.0 0.0 0.0 0.0 0.0 0.0; 0.58 0.35 0.82 0.62 0.63 1.04 0.66 0.97 1.57 0.25 0.81 0.87 0.51 0.81; NaN NaN NaN NaN NaN NaN NaN NaN NaN NaN NaN NaN NaN NaN; 0.58 0.35 0.82 0.62 0.63 1.04 0.66 0.97 1.57 0.25 0.81 0.87 0.51 0.81; 2.4 3.22 5.29 3.24 2.48 2.34 3.05 4.12 5.96 1.57 2.49 3.67 3.31 4.58; NaN NaN NaN NaN NaN NaN NaN NaN NaN NaN NaN NaN NaN NaN; 2.4 3.22 5.29 3.24 2.48 2.34 3.05 4.12 5.96 1.57 2.49 3.67 3.31 4.58; 6.81 8.12 12.69 9.24 6.79 6.81 10.29 10.87 19.24 8.38 8.79 10.79 16.06 14.41; NaN NaN NaN NaN NaN NaN NaN NaN NaN NaN NaN NaN NaN NaN; 6.81 8.12 12.69 9.24 6.79 6.81 10.29 10.87 19.24 8.38 8.79 10.79 16.06 14.41; 17.0 19.23 25.01 19.88 15.37 17.26 26.58 28.76 43.38 25.2 22.56 23.68 45.67 34.27; NaN NaN NaN NaN NaN NaN NaN NaN NaN NaN NaN NaN NaN NaN; 17.0 19.23 25.01 19.88 15.37 17.26 26.58 28.76 43.38 25.2 22.56 23.68 45.67 34.27; 31.41 32.53 39.6 32.87 27.58 30.89 41.04 45.68 61.16 46.21 40.35 37.93 72.78 55.7; NaN NaN NaN NaN NaN NaN NaN NaN NaN NaN NaN NaN NaN NaN; 31.41 32.53 39.6 32.87 27.58 30.89 41.04 45.68 61.16 46.21 40.35 37.93 72.78 55.7; 45.23 42.26 52.23 43.5 38.11 43.02 52.55 59.45 72.17 61.72 53.2 48.73 82.98 73.22; NaN NaN NaN NaN NaN NaN NaN NaN NaN NaN NaN NaN NaN NaN; 45.23 42.26 52.23 43.5 38.11 43.02 52.55 59.45 72.17 61.72 53.2 48.73 82.98 73.22; 52.24 49.22 61.38 51.93 44.79 48.28 58.1 66.16 77.42 69.65 60.67 54.02 86.6 80.7; NaN NaN NaN NaN NaN NaN NaN NaN NaN NaN NaN NaN NaN NaN; 52.24 49.22 61.38 51.93 44.79 48.28 58.1 66.16 77.42 69.65 60.67 54.02 86.6 80.7; 56.07 54.69 67.8 57.16 48.13 51.85 61.81 70.48 80.51 74.9 65.7 58.04 87.77 83.86; NaN NaN NaN NaN NaN NaN NaN NaN NaN NaN NaN NaN NaN NaN; 56.07 54.69 67.8 57.16 48.13 51.85 61.81 70.48 80.51 74.9 65.7 58.04 87.77 83.86; 58.53 58.66 73.14 61.07 50.72 54.12 64.97 72.97 82.17 77.98 69.16 60.64 88.69 85.69; NaN NaN NaN NaN NaN NaN NaN NaN NaN NaN NaN NaN NaN NaN; 58.53 58.66 73.14 61.07 50.72 54.12 64.97 72.97 82.17 77.98 69.16 60.64 88.69 85.69; 62.04 60.74 76.27 64.51 53.2 56.59 66.85 74.95 83.69 80.2 72.05 62.78 89.45 86.3; NaN NaN NaN NaN NaN NaN NaN NaN NaN NaN NaN NaN NaN NaN; 62.04 60.74 76.27 64.51 53.2 56.59 66.85 74.95 83.69 80.2 72.05 62.78 89.45 86.3]
***** epoch: 10 ***** 
trn_loss: 0 
tst_loss: 0 
naive_trn_accuracy: 0 
naive_tst_accuracy: 0  
pck_val_accuracy: 0.4239604076479077  
[0.0 0.0 0.0 0.0 0.0 0.0 0.0 0.0 0.0 0.0 0.0 0.0 0.0 0.0; NaN NaN NaN NaN NaN NaN NaN NaN NaN NaN NaN NaN NaN NaN; 0.0 0.0 0.0 0.0 0.0 0.0 0.0 0.0 0.0 0.0 0.0 0.0 0.0 0.0; 0.71 0.75 1.49 0.77 0.4 0.52 0.76 0.56 1.21 0.3 0.76 0.66 0.46 0.56; NaN NaN NaN NaN NaN NaN NaN NaN NaN NaN NaN NaN NaN NaN; 0.71 0.75 1.49 0.77 0.4 0.52 0.76 0.56 1.21 0.3 0.76 0.66 0.46 0.56; 2.27 2.76 5.39 3.08 1.73 2.6 3.97 3.71 6.26 2.07 3.46 2.95 3.06 3.87; NaN NaN NaN NaN NaN NaN NaN NaN NaN NaN NaN NaN NaN NaN; 2.27 2.76 5.39 3.08 1.73 2.6 3.97 3.71 6.26 2.07 3.46 2.95 3.06 3.87; 7.07 9.04 11.86 8.27 4.89 6.94 10.08 9.71 18.89 10.2 10.01 9.42 14.88 13.24; NaN NaN NaN NaN NaN NaN NaN NaN NaN NaN NaN NaN NaN NaN; 7.07 9.04 11.86 8.27 4.89 6.94 10.08 9.71 18.89 10.2 10.01 9.42 14.88 13.24; 17.65 20.15 22.96 17.57 12.15 16.68 26.37 27.34 42.17 28.84 24.34 22.56 44.44 33.55; NaN NaN NaN NaN NaN NaN NaN NaN NaN NaN NaN NaN NaN NaN; 17.65 20.15 22.96 17.57 12.15 16.68 26.37 27.34 42.17 28.84 24.34 22.56 44.44 33.55; 31.54 32.53 36.36 29.02 24.76 30.82 39.26 44.97 61.52 47.68 41.36 36.86 73.04 54.99; NaN NaN NaN NaN NaN NaN NaN NaN NaN NaN NaN NaN NaN NaN; 31.54 32.53 36.36 29.02 24.76 30.82 39.26 44.97 61.52 47.68 41.36 36.86 73.04 54.99; 42.18 41.51 49.31 40.06 37.19 41.79 49.8 58.18 71.57 62.63 55.13 47.71 83.94 72.81; NaN NaN NaN NaN NaN NaN NaN NaN NaN NaN NaN NaN NaN NaN; 42.18 41.51 49.31 40.06 37.19 41.79 49.8 58.18 71.57 62.63 55.13 47.71 83.94 72.81; 48.09 48.59 59.12 48.38 42.31 46.59 55.75 64.38 76.67 70.96 61.18 52.7 86.9 80.19; NaN NaN NaN NaN NaN NaN NaN NaN NaN NaN NaN NaN NaN NaN; 48.09 48.59 59.12 48.38 42.31 46.59 55.75 64.38 76.67 70.96 61.18 52.7 86.9 80.19; 52.3 53.37 66.51 53.67 45.77 49.71 60.08 68.55 79.8 76.26 66.26 56.57 88.02 83.3; NaN NaN NaN NaN NaN NaN NaN NaN NaN NaN NaN NaN NaN NaN; 52.3 53.37 66.51 53.67 45.77 49.71 60.08 68.55 79.8 76.26 66.26 56.57 88.02 83.3; 55.61 57.46 71.7 58.04 48.36 52.17 62.58 71.49 81.52 78.94 69.16 59.27 89.09 84.52; NaN NaN NaN NaN NaN NaN NaN NaN NaN NaN NaN NaN NaN NaN; 55.61 57.46 71.7 58.04 48.36 52.17 62.58 71.49 81.52 78.94 69.16 59.27 89.09 84.52; 58.4 60.05 75.65 61.43 51.41 53.93 64.51 73.17 82.93 81.01 71.54 61.56 89.81 85.64; NaN NaN NaN NaN NaN NaN NaN NaN NaN NaN NaN NaN NaN NaN; 58.4 60.05 75.65 61.43 51.41 53.93 64.51 73.17 82.93 81.01 71.54 61.56 89.81 85.64]
***** epoch: 11 ***** 
trn_loss: 0 
tst_loss: 0 
naive_trn_accuracy: 0 
naive_tst_accuracy: 0  
pck_val_accuracy: 0.42405208957708956  
[0.0 0.0 0.0 0.0 0.0 0.0 0.0 0.0 0.0 0.0 0.0 0.0 0.0 0.0; NaN NaN NaN NaN NaN NaN NaN NaN NaN NaN NaN NaN NaN NaN; 0.0 0.0 0.0 0.0 0.0 0.0 0.0 0.0 0.0 0.0 0.0 0.0 0.0 0.0; 0.71 0.69 1.39 0.77 0.75 0.39 0.81 1.37 1.26 0.35 0.76 0.51 0.61 0.71; NaN NaN NaN NaN NaN NaN NaN NaN NaN NaN NaN NaN NaN NaN; 0.71 0.69 1.39 0.77 0.75 0.39 0.81 1.37 1.26 0.35 0.76 0.51 0.61 0.71; 2.4 3.22 5.39 2.72 2.53 2.21 3.92 4.47 5.4 1.92 3.46 3.46 3.01 4.63; NaN NaN NaN NaN NaN NaN NaN NaN NaN NaN NaN NaN NaN NaN; 2.4 3.22 5.39 2.72 2.53 2.21 3.92 4.47 5.4 1.92 3.46 3.46 3.01 4.63; 7.85 8.64 11.97 8.99 7.14 8.57 10.23 12.86 16.82 7.22 11.89 10.29 13.71 14.71; NaN NaN NaN NaN NaN NaN NaN NaN NaN NaN NaN NaN NaN NaN; 7.85 8.64 11.97 8.99 7.14 8.57 10.23 12.86 16.82 7.22 11.89 10.29 13.71 14.71; 20.25 20.15 22.34 18.28 16.06 20.44 25.31 30.89 39.6 23.23 26.68 22.66 43.12 34.62; NaN NaN NaN NaN NaN NaN NaN NaN NaN NaN NaN NaN NaN NaN; 20.25 20.15 22.34 18.28 16.06 20.44 25.31 30.89 39.6 23.23 26.68 22.66 43.12 34.62; 33.87 34.31 34.41 30.15 27.81 34.91 37.78 47.56 59.29 43.38 41.97 35.59 70.18 56.11; NaN NaN NaN NaN NaN NaN NaN NaN NaN NaN NaN NaN NaN NaN; 33.87 34.31 34.41 30.15 27.81 34.91 37.78 47.56 59.29 43.38 41.97 35.59 70.18 56.11; 45.94 43.98 48.54 41.19 37.59 43.41 47.56 58.03 70.0 58.43 52.9 46.23 79.92 71.69; NaN NaN NaN NaN NaN NaN NaN NaN NaN NaN NaN NaN NaN NaN; 45.94 43.98 48.54 41.19 37.59 43.41 47.56 58.03 70.0 58.43 52.9 46.23 79.92 71.69; 52.24 49.8 59.01 48.69 42.95 48.86 52.65 64.33 74.7 67.22 58.43 51.68 83.13 78.67; NaN NaN NaN NaN NaN NaN NaN NaN NaN NaN NaN NaN NaN NaN; 52.24 49.8 59.01 48.69 42.95 48.86 52.65 64.33 74.7 67.22 58.43 51.68 83.13 78.67; 57.3 54.92 65.74 53.88 46.17 52.11 56.62 68.45 77.73 72.02 62.7 55.86 84.51 81.21; NaN NaN NaN NaN NaN NaN NaN NaN NaN NaN NaN NaN NaN NaN; 57.3 54.92 65.74 53.88 46.17 52.11 56.62 68.45 77.73 72.02 62.7 55.86 84.51 81.21; 59.77 58.2 70.83 58.6 48.53 54.12 60.49 71.29 79.19 74.9 65.96 58.4 85.27 82.38; NaN NaN NaN NaN NaN NaN NaN NaN NaN NaN NaN NaN NaN NaN; 59.77 58.2 70.83 58.6 48.53 54.12 60.49 71.29 79.19 74.9 65.96 58.4 85.27 82.38; 62.43 60.56 73.75 61.89 51.18 56.2 62.53 72.92 80.45 77.12 69.16 61.05 86.44 83.35; NaN NaN NaN NaN NaN NaN NaN NaN NaN NaN NaN NaN NaN NaN; 62.43 60.56 73.75 61.89 51.18 56.2 62.53 72.92 80.45 77.12 69.16 61.05 86.44 83.35]
***** epoch: 12 ***** 
trn_loss: 0 
tst_loss: 0 
naive_trn_accuracy: 0 
naive_tst_accuracy: 0  
pck_val_accuracy: 0.43255209512709525  
[0.0 0.0 0.0 0.0 0.0 0.0 0.0 0.0 0.0 0.0 0.0 0.0 0.0 0.0; NaN NaN NaN NaN NaN NaN NaN NaN NaN NaN NaN NaN NaN NaN; 0.0 0.0 0.0 0.0 0.0 0.0 0.0 0.0 0.0 0.0 0.0 0.0 0.0 0.0; 0.65 0.69 1.64 0.67 0.75 0.65 0.81 1.22 0.81 0.45 0.76 0.61 0.71 0.97; NaN NaN NaN NaN NaN NaN NaN NaN NaN NaN NaN NaN NaN NaN; 0.65 0.69 1.64 0.67 0.75 0.65 0.81 1.22 0.81 0.45 0.76 0.61 0.71 0.97; 2.73 3.22 5.08 3.44 2.3 2.34 3.41 5.13 7.17 2.53 3.61 3.46 3.62 4.94; NaN NaN NaN NaN NaN NaN NaN NaN NaN NaN NaN NaN NaN NaN; 2.73 3.22 5.08 3.44 2.3 2.34 3.41 5.13 7.17 2.53 3.61 3.46 3.62 4.94; 8.37 9.44 11.86 9.91 6.62 8.7 9.57 12.75 19.6 9.55 12.3 10.08 16.72 17.21; NaN NaN NaN NaN NaN NaN NaN NaN NaN NaN NaN NaN NaN NaN; 8.37 9.44 11.86 9.91 6.62 8.7 9.57 12.75 19.6 9.55 12.3 10.08 16.72 17.21; 18.23 19.92 22.34 20.8 14.28 19.34 23.88 27.79 42.22 25.86 27.85 22.0 45.36 37.98; NaN NaN NaN NaN NaN NaN NaN NaN NaN NaN NaN NaN NaN NaN; 18.23 19.92 22.34 20.8 14.28 19.34 23.88 27.79 42.22 25.86 27.85 22.0 45.36 37.98; 32.84 33.16 36.83 33.28 28.15 32.51 37.22 44.41 60.71 47.12 44.16 36.86 73.55 58.1; NaN NaN NaN NaN NaN NaN NaN NaN NaN NaN NaN NaN NaN NaN; 32.84 33.16 36.83 33.28 28.15 32.51 37.22 44.41 60.71 47.12 44.16 36.86 73.55 58.1; 45.23 42.54 48.95 43.09 37.71 43.41 50.1 58.23 71.87 61.82 54.22 47.51 83.89 73.07; NaN NaN NaN NaN NaN NaN NaN NaN NaN NaN NaN NaN NaN NaN; 45.23 42.54 48.95 43.09 37.71 43.41 50.1 58.23 71.87 61.82 54.22 47.51 83.89 73.07; 51.59 48.07 60.04 50.8 42.77 48.15 56.52 64.38 75.96 69.19 59.45 53.56 86.75 79.74; NaN NaN NaN NaN NaN NaN NaN NaN NaN NaN NaN NaN NaN NaN; 51.59 48.07 60.04 50.8 42.77 48.15 56.52 64.38 75.96 69.19 59.45 53.56 86.75 79.74; 55.29 52.33 67.9 56.09 46.52 51.4 60.54 68.45 78.94 73.79 64.48 57.08 87.61 82.79; NaN NaN NaN NaN NaN NaN NaN NaN NaN NaN NaN NaN NaN NaN; 55.29 52.33 67.9 56.09 46.52 51.4 60.54 68.45 78.94 73.79 64.48 57.08 87.61 82.79; 58.53 56.19 73.09 60.09 48.65 53.73 63.39 71.34 80.71 76.77 67.38 60.59 88.28 84.47; NaN NaN NaN NaN NaN NaN NaN NaN NaN NaN NaN NaN NaN NaN; 58.53 56.19 73.09 60.09 48.65 53.73 63.39 71.34 80.71 76.77 67.38 60.59 88.28 84.47; 61.13 58.89 76.73 63.84 51.41 55.61 65.58 73.17 82.22 78.84 69.97 62.73 89.09 85.39; NaN NaN NaN NaN NaN NaN NaN NaN NaN NaN NaN NaN NaN NaN; 61.13 58.89 76.73 63.84 51.41 55.61 65.58 73.17 82.22 78.84 69.97 62.73 89.09 85.39]
