***** epoch: 0 ***** 
trn_loss: 0 
tst_loss: 0 
naive_trn_accuracy: 0 
naive_tst_accuracy: 0  
pck_val_accuracy: 0.42371590631590655  
[0.0 0.0 0.0 0.0 0.0 0.0 0.0 0.0 0.0 0.0 0.0 0.0 0.0 0.0; NaN NaN NaN NaN NaN NaN NaN NaN NaN NaN NaN NaN NaN NaN; 0.0 0.0 0.0 0.0 0.0 0.0 0.0 0.0 0.0 0.0 0.0 0.0 0.0 0.0; 0.58 0.69 1.64 1.49 0.46 0.58 1.02 1.42 2.37 0.96 0.51 1.37 1.02 1.02; NaN NaN NaN NaN NaN NaN NaN NaN NaN NaN NaN NaN NaN NaN; 0.58 0.69 1.64 1.49 0.46 0.58 1.02 1.42 2.37 0.96 0.51 1.37 1.02 1.02; 4.22 3.8 7.09 5.8 2.07 2.92 5.19 7.22 9.34 4.24 2.85 4.43 6.22 5.3; NaN NaN NaN NaN NaN NaN NaN NaN NaN NaN NaN NaN NaN NaN; 4.22 3.8 7.09 5.8 2.07 2.92 5.19 7.22 9.34 4.24 2.85 4.43 6.22 5.3; 11.16 10.25 15.36 13.87 7.02 7.72 13.59 16.97 24.75 11.72 10.16 11.61 22.07 17.57; NaN NaN NaN NaN NaN NaN NaN NaN NaN NaN NaN NaN NaN NaN; 11.16 10.25 15.36 13.87 7.02 7.72 13.59 16.97 24.75 11.72 10.16 11.61 22.07 17.57; 21.09 19.34 27.53 24.55 14.62 19.6 28.11 31.61 45.45 24.7 21.14 22.91 49.39 37.78; NaN NaN NaN NaN NaN NaN NaN NaN NaN NaN NaN NaN NaN NaN; 21.09 19.34 27.53 24.55 14.62 19.6 28.11 31.61 45.45 24.7 21.14 22.91 49.39 37.78; 31.93 29.36 41.6 35.75 23.26 30.76 39.05 46.24 62.02 41.26 34.45 34.32 73.14 58.76; NaN NaN NaN NaN NaN NaN NaN NaN NaN NaN NaN NaN NaN NaN; 31.93 29.36 41.6 35.75 23.26 30.76 39.05 46.24 62.02 41.26 34.45 34.32 73.14 58.76; 44.0 38.69 54.65 45.35 33.79 39.91 50.25 59.25 73.13 57.93 47.61 44.65 85.02 74.03; NaN NaN NaN NaN NaN NaN NaN NaN NaN NaN NaN NaN NaN NaN; 44.0 38.69 54.65 45.35 33.79 39.91 50.25 59.25 73.13 57.93 47.61 44.65 85.02 74.03; 50.88 46.98 65.43 53.31 40.53 45.75 56.47 66.51 77.63 70.45 56.15 51.27 88.94 81.98; NaN NaN NaN NaN NaN NaN NaN NaN NaN NaN NaN NaN NaN NaN; 50.88 46.98 65.43 53.31 40.53 45.75 56.47 66.51 77.63 70.45 56.15 51.27 88.94 81.98; 55.94 53.66 71.85 59.48 45.31 48.99 60.08 70.99 80.76 76.87 62.25 55.75 90.37 86.0; NaN NaN NaN NaN NaN NaN NaN NaN NaN NaN NaN NaN NaN NaN; 55.94 53.66 71.85 59.48 45.31 48.99 60.08 70.99 80.76 76.87 62.25 55.75 90.37 86.0; 58.47 58.2 76.43 65.07 49.05 51.46 62.47 73.88 83.38 80.66 67.48 58.86 91.59 88.03; NaN NaN NaN NaN NaN NaN NaN NaN NaN NaN NaN NaN NaN NaN; 58.47 58.2 76.43 65.07 49.05 51.46 62.47 73.88 83.38 80.66 67.48 58.86 91.59 88.03; 61.06 61.37 79.51 69.75 52.45 54.25 64.66 76.12 85.1 83.08 70.58 61.2 92.15 89.61; NaN NaN NaN NaN NaN NaN NaN NaN NaN NaN NaN NaN NaN NaN; 61.06 61.37 79.51 69.75 52.45 54.25 64.66 76.12 85.1 83.08 70.58 61.2 92.15 89.61]
***** epoch: 1 ***** 
trn_loss: 0 
tst_loss: 0 
naive_trn_accuracy: 0 
naive_tst_accuracy: 0  
pck_val_accuracy: 0.4566881188256186  
[0.0 0.0 0.0 0.0 0.0 0.0 0.0 0.0 0.0 0.0 0.0 0.0 0.0 0.0; NaN NaN NaN NaN NaN NaN NaN NaN NaN NaN NaN NaN NaN NaN; 0.0 0.0 0.0 0.0 0.0 0.0 0.0 0.0 0.0 0.0 0.0 0.0 0.0 0.0; 0.78 0.81 1.75 1.59 0.46 0.39 0.97 0.86 1.26 0.61 0.51 0.76 0.51 0.66; NaN NaN NaN NaN NaN NaN NaN NaN NaN NaN NaN NaN NaN NaN; 0.78 0.81 1.75 1.59 0.46 0.39 0.97 0.86 1.26 0.61 0.51 0.76 0.51 0.66; 4.28 3.51 6.78 4.98 2.3 1.82 4.99 5.64 7.73 3.33 3.05 3.36 3.82 6.26; NaN NaN NaN NaN NaN NaN NaN NaN NaN NaN NaN NaN NaN NaN; 4.28 3.51 6.78 4.98 2.3 1.82 4.99 5.64 7.73 3.33 3.05 3.36 3.82 6.26; 11.1 9.04 14.84 13.3 6.74 7.72 15.17 16.11 24.04 12.47 10.32 10.79 17.48 20.32; NaN NaN NaN NaN NaN NaN NaN NaN NaN NaN NaN NaN NaN NaN; 11.1 9.04 14.84 13.3 6.74 7.72 15.17 16.11 24.04 12.47 10.32 10.79 17.48 20.32; 23.88 17.96 27.63 24.09 15.83 20.18 31.47 35.77 46.72 28.33 24.34 25.1 44.34 41.9; NaN NaN NaN NaN NaN NaN NaN NaN NaN NaN NaN NaN NaN NaN; 23.88 17.96 27.63 24.09 15.83 20.18 31.47 35.77 46.72 28.33 24.34 25.1 44.34 41.9; 37.31 30.28 41.35 34.98 27.23 34.2 44.6 51.42 63.79 45.56 41.62 39.05 72.78 65.12; NaN NaN NaN NaN NaN NaN NaN NaN NaN NaN NaN NaN NaN NaN; 37.31 30.28 41.35 34.98 27.23 34.2 44.6 51.42 63.79 45.56 41.62 39.05 72.78 65.12; 49.19 41.45 54.9 44.32 37.59 43.93 54.63 64.48 74.75 63.28 54.73 49.8 84.66 79.43; NaN NaN NaN NaN NaN NaN NaN NaN NaN NaN NaN NaN NaN NaN; 49.19 41.45 54.9 44.32 37.59 43.93 54.63 64.48 74.75 63.28 54.73 49.8 84.66 79.43; 54.7 49.22 65.95 51.46 43.64 49.32 59.88 70.38 79.49 73.74 62.45 56.16 89.19 84.62; NaN NaN NaN NaN NaN NaN NaN NaN NaN NaN NaN NaN NaN NaN; 54.7 49.22 65.95 51.46 43.64 49.32 59.88 70.38 79.49 73.74 62.45 56.16 89.19 84.62; 58.99 55.38 72.62 57.16 47.38 52.43 63.24 74.24 81.97 78.84 67.48 59.88 90.83 87.93; NaN NaN NaN NaN NaN NaN NaN NaN NaN NaN NaN NaN NaN NaN; 58.99 55.38 72.62 57.16 47.38 52.43 63.24 74.24 81.97 78.84 67.48 59.88 90.83 87.93; 61.39 59.18 76.94 61.43 51.07 55.03 66.14 76.47 84.24 81.67 71.9 62.27 91.28 89.05; NaN NaN NaN NaN NaN NaN NaN NaN NaN NaN NaN NaN NaN NaN; 61.39 59.18 76.94 61.43 51.07 55.03 66.14 76.47 84.24 81.67 71.9 62.27 91.28 89.05; 63.34 62.29 79.92 65.28 53.6 57.24 67.52 78.3 85.91 83.59 74.39 64.21 92.1 89.97; NaN NaN NaN NaN NaN NaN NaN NaN NaN NaN NaN NaN NaN NaN; 63.34 62.29 79.92 65.28 53.6 57.24 67.52 78.3 85.91 83.59 74.39 64.21 92.1 89.97]
***** epoch: 2 ***** 
trn_loss: 0 
tst_loss: 0 
naive_trn_accuracy: 0 
naive_tst_accuracy: 0  
pck_val_accuracy: 0.4607986707736713  
[0.0 0.0 0.0 0.0 0.0 0.0 0.0 0.0 0.0 0.0 0.0 0.0 0.0 0.0; NaN NaN NaN NaN NaN NaN NaN NaN NaN NaN NaN NaN NaN NaN; 0.0 0.0 0.0 0.0 0.0 0.0 0.0 0.0 0.0 0.0 0.0 0.0 0.0 0.0; 0.97 0.52 1.39 0.82 0.29 0.26 0.87 1.52 1.26 0.66 0.71 0.71 0.56 0.87; NaN NaN NaN NaN NaN NaN NaN NaN NaN NaN NaN NaN NaN NaN; 0.97 0.52 1.39 0.82 0.29 0.26 0.87 1.52 1.26 0.66 0.71 0.71 0.56 0.87; 4.22 3.17 5.8 2.88 2.3 1.82 4.68 6.1 8.18 3.54 2.34 4.23 3.82 6.21; NaN NaN NaN NaN NaN NaN NaN NaN NaN NaN NaN NaN NaN NaN; 4.22 3.17 5.8 2.88 2.3 1.82 4.68 6.1 8.18 3.54 2.34 4.23 3.82 6.21; 12.52 8.52 13.56 9.04 6.1 6.88 15.63 15.19 25.3 11.41 9.04 10.69 19.67 20.82; NaN NaN NaN NaN NaN NaN NaN NaN NaN NaN NaN NaN NaN NaN; 12.52 8.52 13.56 9.04 6.1 6.88 15.63 15.19 25.3 11.41 9.04 10.69 19.67 20.82; 25.18 18.83 26.55 20.24 16.18 17.39 33.76 35.47 48.43 28.38 23.78 25.05 47.09 44.4; NaN NaN NaN NaN NaN NaN NaN NaN NaN NaN NaN NaN NaN NaN; 25.18 18.83 26.55 20.24 16.18 17.39 33.76 35.47 48.43 28.38 23.78 25.05 47.09 44.4; 38.87 32.01 40.68 32.67 30.34 32.77 46.69 52.13 64.7 46.11 40.55 39.21 72.38 66.04; NaN NaN NaN NaN NaN NaN NaN NaN NaN NaN NaN NaN NaN NaN; 38.87 32.01 40.68 32.67 30.34 32.77 46.69 52.13 64.7 46.11 40.55 39.21 72.38 66.04; 50.62 43.98 54.08 43.35 40.13 43.8 55.86 65.85 73.89 63.48 54.37 48.93 83.13 79.94; NaN NaN NaN NaN NaN NaN NaN NaN NaN NaN NaN NaN NaN NaN; 50.62 43.98 54.08 43.35 40.13 43.8 55.86 65.85 73.89 63.48 54.37 48.93 83.13 79.94; 55.22 51.41 64.41 51.57 47.21 49.51 60.9 70.78 78.38 74.24 63.06 54.89 86.8 84.57; NaN NaN NaN NaN NaN NaN NaN NaN NaN NaN NaN NaN NaN NaN; 55.22 51.41 64.41 51.57 47.21 49.51 60.9 70.78 78.38 74.24 63.06 54.89 86.8 84.57; 59.05 56.99 71.65 56.75 50.37 52.11 63.9 74.34 80.91 79.29 68.5 58.81 88.53 87.42; NaN NaN NaN NaN NaN NaN NaN NaN NaN NaN NaN NaN NaN NaN; 59.05 56.99 71.65 56.75 50.37 52.11 63.9 74.34 80.91 79.29 68.5 58.81 88.53 87.42; 62.62 61.02 75.96 61.27 53.48 54.25 66.29 76.47 82.78 82.07 72.36 61.86 89.55 88.9; NaN NaN NaN NaN NaN NaN NaN NaN NaN NaN NaN NaN NaN NaN; 62.62 61.02 75.96 61.27 53.48 54.25 66.29 76.47 82.78 82.07 72.36 61.86 89.55 88.9; 65.48 63.73 78.99 64.51 56.13 56.07 68.23 77.95 84.19 83.79 75.41 64.26 90.16 90.02; NaN NaN NaN NaN NaN NaN NaN NaN NaN NaN NaN NaN NaN NaN; 65.48 63.73 78.99 64.51 56.13 56.07 68.23 77.95 84.19 83.79 75.41 64.26 90.16 90.02]
***** epoch: 3 ***** 
trn_loss: 0 
tst_loss: 0 
naive_trn_accuracy: 0 
naive_tst_accuracy: 0  
pck_val_accuracy: 0.4704301073926073  
[0.0 0.0 0.0 0.0 0.0 0.0 0.0 0.0 0.0 0.0 0.0 0.0 0.0 0.0; NaN NaN NaN NaN NaN NaN NaN NaN NaN NaN NaN NaN NaN NaN; 0.0 0.0 0.0 0.0 0.0 0.0 0.0 0.0 0.0 0.0 0.0 0.0 0.0 0.0; 0.78 0.63 1.28 1.08 0.52 0.52 0.97 1.07 1.62 0.61 0.71 1.02 0.46 0.66; NaN NaN NaN NaN NaN NaN NaN NaN NaN NaN NaN NaN NaN NaN; 0.78 0.63 1.28 1.08 0.52 0.52 0.97 1.07 1.62 0.61 0.71 1.02 0.46 0.66; 3.37 3.28 6.27 3.7 2.3 1.95 4.38 5.44 9.6 2.32 3.71 4.12 4.54 5.7; NaN NaN NaN NaN NaN NaN NaN NaN NaN NaN NaN NaN NaN NaN; 3.37 3.28 6.27 3.7 2.3 1.95 4.38 5.44 9.6 2.32 3.71 4.12 4.54 5.7; 10.77 9.67 15.51 9.86 6.56 7.72 15.73 16.31 29.7 9.14 12.09 11.3 21.51 17.21; NaN NaN NaN NaN NaN NaN NaN NaN NaN NaN NaN NaN NaN NaN; 10.77 9.67 15.51 9.86 6.56 7.72 15.73 16.31 29.7 9.14 12.09 11.3 21.51 17.21; 24.72 22.11 26.66 20.75 16.47 20.12 34.98 37.91 52.73 24.7 29.27 25.56 50.51 39.31; NaN NaN NaN NaN NaN NaN NaN NaN NaN NaN NaN NaN NaN NaN; 24.72 22.11 26.66 20.75 16.47 20.12 34.98 37.91 52.73 24.7 29.27 25.56 50.51 39.31; 38.09 35.46 40.99 32.31 30.17 34.98 47.1 54.67 67.32 43.54 45.73 39.46 75.74 63.44; NaN NaN NaN NaN NaN NaN NaN NaN NaN NaN NaN NaN NaN NaN; 38.09 35.46 40.99 32.31 30.17 34.98 47.1 54.67 67.32 43.54 45.73 39.46 75.74 63.44; 49.9 46.29 55.73 43.3 40.82 45.17 56.47 66.31 75.86 62.63 57.83 50.05 84.91 77.9; NaN NaN NaN NaN NaN NaN NaN NaN NaN NaN NaN NaN NaN NaN; 49.9 46.29 55.73 43.3 40.82 45.17 56.47 66.31 75.86 62.63 57.83 50.05 84.91 77.9; 54.57 52.39 65.9 51.93 46.63 50.29 61.2 71.34 79.6 73.38 65.04 54.68 87.61 84.01; NaN NaN NaN NaN NaN NaN NaN NaN NaN NaN NaN NaN NaN NaN; 54.57 52.39 65.9 51.93 46.63 50.29 61.2 71.34 79.6 73.38 65.04 54.68 87.61 84.01; 59.18 57.57 72.47 56.7 50.6 53.67 64.1 74.03 81.57 78.74 69.51 58.2 88.89 86.81; NaN NaN NaN NaN NaN NaN NaN NaN NaN NaN NaN NaN NaN NaN; 59.18 57.57 72.47 56.7 50.6 53.67 64.1 74.03 81.57 78.74 69.51 58.2 88.89 86.81; 62.43 60.91 77.04 60.91 53.14 55.55 66.55 75.76 83.23 81.21 72.46 60.79 90.06 87.98; NaN NaN NaN NaN NaN NaN NaN NaN NaN NaN NaN NaN NaN NaN; 62.43 60.91 77.04 60.91 53.14 55.55 66.55 75.76 83.23 81.21 72.46 60.79 90.06 87.98; 65.28 63.96 80.79 65.23 55.61 57.62 68.69 77.59 84.75 82.83 74.64 62.42 90.42 89.05; NaN NaN NaN NaN NaN NaN NaN NaN NaN NaN NaN NaN NaN NaN; 65.28 63.96 80.79 65.23 55.61 57.62 68.69 77.59 84.75 82.83 74.64 62.42 90.42 89.05]
