***** epoch: 0 ***** 
trn_loss: 0 
tst_loss: 0 
naive_trn_accuracy: 0 
naive_tst_accuracy: 0  
pck_val_accuracy: 0.539128868353869  
[0.0 0.0 0.0 0.0 0.0 0.0 0.0 0.0 0.0 0.0 0.0 0.0 0.0 0.0; NaN NaN NaN NaN NaN NaN NaN NaN NaN NaN NaN NaN NaN NaN; 0.0 0.0 0.0 0.0 0.0 0.0 0.0 0.0 0.0 0.0 0.0 0.0 0.0 0.0; 1.96 3.11 4.84 2.87 1.27 2.84 4.49 4.07 6.36 6.06 3.96 4.17 8.97 5.19; NaN NaN NaN NaN NaN NaN NaN NaN NaN NaN NaN NaN NaN NaN; 1.96 3.11 4.84 2.87 1.27 2.84 4.49 4.07 6.36 6.06 3.96 4.17 8.97 5.19; 11.08 11.97 16.68 14.65 8.99 10.85 16.82 15.68 24.04 22.53 13.39 13.63 40.77 24.75; NaN NaN NaN NaN NaN NaN NaN NaN NaN NaN NaN NaN NaN NaN; 11.08 11.97 16.68 14.65 8.99 10.85 16.82 15.68 24.04 22.53 13.39 13.63 40.77 24.75; 23.47 20.48 28.01 26.54 19.7 23.64 30.07 31.16 42.73 41.62 27.48 24.01 63.61 47.15; NaN NaN NaN NaN NaN NaN NaN NaN NaN NaN NaN NaN NaN NaN; 23.47 20.48 28.01 26.54 19.7 23.64 30.07 31.16 42.73 41.62 27.48 24.01 63.61 47.15; 32.59 31.65 40.58 37.09 30.3 35.4 41.28 45.52 55.66 58.99 41.08 32.76 76.25 67.72; NaN NaN NaN NaN NaN NaN NaN NaN NaN NaN NaN NaN NaN NaN; 32.59 31.65 40.58 37.09 30.3 35.4 41.28 45.52 55.66 58.99 41.08 32.76 76.25 67.72; 40.55 38.67 51.39 46.21 37.9 41.6 48.52 54.89 64.75 66.67 51.12 41.0 82.87 76.58; NaN NaN NaN NaN NaN NaN NaN NaN NaN NaN NaN NaN NaN NaN; 40.55 38.67 51.39 46.21 37.9 41.6 48.52 54.89 64.75 66.67 51.12 41.0 82.87 76.58; 46.81 45.57 60.35 54.61 44.12 47.55 52.5 63.44 70.91 72.32 59.23 45.88 86.44 81.26; NaN NaN NaN NaN NaN NaN NaN NaN NaN NaN NaN NaN NaN NaN; 46.81 45.57 60.35 54.61 44.12 47.55 52.5 63.44 70.91 72.32 59.23 45.88 86.44 81.26; 51.63 50.63 68.18 60.76 48.85 50.9 55.15 68.74 74.75 75.76 64.0 51.27 87.36 83.1; NaN NaN NaN NaN NaN NaN NaN NaN NaN NaN NaN NaN NaN NaN; 51.63 50.63 68.18 60.76 48.85 50.9 55.15 68.74 74.75 75.76 64.0 51.27 87.36 83.1; 54.89 54.2 73.33 66.5 52.19 54.78 59.23 71.59 77.17 78.38 67.14 55.65 88.69 84.73; NaN NaN NaN NaN NaN NaN NaN NaN NaN NaN NaN NaN NaN NaN; 54.89 54.2 73.33 66.5 52.19 54.78 59.23 71.59 77.17 78.38 67.14 55.65 88.69 84.73; 58.41 58.69 76.93 72.54 55.53 57.36 62.28 73.42 79.09 80.1 71.2 58.49 89.4 85.23; NaN NaN NaN NaN NaN NaN NaN NaN NaN NaN NaN NaN NaN NaN; 58.41 58.69 76.93 72.54 55.53 57.36 62.28 73.42 79.09 80.1 71.2 58.49 89.4 85.23; 61.93 61.8 80.43 75.82 59.33 60.34 64.83 75.66 80.51 81.72 73.83 61.24 90.11 86.05; NaN NaN NaN NaN NaN NaN NaN NaN NaN NaN NaN NaN NaN NaN; 61.93 61.8 80.43 75.82 59.33 60.34 64.83 75.66 80.51 81.72 73.83 61.24 90.11 86.05]
***** epoch: 1 ***** 
trn_loss: 0 
tst_loss: 0 
naive_trn_accuracy: 0 
naive_tst_accuracy: 0  
pck_val_accuracy: 0.6102067682317691  
[0.0 0.0 0.0 0.0 0.0 0.0 0.0 0.0 0.0 0.0 0.0 0.0 0.0 0.0; NaN NaN NaN NaN NaN NaN NaN NaN NaN NaN NaN NaN NaN NaN; 0.0 0.0 0.0 0.0 0.0 0.0 0.0 0.0 0.0 0.0 0.0 0.0 0.0 0.0; 4.43 2.3 2.57 5.23 4.38 4.91 4.38 6.42 10.0 7.98 5.17 6.82 16.0 9.47; NaN NaN NaN NaN NaN NaN NaN NaN NaN NaN NaN NaN NaN NaN; 4.43 2.3 2.57 5.23 4.38 4.91 4.38 6.42 10.0 7.98 5.17 6.82 16.0 9.47; 16.04 11.74 12.05 16.7 13.71 17.18 18.96 23.42 33.23 28.89 21.5 22.08 47.91 33.6; NaN NaN NaN NaN NaN NaN NaN NaN NaN NaN NaN NaN NaN NaN; 16.04 11.74 12.05 16.7 13.71 17.18 18.96 23.42 33.23 28.89 21.5 22.08 47.91 33.6; 28.68 23.82 24.41 30.84 26.73 30.88 35.88 42.87 55.25 49.8 39.55 37.54 70.85 57.74; NaN NaN NaN NaN NaN NaN NaN NaN NaN NaN NaN NaN NaN NaN; 28.68 23.82 24.41 30.84 26.73 30.88 35.88 42.87 55.25 49.8 39.55 37.54 70.85 57.74; 38.07 34.87 38.0 44.67 38.25 40.7 48.32 56.42 68.48 65.05 52.94 48.42 84.3 75.15; NaN NaN NaN NaN NaN NaN NaN NaN NaN NaN NaN NaN NaN NaN; 38.07 34.87 38.0 44.67 38.25 40.7 48.32 56.42 68.48 65.05 52.94 48.42 84.3 75.15; 44.07 44.3 49.74 55.23 46.08 48.06 55.76 65.27 75.15 73.94 59.74 55.95 87.56 81.77; NaN NaN NaN NaN NaN NaN NaN NaN NaN NaN NaN NaN NaN NaN; 44.07 44.3 49.74 55.23 46.08 48.06 55.76 65.27 75.15 73.94 59.74 55.95 87.56 81.77; 49.28 50.63 61.48 64.34 50.92 52.33 60.14 71.49 80.61 78.28 65.52 59.1 89.5 84.42; NaN NaN NaN NaN NaN NaN NaN NaN NaN NaN NaN NaN NaN NaN; 49.28 50.63 61.48 64.34 50.92 52.33 60.14 71.49 80.61 78.28 65.52 59.1 89.5 84.42; 52.54 55.93 69.82 70.18 55.88 55.04 63.51 75.15 83.13 81.92 70.39 62.46 90.52 86.46; NaN NaN NaN NaN NaN NaN NaN NaN NaN NaN NaN NaN NaN NaN; 52.54 55.93 69.82 70.18 55.88 55.04 63.51 75.15 83.13 81.92 70.39 62.46 90.52 86.46; 55.93 59.03 75.39 75.61 60.25 58.53 66.06 77.9 85.15 83.84 73.94 65.41 92.15 87.47; NaN NaN NaN NaN NaN NaN NaN NaN NaN NaN NaN NaN NaN NaN; 55.93 59.03 75.39 75.61 60.25 58.53 66.06 77.9 85.15 83.84 73.94 65.41 92.15 87.47; 59.58 62.6 79.4 79.51 62.79 60.21 68.71 79.02 87.58 85.25 76.88 67.55 92.86 88.29; NaN NaN NaN NaN NaN NaN NaN NaN NaN NaN NaN NaN NaN NaN; 59.58 62.6 79.4 79.51 62.79 60.21 68.71 79.02 87.58 85.25 76.88 67.55 92.86 88.29; 61.8 66.86 83.01 83.09 65.78 63.18 70.85 81.06 88.38 86.87 78.3 69.28 93.17 89.31; NaN NaN NaN NaN NaN NaN NaN NaN NaN NaN NaN NaN NaN NaN; 61.8 66.86 83.01 83.09 65.78 63.18 70.85 81.06 88.38 86.87 78.3 69.28 93.17 89.31]
***** epoch: 2 ***** 
trn_loss: 0 
tst_loss: 0 
naive_trn_accuracy: 0 
naive_tst_accuracy: 0  
pck_val_accuracy: 0.5850258547008554  
[0.0 0.0 0.0 0.0 0.0 0.0 0.0 0.0 0.0 0.0 0.0 0.0 0.0 0.0; NaN NaN NaN NaN NaN NaN NaN NaN NaN NaN NaN NaN NaN NaN; 0.0 0.0 0.0 0.0 0.0 0.0 0.0 0.0 0.0 0.0 0.0 0.0 0.0 0.0; 3.52 4.49 5.36 3.69 2.3 1.29 7.34 8.15 9.29 12.83 6.19 6.92 14.98 13.24; NaN NaN NaN NaN NaN NaN NaN NaN NaN NaN NaN NaN NaN NaN; 3.52 4.49 5.36 3.69 2.3 1.29 7.34 8.15 9.29 12.83 6.19 6.92 14.98 13.24; 14.99 13.46 17.3 12.91 9.45 9.43 27.62 28.41 32.42 36.87 22.31 21.46 46.38 41.96; NaN NaN NaN NaN NaN NaN NaN NaN NaN NaN NaN NaN NaN NaN; 14.99 13.46 17.3 12.91 9.45 9.43 27.62 28.41 32.42 36.87 22.31 21.46 46.38 41.96; 29.6 25.78 31.62 25.0 20.62 20.41 41.28 46.13 53.23 56.57 38.64 36.52 70.23 62.53; NaN NaN NaN NaN NaN NaN NaN NaN NaN NaN NaN NaN NaN NaN; 29.6 25.78 31.62 25.0 20.62 20.41 41.28 46.13 53.23 56.57 38.64 36.52 70.23 62.53; 39.9 36.36 42.33 36.07 29.49 34.37 50.46 55.8 63.74 67.47 51.32 47.0 79.31 74.95; NaN NaN NaN NaN NaN NaN NaN NaN NaN NaN NaN NaN NaN NaN; 39.9 36.36 42.33 36.07 29.49 34.37 50.46 55.8 63.74 67.47 51.32 47.0 79.31 74.95; 46.68 44.19 52.21 44.67 37.56 41.34 55.25 63.44 70.91 74.04 59.74 53.31 82.87 80.45; NaN NaN NaN NaN NaN NaN NaN NaN NaN NaN NaN NaN NaN NaN; 46.68 44.19 52.21 44.67 37.56 41.34 55.25 63.44 70.91 74.04 59.74 53.31 82.87 80.45; 51.11 49.83 59.73 51.13 42.4 45.48 58.72 67.41 75.56 76.97 65.82 56.56 84.61 82.79; NaN NaN NaN NaN NaN NaN NaN NaN NaN NaN NaN NaN NaN NaN; 51.11 49.83 59.73 51.13 42.4 45.48 58.72 67.41 75.56 76.97 65.82 56.56 84.61 82.79; 54.89 53.05 66.53 57.99 46.77 48.32 61.77 70.06 78.59 78.99 70.69 58.6 86.44 84.52; NaN NaN NaN NaN NaN NaN NaN NaN NaN NaN NaN NaN NaN NaN; 54.89 53.05 66.53 57.99 46.77 48.32 61.77 70.06 78.59 78.99 70.69 58.6 86.44 84.52; 58.28 57.42 72.19 63.22 50.12 51.29 64.12 72.1 80.81 79.8 74.14 61.65 87.05 85.54; NaN NaN NaN NaN NaN NaN NaN NaN NaN NaN NaN NaN NaN NaN; 58.28 57.42 72.19 63.22 50.12 51.29 64.12 72.1 80.81 79.8 74.14 61.65 87.05 85.54; 61.67 61.33 77.03 67.52 53.34 53.36 66.06 74.34 82.73 80.51 75.96 63.38 87.87 86.25; NaN NaN NaN NaN NaN NaN NaN NaN NaN NaN NaN NaN NaN NaN; 61.67 61.33 77.03 67.52 53.34 53.36 66.06 74.34 82.73 80.51 75.96 63.38 87.87 86.25; 64.41 64.56 80.23 72.23 55.99 54.78 68.2 75.76 83.23 81.41 77.48 64.6 88.38 87.17; NaN NaN NaN NaN NaN NaN NaN NaN NaN NaN NaN NaN NaN NaN; 64.41 64.56 80.23 72.23 55.99 54.78 68.2 75.76 83.23 81.41 77.48 64.6 88.38 87.17]
***** epoch: 3 ***** 
trn_loss: 0 
tst_loss: 0 
naive_trn_accuracy: 0 
naive_tst_accuracy: 0  
pck_val_accuracy: 0.6019663336663345  
[0.0 0.0 0.0 0.0 0.0 0.0 0.0 0.0 0.0 0.0 0.0 0.0 0.0 0.0; NaN NaN NaN NaN NaN NaN NaN NaN NaN NaN NaN NaN NaN NaN; 0.0 0.0 0.0 0.0 0.0 0.0 0.0 0.0 0.0 0.0 0.0 0.0 0.0 0.0; 5.22 4.49 4.12 5.23 4.61 5.3 6.73 5.91 9.49 11.11 6.19 6.1 18.45 13.75; NaN NaN NaN NaN NaN NaN NaN NaN NaN NaN NaN NaN NaN NaN; 5.22 4.49 4.12 5.23 4.61 5.3 6.73 5.91 9.49 11.11 6.19 6.1 18.45 13.75; 16.82 15.77 16.48 16.8 14.17 21.71 23.85 23.01 29.29 37.07 21.91 19.63 53.72 44.6; NaN NaN NaN NaN NaN NaN NaN NaN NaN NaN NaN NaN NaN NaN; 16.82 15.77 16.48 16.8 14.17 21.71 23.85 23.01 29.29 37.07 21.91 19.63 53.72 44.6; 30.64 29.34 31.1 27.05 28.11 33.98 38.84 42.26 47.78 57.47 42.09 34.59 72.99 64.05; NaN NaN NaN NaN NaN NaN NaN NaN NaN NaN NaN NaN NaN NaN; 30.64 29.34 31.1 27.05 28.11 33.98 38.84 42.26 47.78 57.47 42.09 34.59 72.99 64.05; 40.68 38.78 43.67 38.11 38.36 44.06 49.24 56.82 60.1 68.59 55.38 46.39 81.86 75.05; NaN NaN NaN NaN NaN NaN NaN NaN NaN NaN NaN NaN NaN NaN; 40.68 38.78 43.67 38.11 38.36 44.06 49.24 56.82 60.1 68.59 55.38 46.39 81.86 75.05; 46.94 44.65 53.35 48.87 45.05 48.84 54.94 64.36 68.18 74.95 62.68 54.93 85.02 80.96; NaN NaN NaN NaN NaN NaN NaN NaN NaN NaN NaN NaN NaN NaN; 46.94 44.65 53.35 48.87 45.05 48.84 54.94 64.36 68.18 74.95 62.68 54.93 85.02 80.96; 51.5 49.37 62.1 56.05 50.35 52.45 58.72 69.86 74.14 79.7 68.46 59.72 87.26 83.81; NaN NaN NaN NaN NaN NaN NaN NaN NaN NaN NaN NaN NaN NaN; 51.5 49.37 62.1 56.05 50.35 52.45 58.72 69.86 74.14 79.7 68.46 59.72 87.26 83.81; 54.89 54.09 69.31 63.32 54.49 55.43 61.47 72.4 78.28 81.62 72.41 62.16 88.28 85.23; NaN NaN NaN NaN NaN NaN NaN NaN NaN NaN NaN NaN NaN NaN; 54.89 54.09 69.31 63.32 54.49 55.43 61.47 72.4 78.28 81.62 72.41 62.16 88.28 85.23; 58.02 57.54 74.67 69.57 57.6 58.91 64.32 75.15 80.91 83.43 74.95 65.01 89.19 86.66; NaN NaN NaN NaN NaN NaN NaN NaN NaN NaN NaN NaN NaN NaN; 58.02 57.54 74.67 69.57 57.6 58.91 64.32 75.15 80.91 83.43 74.95 65.01 89.19 86.66; 60.89 60.87 79.51 72.95 61.06 61.11 66.16 76.27 81.92 84.04 76.98 67.55 89.81 87.27; NaN NaN NaN NaN NaN NaN NaN NaN NaN NaN NaN NaN NaN NaN; 60.89 60.87 79.51 72.95 61.06 61.11 66.16 76.27 81.92 84.04 76.98 67.55 89.81 87.27; 64.54 63.87 82.6 77.05 64.17 62.79 68.09 77.49 83.43 85.35 78.7 69.79 90.32 88.19; NaN NaN NaN NaN NaN NaN NaN NaN NaN NaN NaN NaN NaN NaN; 64.54 63.87 82.6 77.05 64.17 62.79 68.09 77.49 83.43 85.35 78.7 69.79 90.32 88.19]
***** epoch: 4 ***** 
trn_loss: 0 
tst_loss: 0 
naive_trn_accuracy: 0 
naive_tst_accuracy: 0  
pck_val_accuracy: 0.5658815573315571  
[0.0 0.0 0.0 0.0 0.0 0.0 0.0 0.0 0.0 0.0 0.0 0.0 0.0 0.0; NaN NaN NaN NaN NaN NaN NaN NaN NaN NaN NaN NaN NaN NaN; 0.0 0.0 0.0 0.0 0.0 0.0 0.0 0.0 0.0 0.0 0.0 0.0 0.0 0.0; 2.35 1.73 2.37 1.74 2.76 1.42 6.52 5.91 5.35 7.47 3.14 3.87 5.1 7.84; NaN NaN NaN NaN NaN NaN NaN NaN NaN NaN NaN NaN NaN NaN; 2.35 1.73 2.37 1.74 2.76 1.42 6.52 5.91 5.35 7.47 3.14 3.87 5.1 7.84; 9.26 8.06 10.81 9.12 10.71 10.47 19.37 22.1 24.65 22.53 15.01 12.0 25.38 30.14; NaN NaN NaN NaN NaN NaN NaN NaN NaN NaN NaN NaN NaN NaN; 9.26 8.06 10.81 9.12 10.71 10.47 19.37 22.1 24.65 22.53 15.01 12.0 25.38 30.14; 20.08 20.25 22.76 19.47 22.0 21.45 34.56 40.33 45.05 43.54 32.66 23.8 52.09 53.36; NaN NaN NaN NaN NaN NaN NaN NaN NaN NaN NaN NaN NaN NaN; 20.08 20.25 22.76 19.47 22.0 21.45 34.56 40.33 45.05 43.54 32.66 23.8 52.09 53.36; 35.85 35.21 37.18 32.07 31.91 35.53 47.09 55.19 60.81 59.09 47.46 36.11 73.5 70.16; NaN NaN NaN NaN NaN NaN NaN NaN NaN NaN NaN NaN NaN NaN; 35.85 35.21 37.18 32.07 31.91 35.53 47.09 55.19 60.81 59.09 47.46 36.11 73.5 70.16; 46.15 44.53 49.74 44.16 40.78 44.83 54.03 64.46 69.19 67.17 56.09 45.47 82.36 79.02; NaN NaN NaN NaN NaN NaN NaN NaN NaN NaN NaN NaN NaN NaN; 46.15 44.53 49.74 44.16 40.78 44.83 54.03 64.46 69.19 67.17 56.09 45.47 82.36 79.02; 52.41 50.29 59.32 52.97 47.35 50.26 59.12 70.67 74.44 72.73 63.69 50.86 86.44 82.89; NaN NaN NaN NaN NaN NaN NaN NaN NaN NaN NaN NaN NaN NaN; 52.41 50.29 59.32 52.97 47.35 50.26 59.12 70.67 74.44 72.73 63.69 50.86 86.44 82.89; 55.8 53.86 66.74 60.14 52.76 53.23 61.67 74.34 78.79 77.78 69.07 55.24 87.87 85.03; NaN NaN NaN NaN NaN NaN NaN NaN NaN NaN NaN NaN NaN NaN; 55.8 53.86 66.74 60.14 52.76 53.23 61.67 74.34 78.79 77.78 69.07 55.24 87.87 85.03; 59.06 57.88 72.3 65.37 57.26 55.43 64.42 76.99 82.32 80.61 73.12 58.9 89.19 86.35; NaN NaN NaN NaN NaN NaN NaN NaN NaN NaN NaN NaN NaN NaN; 59.06 57.88 72.3 65.37 57.26 55.43 64.42 76.99 82.32 80.61 73.12 58.9 89.19 86.35; 61.93 60.99 76.21 69.06 60.14 57.88 66.97 79.33 84.14 83.03 75.66 61.85 90.52 87.47; NaN NaN NaN NaN NaN NaN NaN NaN NaN NaN NaN NaN NaN NaN; 61.93 60.99 76.21 69.06 60.14 57.88 66.97 79.33 84.14 83.03 75.66 61.85 90.52 87.47; 65.19 63.98 79.51 72.64 62.67 60.47 69.01 81.47 84.75 83.94 77.59 64.19 91.23 87.88; NaN NaN NaN NaN NaN NaN NaN NaN NaN NaN NaN NaN NaN NaN; 65.19 63.98 79.51 72.64 62.67 60.47 69.01 81.47 84.75 83.94 77.59 64.19 91.23 87.88]
***** epoch: 5 ***** 
trn_loss: 0 
tst_loss: 0 
naive_trn_accuracy: 0 
naive_tst_accuracy: 0  
pck_val_accuracy: 0.5086309190809192  
[0.0 0.0 0.0 0.0 0.0 0.0 0.0 0.0 0.0 0.0 0.0 0.0 0.0 0.0; NaN NaN NaN NaN NaN NaN NaN NaN NaN NaN NaN NaN NaN NaN; 0.0 0.0 0.0 0.0 0.0 0.0 0.0 0.0 0.0 0.0 0.0 0.0 0.0 0.0; 3.39 2.07 3.19 4.0 3.34 4.91 4.59 4.99 3.03 7.27 5.58 4.78 11.11 8.25; NaN NaN NaN NaN NaN NaN NaN NaN NaN NaN NaN NaN NaN NaN; 3.39 2.07 3.19 4.0 3.34 4.91 4.59 4.99 3.03 7.27 5.58 4.78 11.11 8.25; 12.13 10.13 11.53 16.19 13.94 18.22 16.72 16.9 14.24 22.02 17.04 17.09 34.86 35.34; NaN NaN NaN NaN NaN NaN NaN NaN NaN NaN NaN NaN NaN NaN; 12.13 10.13 11.53 16.19 13.94 18.22 16.72 16.9 14.24 22.02 17.04 17.09 34.86 35.34; 21.51 23.59 25.23 30.64 27.42 30.1 27.83 30.14 27.68 37.98 30.22 29.09 58.72 54.58; NaN NaN NaN NaN NaN NaN NaN NaN NaN NaN NaN NaN NaN NaN; 21.51 23.59 25.23 30.64 27.42 30.1 27.83 30.14 27.68 37.98 30.22 29.09 58.72 54.58; 30.25 34.52 39.13 41.8 37.1 39.66 37.21 41.85 40.91 48.48 39.76 40.08 70.44 68.64; NaN NaN NaN NaN NaN NaN NaN NaN NaN NaN NaN NaN NaN NaN; 30.25 34.52 39.13 41.8 37.1 39.66 37.21 41.85 40.91 48.48 39.76 40.08 70.44 68.64; 38.46 41.77 49.23 51.95 43.66 45.22 43.63 47.66 47.68 54.04 46.04 45.78 75.84 76.07; NaN NaN NaN NaN NaN NaN NaN NaN NaN NaN NaN NaN NaN NaN; 38.46 41.77 49.23 51.95 43.66 45.22 43.63 47.66 47.68 54.04 46.04 45.78 75.84 76.07; 42.37 47.18 58.19 59.94 49.54 48.97 47.2 52.04 52.93 58.99 51.01 49.64 78.49 79.23; NaN NaN NaN NaN NaN NaN NaN NaN NaN NaN NaN NaN NaN NaN; 42.37 47.18 58.19 59.94 49.54 48.97 47.2 52.04 52.93 58.99 51.01 49.64 78.49 79.23; 46.02 50.98 64.26 65.37 54.61 51.94 50.36 55.19 57.17 62.73 55.17 51.98 81.35 81.26; NaN NaN NaN NaN NaN NaN NaN NaN NaN NaN NaN NaN NaN NaN; 46.02 50.98 64.26 65.37 54.61 51.94 50.36 55.19 57.17 62.73 55.17 51.98 81.35 81.26; 49.28 54.09 68.69 69.47 56.11 54.26 52.8 58.35 59.8 64.65 57.4 54.63 83.08 83.2; NaN NaN NaN NaN NaN NaN NaN NaN NaN NaN NaN NaN NaN NaN; 49.28 54.09 68.69 69.47 56.11 54.26 52.8 58.35 59.8 64.65 57.4 54.63 83.08 83.2; 52.28 57.42 72.91 72.95 58.87 56.85 55.45 59.78 61.72 67.58 60.04 56.36 84.3 84.73; NaN NaN NaN NaN NaN NaN NaN NaN NaN NaN NaN NaN NaN NaN; 52.28 57.42 72.91 72.95 58.87 56.85 55.45 59.78 61.72 67.58 60.04 56.36 84.3 84.73; 54.11 60.07 75.7 76.43 61.87 59.3 57.49 60.69 64.44 69.49 61.66 58.39 85.12 85.23; NaN NaN NaN NaN NaN NaN NaN NaN NaN NaN NaN NaN NaN NaN; 54.11 60.07 75.7 76.43 61.87 59.3 57.49 60.69 64.44 69.49 61.66 58.39 85.12 85.23]
