***** epoch: 0 ***** 
trn_loss: 0 
tst_loss: 0 
naive_trn_accuracy: 0 
naive_tst_accuracy: 0  
pck_val_accuracy: 0.3819280358530363  
[0.0 0.0 0.0 0.0 0.0 0.0 0.0 0.0 0.0 0.0 0.0 0.0 0.0 0.0; NaN NaN NaN NaN NaN NaN NaN NaN NaN NaN NaN NaN NaN NaN; 0.0 0.0 0.0 0.0 0.0 0.0 0.0 0.0 0.0 0.0 0.0 0.0 0.0 0.0; 1.69 1.15 1.75 2.15 1.5 1.81 2.04 1.93 3.33 2.93 1.62 1.63 7.24 5.8; NaN NaN NaN NaN NaN NaN NaN NaN NaN NaN NaN NaN NaN NaN; 1.69 1.15 1.75 2.15 1.5 1.81 2.04 1.93 3.33 2.93 1.62 1.63 7.24 5.8; 6.78 4.37 7.31 6.66 4.49 7.49 6.83 5.91 13.94 12.32 7.3 7.12 24.77 21.59; NaN NaN NaN NaN NaN NaN NaN NaN NaN NaN NaN NaN NaN NaN; 6.78 4.37 7.31 6.66 4.49 7.49 6.83 5.91 13.94 12.32 7.3 7.12 24.77 21.59; 14.34 8.86 15.96 14.14 10.48 14.21 13.76 12.93 26.46 24.24 14.71 15.36 47.09 37.88; NaN NaN NaN NaN NaN NaN NaN NaN NaN NaN NaN NaN NaN NaN; 14.34 8.86 15.96 14.14 10.48 14.21 13.76 12.93 26.46 24.24 14.71 15.36 47.09 37.88; 21.38 15.07 24.72 22.23 17.4 22.61 23.85 21.08 39.6 35.25 22.92 21.77 66.46 55.4; NaN NaN NaN NaN NaN NaN NaN NaN NaN NaN NaN NaN NaN NaN; 21.38 15.07 24.72 22.23 17.4 22.61 23.85 21.08 39.6 35.25 22.92 21.77 66.46 55.4; 27.51 22.32 34.4 31.15 24.08 30.23 30.58 29.74 49.6 42.42 31.54 26.75 78.29 65.78; NaN NaN NaN NaN NaN NaN NaN NaN NaN NaN NaN NaN NaN NaN; 27.51 22.32 34.4 31.15 24.08 30.23 30.58 29.74 49.6 42.42 31.54 26.75 78.29 65.78; 33.51 29.23 45.11 38.73 29.84 37.21 36.7 38.39 56.36 49.29 39.86 33.37 84.71 75.05; NaN NaN NaN NaN NaN NaN NaN NaN NaN NaN NaN NaN NaN NaN; 33.51 29.23 45.11 38.73 29.84 37.21 36.7 38.39 56.36 49.29 39.86 33.37 84.71 75.05; 38.2 35.44 53.76 46.21 35.6 42.38 40.88 44.81 62.12 54.75 45.03 39.17 87.26 78.62; NaN NaN NaN NaN NaN NaN NaN NaN NaN NaN NaN NaN NaN NaN; 38.2 35.44 53.76 46.21 35.6 42.38 40.88 44.81 62.12 54.75 45.03 39.17 87.26 78.62; 42.5 40.62 61.59 54.61 41.24 47.29 45.16 50.71 66.26 60.0 50.1 42.93 88.79 81.57; NaN NaN NaN NaN NaN NaN NaN NaN NaN NaN NaN NaN NaN NaN; 42.5 40.62 61.59 54.61 41.24 47.29 45.16 50.71 66.26 60.0 50.1 42.93 88.79 81.57; 47.2 45.8 67.77 60.55 45.62 51.16 48.93 55.3 71.01 64.24 53.65 47.2 91.13 84.22; NaN NaN NaN NaN NaN NaN NaN NaN NaN NaN NaN NaN NaN NaN; 47.2 45.8 67.77 60.55 45.62 51.16 48.93 55.3 71.01 64.24 53.65 47.2 91.13 84.22; 49.02 50.29 73.12 66.39 49.54 53.62 52.6 59.27 74.24 67.58 57.2 50.36 91.64 85.64; NaN NaN NaN NaN NaN NaN NaN NaN NaN NaN NaN NaN NaN NaN; 49.02 50.29 73.12 66.39 49.54 53.62 52.6 59.27 74.24 67.58 57.2 50.36 91.64 85.64]
***** epoch: 1 ***** 
trn_loss: 0 
tst_loss: 0 
naive_trn_accuracy: 0 
naive_tst_accuracy: 0  
pck_val_accuracy: 0.4579142579642583  
[0.0 0.0 0.0 0.0 0.0 0.0 0.0 0.0 0.0 0.0 0.0 0.0 0.0 0.0; NaN NaN NaN NaN NaN NaN NaN NaN NaN NaN NaN NaN NaN NaN; 0.0 0.0 0.0 0.0 0.0 0.0 0.0 0.0 0.0 0.0 0.0 0.0 0.0 0.0; 1.96 1.38 2.99 3.07 1.27 1.55 3.77 2.34 5.45 4.55 2.84 2.44 7.65 9.06; NaN NaN NaN NaN NaN NaN NaN NaN NaN NaN NaN NaN NaN NaN; 1.96 1.38 2.99 3.07 1.27 1.55 3.77 2.34 5.45 4.55 2.84 2.44 7.65 9.06; 9.13 5.64 9.58 10.14 6.22 7.75 11.42 9.57 20.51 16.87 10.65 9.56 28.54 31.26; NaN NaN NaN NaN NaN NaN NaN NaN NaN NaN NaN NaN NaN NaN; 9.13 5.64 9.58 10.14 6.22 7.75 11.42 9.57 20.51 16.87 10.65 9.56 28.54 31.26; 16.43 12.77 18.64 19.36 13.71 16.8 19.78 20.67 37.58 32.53 20.28 18.62 54.03 49.9; NaN NaN NaN NaN NaN NaN NaN NaN NaN NaN NaN NaN NaN NaN; 16.43 12.77 18.64 19.36 13.71 16.8 19.78 20.67 37.58 32.53 20.28 18.62 54.03 49.9; 25.81 20.71 28.32 29.41 22.58 26.1 29.66 31.77 50.0 47.47 30.53 26.96 72.58 65.07; NaN NaN NaN NaN NaN NaN NaN NaN NaN NaN NaN NaN NaN NaN; 25.81 20.71 28.32 29.41 22.58 26.1 29.66 31.77 50.0 47.47 30.53 26.96 72.58 65.07; 33.25 30.26 38.41 38.63 30.41 33.98 37.41 40.63 58.59 57.37 38.95 34.49 82.67 74.75; NaN NaN NaN NaN NaN NaN NaN NaN NaN NaN NaN NaN NaN NaN; 33.25 30.26 38.41 38.63 30.41 33.98 37.41 40.63 58.59 57.37 38.95 34.49 82.67 74.75; 39.5 37.86 48.61 44.57 37.79 40.96 43.43 49.69 65.15 64.65 48.07 39.98 87.16 79.33; NaN NaN NaN NaN NaN NaN NaN NaN NaN NaN NaN NaN NaN NaN; 39.5 37.86 48.61 44.57 37.79 40.96 43.43 49.69 65.15 64.65 48.07 39.98 87.16 79.33; 44.07 43.61 55.61 52.05 43.43 45.87 48.11 55.7 68.28 68.28 54.36 44.35 88.79 82.28; NaN NaN NaN NaN NaN NaN NaN NaN NaN NaN NaN NaN NaN NaN; 44.07 43.61 55.61 52.05 43.43 45.87 48.11 55.7 68.28 68.28 54.36 44.35 88.79 82.28; 48.24 48.79 63.03 57.79 47.93 49.22 50.76 59.88 72.12 72.73 59.13 48.12 89.7 84.01; NaN NaN NaN NaN NaN NaN NaN NaN NaN NaN NaN NaN NaN NaN; 48.24 48.79 63.03 57.79 47.93 49.22 50.76 59.88 72.12 72.73 59.13 48.12 89.7 84.01; 50.2 52.82 67.46 62.91 52.19 52.07 54.33 63.54 74.65 75.15 62.27 51.88 90.62 85.54; NaN NaN NaN NaN NaN NaN NaN NaN NaN NaN NaN NaN NaN NaN; 50.2 52.82 67.46 62.91 52.19 52.07 54.33 63.54 74.65 75.15 62.27 51.88 90.62 85.54; 53.32 56.5 71.88 67.52 55.76 54.52 58.1 65.58 77.88 76.87 64.2 53.92 91.54 86.97; NaN NaN NaN NaN NaN NaN NaN NaN NaN NaN NaN NaN NaN NaN; 53.32 56.5 71.88 67.52 55.76 54.52 58.1 65.58 77.88 76.87 64.2 53.92 91.54 86.97]
***** epoch: 2 ***** 
trn_loss: 0 
tst_loss: 0 
naive_trn_accuracy: 0 
naive_tst_accuracy: 0  
pck_val_accuracy: 0.5058820790320788  
[0.0 0.0 0.0 0.0 0.0 0.0 0.0 0.0 0.0 0.0 0.0 0.0 0.0 0.0; NaN NaN NaN NaN NaN NaN NaN NaN NaN NaN NaN NaN NaN NaN; 0.0 0.0 0.0 0.0 0.0 0.0 0.0 0.0 0.0 0.0 0.0 0.0 0.0 0.0; 2.61 2.3 3.3 2.77 2.07 1.55 5.5 3.77 6.77 5.96 2.43 2.64 10.4 9.06; NaN NaN NaN NaN NaN NaN NaN NaN NaN NaN NaN NaN NaN NaN; 2.61 2.3 3.3 2.77 2.07 1.55 5.5 3.77 6.77 5.96 2.43 2.64 10.4 9.06; 10.56 8.06 12.15 9.53 7.95 9.82 14.98 13.54 24.24 21.01 11.56 9.46 35.58 34.62; NaN NaN NaN NaN NaN NaN NaN NaN NaN NaN NaN NaN NaN NaN; 10.56 8.06 12.15 9.53 7.95 9.82 14.98 13.54 24.24 21.01 11.56 9.46 35.58 34.62; 19.3 18.41 24.0 19.47 14.98 20.03 25.69 27.6 43.33 39.19 22.52 19.33 60.96 53.56; NaN NaN NaN NaN NaN NaN NaN NaN NaN NaN NaN NaN NaN NaN; 19.3 18.41 24.0 19.47 14.98 20.03 25.69 27.6 43.33 39.19 22.52 19.33 60.96 53.56; 29.07 26.7 35.63 29.41 25.0 28.94 35.58 42.77 56.77 54.65 33.77 29.6 76.25 68.43; NaN NaN NaN NaN NaN NaN NaN NaN NaN NaN NaN NaN NaN NaN; 29.07 26.7 35.63 29.41 25.0 28.94 35.58 42.77 56.77 54.65 33.77 29.6 76.25 68.43; 37.03 36.82 44.18 39.34 32.37 37.21 42.71 52.75 64.75 63.64 43.51 39.27 85.12 76.17; NaN NaN NaN NaN NaN NaN NaN NaN NaN NaN NaN NaN NaN NaN; 37.03 36.82 44.18 39.34 32.37 37.21 42.71 52.75 64.75 63.64 43.51 39.27 85.12 76.17; 42.37 44.65 54.17 46.72 39.17 44.44 48.83 59.27 71.11 70.1 51.93 43.74 87.36 80.75; NaN NaN NaN NaN NaN NaN NaN NaN NaN NaN NaN NaN NaN NaN; 42.37 44.65 54.17 46.72 39.17 44.44 48.83 59.27 71.11 70.1 51.93 43.74 87.36 80.75; 46.68 49.83 61.07 53.79 45.97 48.71 53.11 64.77 74.65 74.04 58.42 49.14 88.28 83.5; NaN NaN NaN NaN NaN NaN NaN NaN NaN NaN NaN NaN NaN NaN; 46.68 49.83 61.07 53.79 45.97 48.71 53.11 64.77 74.65 74.04 58.42 49.14 88.28 83.5; 51.24 52.59 67.77 60.45 50.23 52.07 56.07 68.23 76.97 77.37 63.49 51.88 89.19 85.13; NaN NaN NaN NaN NaN NaN NaN NaN NaN NaN NaN NaN NaN NaN; 51.24 52.59 67.77 60.45 50.23 52.07 56.07 68.23 76.97 77.37 63.49 51.88 89.19 85.13; 54.11 57.54 73.12 65.57 53.8 55.17 59.02 71.38 79.09 80.4 67.34 55.24 90.93 85.64; NaN NaN NaN NaN NaN NaN NaN NaN NaN NaN NaN NaN NaN NaN; 54.11 57.54 73.12 65.57 53.8 55.17 59.02 71.38 79.09 80.4 67.34 55.24 90.93 85.64; 55.8 59.72 76.93 69.77 57.03 57.11 61.88 74.03 81.11 82.22 69.78 57.48 91.54 86.86; NaN NaN NaN NaN NaN NaN NaN NaN NaN NaN NaN NaN NaN NaN; 55.8 59.72 76.93 69.77 57.03 57.11 61.88 74.03 81.11 82.22 69.78 57.48 91.54 86.86]
***** epoch: 3 ***** 
trn_loss: 0 
tst_loss: 0 
naive_trn_accuracy: 0 
naive_tst_accuracy: 0  
pck_val_accuracy: 0.5432989954489955  
[0.0 0.0 0.0 0.0 0.0 0.0 0.0 0.0 0.0 0.0 0.0 0.0 0.0 0.0; NaN NaN NaN NaN NaN NaN NaN NaN NaN NaN NaN NaN NaN NaN; 0.0 0.0 0.0 0.0 0.0 0.0 0.0 0.0 0.0 0.0 0.0 0.0 0.0 0.0; 3.13 2.42 3.19 3.59 2.88 3.23 4.79 5.3 6.77 5.35 2.33 3.36 11.82 10.9; NaN NaN NaN NaN NaN NaN NaN NaN NaN NaN NaN NaN NaN NaN; 3.13 2.42 3.19 3.59 2.88 3.23 4.79 5.3 6.77 5.35 2.33 3.36 11.82 10.9; 11.86 10.36 12.36 12.6 9.22 14.34 16.72 19.25 27.27 22.73 12.88 12.92 36.49 35.03; NaN NaN NaN NaN NaN NaN NaN NaN NaN NaN NaN NaN NaN NaN; 11.86 10.36 12.36 12.6 9.22 14.34 16.72 19.25 27.27 22.73 12.88 12.92 36.49 35.03; 24.77 21.52 25.54 23.77 17.51 24.81 28.85 35.64 48.89 41.11 24.54 24.21 63.91 57.03; NaN NaN NaN NaN NaN NaN NaN NaN NaN NaN NaN NaN NaN NaN; 24.77 21.52 25.54 23.77 17.51 24.81 28.85 35.64 48.89 41.11 24.54 24.21 63.91 57.03; 33.77 30.15 37.18 34.84 26.5 35.92 38.84 49.19 61.21 56.77 38.54 35.3 78.49 72.1; NaN NaN NaN NaN NaN NaN NaN NaN NaN NaN NaN NaN NaN NaN; 33.77 30.15 37.18 34.84 26.5 35.92 38.84 49.19 61.21 56.77 38.54 35.3 78.49 72.1; 41.85 38.09 50.05 44.26 36.18 42.76 46.59 57.23 68.28 67.68 49.7 42.12 84.51 78.72; NaN NaN NaN NaN NaN NaN NaN NaN NaN NaN NaN NaN NaN NaN; 41.85 38.09 50.05 44.26 36.18 42.76 46.59 57.23 68.28 67.68 49.7 42.12 84.51 78.72; 46.94 44.07 60.25 51.64 41.59 47.55 50.66 63.14 73.64 74.24 57.91 47.41 87.16 81.77; NaN NaN NaN NaN NaN NaN NaN NaN NaN NaN NaN NaN NaN NaN; 46.94 44.07 60.25 51.64 41.59 47.55 50.66 63.14 73.64 74.24 57.91 47.41 87.16 81.77; 50.59 47.87 66.12 59.22 46.89 51.81 54.43 68.84 77.47 77.37 64.2 51.98 88.28 83.81; NaN NaN NaN NaN NaN NaN NaN NaN NaN NaN NaN NaN NaN NaN; 50.59 47.87 66.12 59.22 46.89 51.81 54.43 68.84 77.47 77.37 64.2 51.98 88.28 83.81; 54.37 52.93 72.19 64.96 50.46 54.78 57.7 72.71 79.49 79.7 70.08 55.04 89.5 84.83; NaN NaN NaN NaN NaN NaN NaN NaN NaN NaN NaN NaN NaN NaN; 54.37 52.93 72.19 64.96 50.46 54.78 57.7 72.71 79.49 79.7 70.08 55.04 89.5 84.83; 58.02 57.65 76.11 69.88 54.15 56.59 60.14 75.66 81.82 82.02 74.24 57.68 90.72 85.74; NaN NaN NaN NaN NaN NaN NaN NaN NaN NaN NaN NaN NaN NaN; 58.02 57.65 76.11 69.88 54.15 56.59 60.14 75.66 81.82 82.02 74.24 57.68 90.72 85.74; 59.97 60.18 79.09 74.08 57.95 58.66 63.2 76.78 83.64 83.94 76.77 60.53 91.44 87.07; NaN NaN NaN NaN NaN NaN NaN NaN NaN NaN NaN NaN NaN NaN; 59.97 60.18 79.09 74.08 57.95 58.66 63.2 76.78 83.64 83.94 76.77 60.53 91.44 87.07]
***** epoch: 4 ***** 
trn_loss: 0 
tst_loss: 0 
naive_trn_accuracy: 0 
naive_tst_accuracy: 0  
pck_val_accuracy: 0.5297298978798974  
[0.0 0.0 0.0 0.0 0.0 0.0 0.0 0.0 0.0 0.0 0.0 0.0 0.0 0.0; NaN NaN NaN NaN NaN NaN NaN NaN NaN NaN NaN NaN NaN NaN; 0.0 0.0 0.0 0.0 0.0 0.0 0.0 0.0 0.0 0.0 0.0 0.0 0.0 0.0; 3.65 3.68 3.81 2.97 2.88 3.62 5.3 4.99 7.58 5.56 3.14 3.46 9.89 9.78; NaN NaN NaN NaN NaN NaN NaN NaN NaN NaN NaN NaN NaN NaN; 3.65 3.68 3.81 2.97 2.88 3.62 5.3 4.99 7.58 5.56 3.14 3.46 9.89 9.78; 10.3 11.28 13.49 12.4 10.71 13.7 18.96 19.25 24.85 23.43 13.39 11.5 33.64 34.11; NaN NaN NaN NaN NaN NaN NaN NaN NaN NaN NaN NaN NaN NaN; 10.3 11.28 13.49 12.4 10.71 13.7 18.96 19.25 24.85 23.43 13.39 11.5 33.64 34.11; 22.03 21.86 23.69 23.67 19.7 23.13 30.78 34.83 43.54 42.63 27.99 22.99 58.21 55.4; NaN NaN NaN NaN NaN NaN NaN NaN NaN NaN NaN NaN NaN NaN; 22.03 21.86 23.69 23.67 19.7 23.13 30.78 34.83 43.54 42.63 27.99 22.99 58.21 55.4; 31.03 30.26 37.08 33.81 29.15 34.11 40.37 48.07 57.58 57.27 40.47 33.37 73.19 68.64; NaN NaN NaN NaN NaN NaN NaN NaN NaN NaN NaN NaN NaN NaN; 31.03 30.26 37.08 33.81 29.15 34.11 40.37 48.07 57.58 57.27 40.47 33.37 73.19 68.64; 40.03 36.02 48.3 43.44 37.9 41.99 46.48 56.52 66.57 66.97 49.09 40.79 79.51 75.36; NaN NaN NaN NaN NaN NaN NaN NaN NaN NaN NaN NaN NaN NaN; 40.03 36.02 48.3 43.44 37.9 41.99 46.48 56.52 66.57 66.97 49.09 40.79 79.51 75.36; 45.63 42.23 56.54 50.31 42.97 47.29 50.56 62.63 72.73 72.53 55.48 45.68 82.87 79.23; NaN NaN NaN NaN NaN NaN NaN NaN NaN NaN NaN NaN NaN NaN; 45.63 42.23 56.54 50.31 42.97 47.29 50.56 62.63 72.73 72.53 55.48 45.68 82.87 79.23; 48.89 47.3 62.51 56.76 46.77 50.9 53.62 67.92 75.76 75.25 60.34 49.85 85.32 81.67; NaN NaN NaN NaN NaN NaN NaN NaN NaN NaN NaN NaN NaN NaN; 48.89 47.3 62.51 56.76 46.77 50.9 53.62 67.92 75.76 75.25 60.34 49.85 85.32 81.67; 53.46 51.67 67.25 62.3 50.46 53.75 56.68 71.49 77.78 77.17 64.2 53.2 86.24 82.79; NaN NaN NaN NaN NaN NaN NaN NaN NaN NaN NaN NaN NaN NaN; 53.46 51.67 67.25 62.3 50.46 53.75 56.68 71.49 77.78 77.17 64.2 53.2 86.24 82.79; 56.45 56.27 70.34 68.03 54.95 55.43 59.43 73.73 79.39 78.99 68.05 55.14 87.56 83.4; NaN NaN NaN NaN NaN NaN NaN NaN NaN NaN NaN NaN NaN NaN; 56.45 56.27 70.34 68.03 54.95 55.43 59.43 73.73 79.39 78.99 68.05 55.14 87.56 83.4; 59.58 59.61 73.74 71.0 56.91 58.53 61.67 75.66 81.41 80.4 71.3 57.27 88.28 84.11; NaN NaN NaN NaN NaN NaN NaN NaN NaN NaN NaN NaN NaN NaN; 59.58 59.61 73.74 71.0 56.91 58.53 61.67 75.66 81.41 80.4 71.3 57.27 88.28 84.11]
***** epoch: 5 ***** 
trn_loss: 0 
tst_loss: 0 
naive_trn_accuracy: 0 
naive_tst_accuracy: 0  
pck_val_accuracy: 0.5678952602952605  
[0.0 0.0 0.0 0.0 0.0 0.0 0.0 0.0 0.0 0.0 0.0 0.0 0.0 0.0; NaN NaN NaN NaN NaN NaN NaN NaN NaN NaN NaN NaN NaN NaN; 0.0 0.0 0.0 0.0 0.0 0.0 0.0 0.0 0.0 0.0 0.0 0.0 0.0 0.0; 4.17 3.34 4.33 2.66 3.46 3.75 4.89 7.64 6.46 6.87 3.75 3.76 14.27 10.29; NaN NaN NaN NaN NaN NaN NaN NaN NaN NaN NaN NaN NaN NaN; 4.17 3.34 4.33 2.66 3.46 3.75 4.89 7.64 6.46 6.87 3.75 3.76 14.27 10.29; 13.17 11.97 14.83 12.19 12.67 16.54 18.96 22.3 26.57 25.45 15.62 13.84 44.24 37.98; NaN NaN NaN NaN NaN NaN NaN NaN NaN NaN NaN NaN NaN NaN; 13.17 11.97 14.83 12.19 12.67 16.54 18.96 22.3 26.57 25.45 15.62 13.84 44.24 37.98; 25.95 24.17 28.12 23.16 23.16 27.0 32.42 37.78 47.68 44.85 30.83 25.33 67.48 60.08; NaN NaN NaN NaN NaN NaN NaN NaN NaN NaN NaN NaN NaN NaN; 25.95 24.17 28.12 23.16 23.16 27.0 32.42 37.78 47.68 44.85 30.83 25.33 67.48 60.08; 33.9 33.95 40.58 35.66 32.95 36.69 43.93 52.44 62.63 61.41 42.09 39.06 80.63 73.93; NaN NaN NaN NaN NaN NaN NaN NaN NaN NaN NaN NaN NaN NaN; 33.9 33.95 40.58 35.66 32.95 36.69 43.93 52.44 62.63 61.41 42.09 39.06 80.63 73.93; 40.68 40.74 52.21 46.21 40.55 44.32 50.05 62.83 71.31 70.81 50.91 46.39 84.61 79.02; NaN NaN NaN NaN NaN NaN NaN NaN NaN NaN NaN NaN NaN NaN; 40.68 40.74 52.21 46.21 40.55 44.32 50.05 62.83 71.31 70.81 50.91 46.39 84.61 79.02; 47.85 46.61 60.87 53.79 44.93 48.58 53.62 68.23 76.46 76.16 58.92 51.37 87.26 81.67; NaN NaN NaN NaN NaN NaN NaN NaN NaN NaN NaN NaN NaN NaN; 47.85 46.61 60.87 53.79 44.93 48.58 53.62 68.23 76.46 76.16 58.92 51.37 87.26 81.67; 52.28 51.21 67.97 60.66 50.58 52.07 57.59 72.51 79.9 79.7 64.6 55.54 88.69 84.01; NaN NaN NaN NaN NaN NaN NaN NaN NaN NaN NaN NaN NaN NaN; 52.28 51.21 67.97 60.66 50.58 52.07 57.59 72.51 79.9 79.7 64.6 55.54 88.69 84.01; 55.93 54.43 72.71 66.19 53.8 55.17 60.86 75.25 82.63 81.41 68.15 58.19 90.11 85.74; NaN NaN NaN NaN NaN NaN NaN NaN NaN NaN NaN NaN NaN NaN; 55.93 54.43 72.71 66.19 53.8 55.17 60.86 75.25 82.63 81.41 68.15 58.19 90.11 85.74; 59.84 58.11 76.83 71.82 57.26 56.98 63.61 77.49 83.84 83.23 72.11 60.12 91.03 86.56; NaN NaN NaN NaN NaN NaN NaN NaN NaN NaN NaN NaN NaN NaN; 59.84 58.11 76.83 71.82 57.26 56.98 63.61 77.49 83.84 83.23 72.11 60.12 91.03 86.56; 63.1 61.8 79.81 75.41 61.29 59.43 65.85 78.82 84.65 84.04 74.24 63.17 91.54 87.07; NaN NaN NaN NaN NaN NaN NaN NaN NaN NaN NaN NaN NaN NaN; 63.1 61.8 79.81 75.41 61.29 59.43 65.85 78.82 84.65 84.04 74.24 63.17 91.54 87.07]
***** epoch: 6 ***** 
trn_loss: 0 
tst_loss: 0 
naive_trn_accuracy: 0 
naive_tst_accuracy: 0  
pck_val_accuracy: 0.5540573981573984  
[0.0 0.0 0.0 0.0 0.0 0.0 0.0 0.0 0.0 0.0 0.0 0.0 0.0 0.0; NaN NaN NaN NaN NaN NaN NaN NaN NaN NaN NaN NaN NaN NaN; 0.0 0.0 0.0 0.0 0.0 0.0 0.0 0.0 0.0 0.0 0.0 0.0 0.0 0.0; 4.3 3.8 3.5 3.28 3.11 4.13 5.71 6.62 7.98 7.47 3.65 4.98 12.64 10.29; NaN NaN NaN NaN NaN NaN NaN NaN NaN NaN NaN NaN NaN NaN; 4.3 3.8 3.5 3.28 3.11 4.13 5.71 6.62 7.98 7.47 3.65 4.98 12.64 10.29; 14.86 12.54 10.81 11.17 12.44 17.05 20.39 22.61 25.56 27.27 16.13 14.45 39.04 36.86; NaN NaN NaN NaN NaN NaN NaN NaN NaN NaN NaN NaN NaN NaN; 14.86 12.54 10.81 11.17 12.44 17.05 20.39 22.61 25.56 27.27 16.13 14.45 39.04 36.86; 28.29 22.78 22.86 20.9 20.74 27.13 35.17 40.73 46.16 48.48 31.95 26.14 61.98 56.82; NaN NaN NaN NaN NaN NaN NaN NaN NaN NaN NaN NaN NaN NaN; 28.29 22.78 22.86 20.9 20.74 27.13 35.17 40.73 46.16 48.48 31.95 26.14 61.98 56.82; 38.07 33.03 35.53 34.12 32.14 36.95 44.34 53.77 59.09 60.81 45.33 38.86 74.82 69.96; NaN NaN NaN NaN NaN NaN NaN NaN NaN NaN NaN NaN NaN NaN; 38.07 33.03 35.53 34.12 32.14 36.95 44.34 53.77 59.09 60.81 45.33 38.86 74.82 69.96; 44.72 40.05 47.48 43.14 39.52 44.32 51.78 61.91 66.97 67.98 52.64 46.39 80.73 76.48; NaN NaN NaN NaN NaN NaN NaN NaN NaN NaN NaN NaN NaN NaN; 44.72 40.05 47.48 43.14 39.52 44.32 51.78 61.91 66.97 67.98 52.64 46.39 80.73 76.48; 49.93 45.57 57.98 50.1 44.59 49.87 55.76 67.11 72.83 73.54 58.72 50.86 83.79 79.94; NaN NaN NaN NaN NaN NaN NaN NaN NaN NaN NaN NaN NaN NaN; 49.93 45.57 57.98 50.1 44.59 49.87 55.76 67.11 72.83 73.54 58.72 50.86 83.79 79.94; 54.37 50.06 64.57 57.27 47.93 52.45 58.0 72.3 76.87 76.26 63.29 53.61 84.91 81.67; NaN NaN NaN NaN NaN NaN NaN NaN NaN NaN NaN NaN NaN NaN; 54.37 50.06 64.57 57.27 47.93 52.45 58.0 72.3 76.87 76.26 63.29 53.61 84.91 81.67; 56.19 53.74 70.03 62.6 50.81 55.04 60.35 75.56 79.29 77.88 66.63 56.87 86.54 83.2; NaN NaN NaN NaN NaN NaN NaN NaN NaN NaN NaN NaN NaN NaN; 56.19 53.74 70.03 62.6 50.81 55.04 60.35 75.56 79.29 77.88 66.63 56.87 86.54 83.2; 59.45 57.88 74.67 68.24 54.38 57.24 61.98 78.0 80.91 79.29 69.27 58.49 87.77 83.91; NaN NaN NaN NaN NaN NaN NaN NaN NaN NaN NaN NaN NaN NaN; 59.45 57.88 74.67 68.24 54.38 57.24 61.98 78.0 80.91 79.29 69.27 58.49 87.77 83.91; 61.41 61.68 78.37 72.95 57.95 59.82 64.02 79.43 83.03 80.61 71.1 60.43 88.07 84.52; NaN NaN NaN NaN NaN NaN NaN NaN NaN NaN NaN NaN NaN NaN; 61.41 61.68 78.37 72.95 57.95 59.82 64.02 79.43 83.03 80.61 71.1 60.43 88.07 84.52]
***** epoch: 7 ***** 
trn_loss: 0 
tst_loss: 0 
naive_trn_accuracy: 0 
naive_tst_accuracy: 0  
pck_val_accuracy: 0.5564272977022974  
[0.0 0.0 0.0 0.0 0.0 0.0 0.0 0.0 0.0 0.0 0.0 0.0 0.0 0.0; NaN NaN NaN NaN NaN NaN NaN NaN NaN NaN NaN NaN NaN NaN; 0.0 0.0 0.0 0.0 0.0 0.0 0.0 0.0 0.0 0.0 0.0 0.0 0.0 0.0; 3.0 3.8 4.12 2.97 3.69 3.62 6.01 6.11 8.48 9.39 5.58 5.29 15.49 14.87; NaN NaN NaN NaN NaN NaN NaN NaN NaN NaN NaN NaN NaN NaN; 3.0 3.8 4.12 2.97 3.69 3.62 6.01 6.11 8.48 9.39 5.58 5.29 15.49 14.87; 12.78 12.54 12.77 10.66 12.21 16.54 21.41 22.81 28.38 31.52 18.76 15.87 41.79 43.38; NaN NaN NaN NaN NaN NaN NaN NaN NaN NaN NaN NaN NaN NaN; 12.78 12.54 12.77 10.66 12.21 16.54 21.41 22.81 28.38 31.52 18.76 15.87 41.79 43.38; 26.86 25.32 24.92 19.88 23.27 27.91 35.58 41.34 46.77 52.02 33.87 27.87 65.24 60.79; NaN NaN NaN NaN NaN NaN NaN NaN NaN NaN NaN NaN NaN NaN; 26.86 25.32 24.92 19.88 23.27 27.91 35.58 41.34 46.77 52.02 33.87 27.87 65.24 60.79; 37.81 34.64 38.21 32.99 32.26 37.6 44.55 53.87 58.28 63.33 46.86 38.25 75.64 71.69; NaN NaN NaN NaN NaN NaN NaN NaN NaN NaN NaN NaN NaN NaN; 37.81 34.64 38.21 32.99 32.26 37.6 44.55 53.87 58.28 63.33 46.86 38.25 75.64 71.69; 43.16 42.81 48.51 41.6 39.06 43.67 52.19 62.12 66.67 69.6 54.77 45.78 80.33 76.37; NaN NaN NaN NaN NaN NaN NaN NaN NaN NaN NaN NaN NaN NaN; 43.16 42.81 48.51 41.6 39.06 43.67 52.19 62.12 66.67 69.6 54.77 45.78 80.33 76.37; 49.15 47.87 56.85 50.41 43.89 48.45 56.88 66.7 72.22 74.04 61.36 49.54 83.08 79.94; NaN NaN NaN NaN NaN NaN NaN NaN NaN NaN NaN NaN NaN NaN; 49.15 47.87 56.85 50.41 43.89 48.45 56.88 66.7 72.22 74.04 61.36 49.54 83.08 79.94; 53.06 52.47 63.34 56.05 48.16 52.07 59.12 71.59 75.25 76.77 64.6 52.7 84.51 82.18; NaN NaN NaN NaN NaN NaN NaN NaN NaN NaN NaN NaN NaN NaN; 53.06 52.47 63.34 56.05 48.16 52.07 59.12 71.59 75.25 76.77 64.6 52.7 84.51 82.18; 56.71 55.47 68.38 60.86 51.73 55.04 61.16 73.83 78.28 78.89 67.95 56.26 85.73 83.5; NaN NaN NaN NaN NaN NaN NaN NaN NaN NaN NaN NaN NaN NaN; 56.71 55.47 68.38 60.86 51.73 55.04 61.16 73.83 78.28 78.89 67.95 56.26 85.73 83.5; 60.37 59.26 72.81 66.29 54.49 57.36 63.61 75.56 80.61 79.8 70.69 58.39 86.85 84.01; NaN NaN NaN NaN NaN NaN NaN NaN NaN NaN NaN NaN NaN NaN; 60.37 59.26 72.81 66.29 54.49 57.36 63.61 75.56 80.61 79.8 70.69 58.39 86.85 84.01; 62.84 63.52 77.14 70.49 57.83 59.69 65.65 77.19 81.62 80.81 72.52 61.34 87.56 84.22; NaN NaN NaN NaN NaN NaN NaN NaN NaN NaN NaN NaN NaN NaN; 62.84 63.52 77.14 70.49 57.83 59.69 65.65 77.19 81.62 80.81 72.52 61.34 87.56 84.22]
***** epoch: 8 ***** 
trn_loss: 0 
tst_loss: 0 
naive_trn_accuracy: 0 
naive_tst_accuracy: 0  
pck_val_accuracy: 0.5641421772671775  
[0.0 0.0 0.0 0.0 0.0 0.0 0.0 0.0 0.0 0.0 0.0 0.0 0.0 0.0; NaN NaN NaN NaN NaN NaN NaN NaN NaN NaN NaN NaN NaN NaN; 0.0 0.0 0.0 0.0 0.0 0.0 0.0 0.0 0.0 0.0 0.0 0.0 0.0 0.0; 3.52 2.76 3.4 4.2 4.49 4.78 5.61 6.72 8.48 7.47 6.19 5.39 12.33 9.27; NaN NaN NaN NaN NaN NaN NaN NaN NaN NaN NaN NaN NaN NaN; 3.52 2.76 3.4 4.2 4.49 4.78 5.61 6.72 8.48 7.47 6.19 5.39 12.33 9.27; 13.82 13.12 12.15 13.11 14.29 19.77 19.98 22.3 27.47 27.27 19.17 17.9 39.35 36.05; NaN NaN NaN NaN NaN NaN NaN NaN NaN NaN NaN NaN NaN NaN; 13.82 13.12 12.15 13.11 14.29 19.77 19.98 22.3 27.47 27.27 19.17 17.9 39.35 36.05; 27.25 24.17 25.54 23.77 25.35 30.75 32.52 41.65 48.08 48.89 33.37 32.55 63.4 56.31; NaN NaN NaN NaN NaN NaN NaN NaN NaN NaN NaN NaN NaN NaN; 27.25 24.17 25.54 23.77 25.35 30.75 32.52 41.65 48.08 48.89 33.37 32.55 63.4 56.31; 39.5 33.03 37.49 36.89 34.33 40.31 43.93 54.58 62.63 61.82 47.36 42.42 74.82 69.65; NaN NaN NaN NaN NaN NaN NaN NaN NaN NaN NaN NaN NaN NaN; 39.5 33.03 37.49 36.89 34.33 40.31 43.93 54.58 62.63 61.82 47.36 42.42 74.82 69.65; 45.76 40.62 47.37 45.7 40.9 46.9 51.58 63.03 69.8 69.19 53.75 48.02 80.12 74.64; NaN NaN NaN NaN NaN NaN NaN NaN NaN NaN NaN NaN NaN NaN; 45.76 40.62 47.37 45.7 40.9 46.9 51.58 63.03 69.8 69.19 53.75 48.02 80.12 74.64; 50.59 45.57 56.02 54.71 47.12 50.65 56.07 68.53 74.85 73.74 60.24 52.8 82.06 78.0; NaN NaN NaN NaN NaN NaN NaN NaN NaN NaN NaN NaN NaN NaN; 50.59 45.57 56.02 54.71 47.12 50.65 56.07 68.53 74.85 73.74 60.24 52.8 82.06 78.0; 55.15 50.17 61.79 62.3 51.38 53.62 58.41 72.71 78.08 76.67 65.11 56.66 83.49 80.45; NaN NaN NaN NaN NaN NaN NaN NaN NaN NaN NaN NaN NaN NaN; 55.15 50.17 61.79 62.3 51.38 53.62 58.41 72.71 78.08 76.67 65.11 56.66 83.49 80.45; 57.63 53.39 68.49 66.91 54.03 56.2 61.16 75.66 80.0 78.59 68.56 59.1 85.32 82.18; NaN NaN NaN NaN NaN NaN NaN NaN NaN NaN NaN NaN NaN NaN; 57.63 53.39 68.49 66.91 54.03 56.2 61.16 75.66 80.0 78.59 68.56 59.1 85.32 82.18; 61.15 57.19 74.97 71.41 57.37 58.27 62.9 78.0 81.21 80.2 71.4 60.83 86.54 83.1; NaN NaN NaN NaN NaN NaN NaN NaN NaN NaN NaN NaN NaN NaN; 61.15 57.19 74.97 71.41 57.37 58.27 62.9 78.0 81.21 80.2 71.4 60.83 86.54 83.1; 63.1 61.1 78.68 74.39 59.45 60.47 65.55 79.53 82.42 81.72 72.72 62.26 87.56 83.91; NaN NaN NaN NaN NaN NaN NaN NaN NaN NaN NaN NaN NaN NaN; 63.1 61.1 78.68 74.39 59.45 60.47 65.55 79.53 82.42 81.72 72.72 62.26 87.56 83.91]
***** epoch: 9 ***** 
trn_loss: 0 
tst_loss: 0 
naive_trn_accuracy: 0 
naive_tst_accuracy: 0  
pck_val_accuracy: 0.5530325618825622  
[0.0 0.0 0.0 0.0 0.0 0.0 0.0 0.0 0.0 0.0 0.0 0.0 0.0 0.0; NaN NaN NaN NaN NaN NaN NaN NaN NaN NaN NaN NaN NaN NaN; 0.0 0.0 0.0 0.0 0.0 0.0 0.0 0.0 0.0 0.0 0.0 0.0 0.0 0.0; 3.78 2.76 2.78 1.95 3.57 3.62 5.71 4.79 6.57 9.29 3.75 3.76 8.87 9.98; NaN NaN NaN NaN NaN NaN NaN NaN NaN NaN NaN NaN NaN NaN; 3.78 2.76 2.78 1.95 3.57 3.62 5.71 4.79 6.57 9.29 3.75 3.76 8.87 9.98; 13.95 10.93 10.5 9.84 10.71 16.67 20.39 18.94 24.34 30.1 16.53 16.28 36.7 34.73; NaN NaN NaN NaN NaN NaN NaN NaN NaN NaN NaN NaN NaN NaN; 13.95 10.93 10.5 9.84 10.71 16.67 20.39 18.94 24.34 30.1 16.53 16.28 36.7 34.73; 26.34 21.29 21.52 21.11 21.08 28.29 33.74 37.58 43.64 50.61 31.74 28.89 61.47 56.52; NaN NaN NaN NaN NaN NaN NaN NaN NaN NaN NaN NaN NaN NaN; 26.34 21.29 21.52 21.11 21.08 28.29 33.74 37.58 43.64 50.61 31.74 28.89 61.47 56.52; 38.59 32.34 34.09 32.27 29.95 38.11 44.55 52.14 59.6 63.03 44.83 39.17 74.62 69.65; NaN NaN NaN NaN NaN NaN NaN NaN NaN NaN NaN NaN NaN NaN; 38.59 32.34 34.09 32.27 29.95 38.11 44.55 52.14 59.6 63.03 44.83 39.17 74.62 69.65; 45.37 41.31 46.96 42.32 37.44 45.74 53.11 59.57 68.69 70.3 52.84 44.66 80.63 74.75; NaN NaN NaN NaN NaN NaN NaN NaN NaN NaN NaN NaN NaN NaN; 45.37 41.31 46.96 42.32 37.44 45.74 53.11 59.57 68.69 70.3 52.84 44.66 80.63 74.75; 50.98 46.61 56.02 50.2 42.86 51.03 57.39 67.21 73.33 76.06 58.32 49.64 83.38 78.0; NaN NaN NaN NaN NaN NaN NaN NaN NaN NaN NaN NaN NaN NaN; 50.98 46.61 56.02 50.2 42.86 51.03 57.39 67.21 73.33 76.06 58.32 49.64 83.38 78.0; 55.54 51.44 64.78 57.38 48.27 53.88 60.24 71.18 76.87 77.78 63.29 54.12 84.51 80.14; NaN NaN NaN NaN NaN NaN NaN NaN NaN NaN NaN NaN NaN NaN; 55.54 51.44 64.78 57.38 48.27 53.88 60.24 71.18 76.87 77.78 63.29 54.12 84.51 80.14; 58.15 55.81 71.47 61.89 52.42 56.2 62.69 73.93 80.0 80.0 67.75 56.46 85.42 81.36; NaN NaN NaN NaN NaN NaN NaN NaN NaN NaN NaN NaN NaN NaN; 58.15 55.81 71.47 61.89 52.42 56.2 62.69 73.93 80.0 80.0 67.75 56.46 85.42 81.36; 60.63 59.38 76.0 66.7 56.22 58.66 65.24 76.37 82.63 81.41 71.2 58.8 87.05 82.59; NaN NaN NaN NaN NaN NaN NaN NaN NaN NaN NaN NaN NaN NaN; 60.63 59.38 76.0 66.7 56.22 58.66 65.24 76.37 82.63 81.41 71.2 58.8 87.05 82.59; 62.84 62.03 79.71 70.08 59.56 62.53 67.28 77.9 83.74 83.23 73.02 59.72 88.07 82.89; NaN NaN NaN NaN NaN NaN NaN NaN NaN NaN NaN NaN NaN NaN; 62.84 62.03 79.71 70.08 59.56 62.53 67.28 77.9 83.74 83.23 73.02 59.72 88.07 82.89]
***** epoch: 10 ***** 
trn_loss: 0 
tst_loss: 0 
naive_trn_accuracy: 0 
naive_tst_accuracy: 0  
pck_val_accuracy: 0.5583125124875129  
[0.0 0.0 0.0 0.0 0.0 0.0 0.0 0.0 0.0 0.0 0.0 0.0 0.0 0.0; NaN NaN NaN NaN NaN NaN NaN NaN NaN NaN NaN NaN NaN NaN; 0.0 0.0 0.0 0.0 0.0 0.0 0.0 0.0 0.0 0.0 0.0 0.0 0.0 0.0; 5.48 4.26 2.88 2.97 5.07 4.78 6.22 5.5 8.99 7.47 5.98 4.78 10.4 11.3; NaN NaN NaN NaN NaN NaN NaN NaN NaN NaN NaN NaN NaN NaN; 5.48 4.26 2.88 2.97 5.07 4.78 6.22 5.5 8.99 7.47 5.98 4.78 10.4 11.3; 14.6 12.31 11.84 10.86 12.9 18.09 20.9 22.51 30.51 25.25 20.99 17.8 35.37 37.47; NaN NaN NaN NaN NaN NaN NaN NaN NaN NaN NaN NaN NaN NaN; 14.6 12.31 11.84 10.86 12.9 18.09 20.9 22.51 30.51 25.25 20.99 17.8 35.37 37.47; 28.03 22.09 22.86 20.8 24.19 29.97 35.37 40.73 50.71 46.26 36.82 30.42 60.35 58.45; NaN NaN NaN NaN NaN NaN NaN NaN NaN NaN NaN NaN NaN NaN; 28.03 22.09 22.86 20.8 24.19 29.97 35.37 40.73 50.71 46.26 36.82 30.42 60.35 58.45; 39.5 30.96 36.25 31.66 32.95 39.53 45.57 54.18 63.43 59.39 48.07 40.08 72.78 71.18; NaN NaN NaN NaN NaN NaN NaN NaN NaN NaN NaN NaN NaN NaN; 39.5 30.96 36.25 31.66 32.95 39.53 45.57 54.18 63.43 59.39 48.07 40.08 72.78 71.18; 45.89 40.39 46.45 40.27 38.94 45.99 52.4 62.63 70.0 69.39 55.58 47.61 78.7 75.66; NaN NaN NaN NaN NaN NaN NaN NaN NaN NaN NaN NaN NaN NaN; 45.89 40.39 46.45 40.27 38.94 45.99 52.4 62.63 70.0 69.39 55.58 47.61 78.7 75.66; 50.72 45.68 56.02 49.08 45.16 50.9 56.37 68.84 73.33 75.15 61.56 51.88 81.65 79.02; NaN NaN NaN NaN NaN NaN NaN NaN NaN NaN NaN NaN NaN NaN; 50.72 45.68 56.02 49.08 45.16 50.9 56.37 68.84 73.33 75.15 61.56 51.88 81.65 79.02; 55.02 50.06 61.69 55.53 50.46 54.39 58.72 72.51 75.86 77.58 65.01 54.93 83.38 80.75; NaN NaN NaN NaN NaN NaN NaN NaN NaN NaN NaN NaN NaN NaN; 55.02 50.06 61.69 55.53 50.46 54.39 58.72 72.51 75.86 77.58 65.01 54.93 83.38 80.75; 57.24 54.43 67.15 60.55 52.76 56.33 60.96 75.36 78.18 78.99 68.26 57.88 84.61 81.67; NaN NaN NaN NaN NaN NaN NaN NaN NaN NaN NaN NaN NaN NaN; 57.24 54.43 67.15 60.55 52.76 56.33 60.96 75.36 78.18 78.99 68.26 57.88 84.61 81.67; 60.76 56.96 72.61 65.16 56.22 58.66 64.32 77.29 79.9 80.51 71.1 59.61 85.63 82.69; NaN NaN NaN NaN NaN NaN NaN NaN NaN NaN NaN NaN NaN NaN; 60.76 56.96 72.61 65.16 56.22 58.66 64.32 77.29 79.9 80.51 71.1 59.61 85.63 82.69; 63.1 59.61 75.9 69.26 58.18 60.72 65.44 79.23 80.81 81.01 73.23 61.75 86.75 83.5; NaN NaN NaN NaN NaN NaN NaN NaN NaN NaN NaN NaN NaN NaN; 63.1 59.61 75.9 69.26 58.18 60.72 65.44 79.23 80.81 81.01 73.23 61.75 86.75 83.5]
***** epoch: 11 ***** 
trn_loss: 0 
tst_loss: 0 
naive_trn_accuracy: 0 
naive_tst_accuracy: 0  
pck_val_accuracy: 0.5482110972360971  
[0.0 0.0 0.0 0.0 0.0 0.0 0.0 0.0 0.0 0.0 0.0 0.0 0.0 0.0; NaN NaN NaN NaN NaN NaN NaN NaN NaN NaN NaN NaN NaN NaN; 0.0 0.0 0.0 0.0 0.0 0.0 0.0 0.0 0.0 0.0 0.0 0.0 0.0 0.0; 3.13 2.65 2.57 3.07 3.46 2.97 6.32 7.64 8.89 10.4 5.58 4.58 12.64 11.61; NaN NaN NaN NaN NaN NaN NaN NaN NaN NaN NaN NaN NaN NaN; 3.13 2.65 2.57 3.07 3.46 2.97 6.32 7.64 8.89 10.4 5.58 4.58 12.64 11.61; 12.52 13.12 10.92 10.25 11.52 17.05 22.32 25.25 28.59 31.52 21.4 17.5 39.04 34.22; NaN NaN NaN NaN NaN NaN NaN NaN NaN NaN NaN NaN NaN NaN; 12.52 13.12 10.92 10.25 11.52 17.05 22.32 25.25 28.59 31.52 21.4 17.5 39.04 34.22; 25.03 24.51 21.42 21.82 23.39 31.14 35.68 40.53 46.16 50.4 36.61 29.91 59.53 53.67; NaN NaN NaN NaN NaN NaN NaN NaN NaN NaN NaN NaN NaN NaN; 25.03 24.51 21.42 21.82 23.39 31.14 35.68 40.53 46.16 50.4 36.61 29.91 59.53 53.67; 37.55 33.03 34.4 34.02 31.68 40.83 46.59 52.04 58.69 61.21 47.57 39.67 71.56 67.31; NaN NaN NaN NaN NaN NaN NaN NaN NaN NaN NaN NaN NaN NaN; 37.55 33.03 34.4 34.02 31.68 40.83 46.59 52.04 58.69 61.21 47.57 39.67 71.56 67.31; 45.76 41.77 45.42 42.01 37.44 46.64 53.11 59.37 65.56 67.68 54.97 47.2 77.37 71.89; NaN NaN NaN NaN NaN NaN NaN NaN NaN NaN NaN NaN NaN NaN; 45.76 41.77 45.42 42.01 37.44 46.64 53.11 59.37 65.56 67.68 54.97 47.2 77.37 71.89; 51.37 47.53 55.2 48.46 43.89 50.26 57.29 64.97 71.01 72.93 59.94 50.25 80.02 74.64; NaN NaN NaN NaN NaN NaN NaN NaN NaN NaN NaN NaN NaN NaN; 51.37 47.53 55.2 48.46 43.89 50.26 57.29 64.97 71.01 72.93 59.94 50.25 80.02 74.64; 55.41 51.44 62.31 54.0 49.08 53.62 59.33 69.55 74.65 75.66 64.2 53.41 81.45 76.99; NaN NaN NaN NaN NaN NaN NaN NaN NaN NaN NaN NaN NaN NaN; 55.41 51.44 62.31 54.0 49.08 53.62 59.33 69.55 74.65 75.66 64.2 53.41 81.45 76.99; 58.15 54.55 68.28 60.35 52.42 56.07 61.57 72.1 76.87 77.47 67.85 56.05 82.67 78.62; NaN NaN NaN NaN NaN NaN NaN NaN NaN NaN NaN NaN NaN NaN; 58.15 54.55 68.28 60.35 52.42 56.07 61.57 72.1 76.87 77.47 67.85 56.05 82.67 78.62; 61.02 57.88 74.15 65.68 55.76 57.88 63.81 73.32 78.59 78.79 70.79 58.39 84.1 80.04; NaN NaN NaN NaN NaN NaN NaN NaN NaN NaN NaN NaN NaN NaN; 61.02 57.88 74.15 65.68 55.76 57.88 63.81 73.32 78.59 78.79 70.79 58.39 84.1 80.04; 63.89 60.99 78.06 69.88 58.41 60.72 65.24 74.95 80.1 80.51 72.82 60.94 85.02 80.96; NaN NaN NaN NaN NaN NaN NaN NaN NaN NaN NaN NaN NaN NaN; 63.89 60.99 78.06 69.88 58.41 60.72 65.24 74.95 80.1 80.51 72.82 60.94 85.02 80.96]
***** epoch: 12 ***** 
trn_loss: 0 
tst_loss: 0 
naive_trn_accuracy: 0 
naive_tst_accuracy: 0  
pck_val_accuracy: 0.5610585997335994  
[0.0 0.0 0.0 0.0 0.0 0.0 0.0 0.0 0.0 0.0 0.0 0.0 0.0 0.0; NaN NaN NaN NaN NaN NaN NaN NaN NaN NaN NaN NaN NaN NaN; 0.0 0.0 0.0 0.0 0.0 0.0 0.0 0.0 0.0 0.0 0.0 0.0 0.0 0.0; 4.04 3.34 3.71 3.28 3.8 3.75 5.3 7.43 10.91 7.98 5.58 4.68 13.66 10.69; NaN NaN NaN NaN NaN NaN NaN NaN NaN NaN NaN NaN NaN NaN; 4.04 3.34 3.71 3.28 3.8 3.75 5.3 7.43 10.91 7.98 5.58 4.68 13.66 10.69; 15.91 12.08 12.87 13.52 12.67 16.15 18.45 24.54 31.21 26.67 18.36 18.41 42.2 37.37; NaN NaN NaN NaN NaN NaN NaN NaN NaN NaN NaN NaN NaN NaN; 15.91 12.08 12.87 13.52 12.67 16.15 18.45 24.54 31.21 26.67 18.36 18.41 42.2 37.37; 29.34 23.48 27.09 23.98 24.77 27.78 33.03 39.92 48.69 46.26 34.38 31.54 62.18 57.03; NaN NaN NaN NaN NaN NaN NaN NaN NaN NaN NaN NaN NaN NaN; 29.34 23.48 27.09 23.98 24.77 27.78 33.03 39.92 48.69 46.26 34.38 31.54 62.18 57.03; 39.37 33.03 37.8 35.86 33.87 37.47 42.81 52.95 60.81 60.2 46.45 41.0 74.21 69.45; NaN NaN NaN NaN NaN NaN NaN NaN NaN NaN NaN NaN NaN NaN; 39.37 33.03 37.8 35.86 33.87 37.47 42.81 52.95 60.81 60.2 46.45 41.0 74.21 69.45; 44.2 41.54 50.05 46.0 41.47 44.96 49.85 61.91 68.69 69.39 54.16 45.88 80.33 74.95; NaN NaN NaN NaN NaN NaN NaN NaN NaN NaN NaN NaN NaN NaN; 44.2 41.54 50.05 46.0 41.47 44.96 49.85 61.91 68.69 69.39 54.16 45.88 80.33 74.95; 50.2 47.07 58.7 52.87 46.89 49.61 54.54 66.9 73.54 74.04 60.45 50.25 82.26 78.72; NaN NaN NaN NaN NaN NaN NaN NaN NaN NaN NaN NaN NaN NaN; 50.2 47.07 58.7 52.87 46.89 49.61 54.54 66.9 73.54 74.04 60.45 50.25 82.26 78.72; 54.5 51.44 64.16 58.3 51.15 51.55 57.7 70.16 77.78 78.08 65.01 54.22 84.0 80.55; NaN NaN NaN NaN NaN NaN NaN NaN NaN NaN NaN NaN NaN NaN; 54.5 51.44 64.16 58.3 51.15 51.55 57.7 70.16 77.78 78.08 65.01 54.22 84.0 80.55; 56.19 56.04 69.41 63.83 54.61 54.26 60.65 73.22 79.39 80.1 69.47 56.66 85.02 82.28; NaN NaN NaN NaN NaN NaN NaN NaN NaN NaN NaN NaN NaN NaN; 56.19 56.04 69.41 63.83 54.61 54.26 60.65 73.22 79.39 80.1 69.47 56.66 85.02 82.28; 59.71 59.84 74.67 70.29 57.37 56.59 63.71 75.15 81.31 81.31 72.31 58.49 86.44 82.89; NaN NaN NaN NaN NaN NaN NaN NaN NaN NaN NaN NaN NaN NaN; 59.71 59.84 74.67 70.29 57.37 56.59 63.71 75.15 81.31 81.31 72.31 58.49 86.44 82.89; 61.93 62.95 78.06 74.28 60.25 59.04 65.44 76.88 82.53 82.53 73.83 60.94 86.95 84.32; NaN NaN NaN NaN NaN NaN NaN NaN NaN NaN NaN NaN NaN NaN; 61.93 62.95 78.06 74.28 60.25 59.04 65.44 76.88 82.53 82.53 73.83 60.94 86.95 84.32]
