***** epoch: 0 ***** 
trn_loss: 0 
tst_loss: 0 
naive_trn_accuracy: 0 
naive_tst_accuracy: 0  
pck_val_accuracy: 0.43908433788433876  
[0.0 0.0 0.0 0.0 0.0 0.0 0.0 0.0 0.0 0.0 0.0 0.0 0.0 0.0; NaN NaN NaN NaN NaN NaN NaN NaN NaN NaN NaN NaN NaN NaN; 0.0 0.0 0.0 0.0 0.0 0.0 0.0 0.0 0.0 0.0 0.0 0.0 0.0 0.0; 2.48 1.84 1.44 2.77 1.61 3.75 2.45 2.34 4.55 4.14 2.23 2.34 10.19 8.96; NaN NaN NaN NaN NaN NaN NaN NaN NaN NaN NaN NaN NaN NaN; 2.48 1.84 1.44 2.77 1.61 3.75 2.45 2.34 4.55 4.14 2.23 2.34 10.19 8.96; 9.91 7.36 5.87 9.53 6.57 12.79 8.87 10.29 16.57 15.25 9.23 8.85 34.86 31.67; NaN NaN NaN NaN NaN NaN NaN NaN NaN NaN NaN NaN NaN NaN; 9.91 7.36 5.87 9.53 6.57 12.79 8.87 10.29 16.57 15.25 9.23 8.85 34.86 31.67; 20.08 13.58 13.7 18.44 14.98 24.29 17.02 18.94 32.32 30.71 18.97 17.5 58.1 48.78; NaN NaN NaN NaN NaN NaN NaN NaN NaN NaN NaN NaN NaN NaN; 20.08 13.58 13.7 18.44 14.98 24.29 17.02 18.94 32.32 30.71 18.97 17.5 58.1 48.78; 30.64 22.78 24.61 27.87 22.81 34.11 24.87 28.92 45.66 41.11 29.11 25.84 74.72 64.36; NaN NaN NaN NaN NaN NaN NaN NaN NaN NaN NaN NaN NaN NaN; 30.64 22.78 24.61 27.87 22.81 34.11 24.87 28.92 45.66 41.11 29.11 25.84 74.72 64.36; 38.33 30.03 35.84 36.58 28.11 40.44 32.62 37.27 54.55 49.6 37.12 30.72 81.55 72.61; NaN NaN NaN NaN NaN NaN NaN NaN NaN NaN NaN NaN NaN NaN; 38.33 30.03 35.84 36.58 28.11 40.44 32.62 37.27 54.55 49.6 37.12 30.72 81.55 72.61; 43.42 36.71 46.14 43.34 33.41 45.09 37.51 43.58 60.91 56.06 42.49 35.3 84.81 77.6; NaN NaN NaN NaN NaN NaN NaN NaN NaN NaN NaN NaN NaN NaN; 43.42 36.71 46.14 43.34 33.41 45.09 37.51 43.58 60.91 56.06 42.49 35.3 84.81 77.6; 48.76 41.54 55.51 49.39 39.06 47.42 41.9 49.59 64.95 60.3 47.57 40.08 87.05 80.75; NaN NaN NaN NaN NaN NaN NaN NaN NaN NaN NaN NaN NaN NaN; 48.76 41.54 55.51 49.39 39.06 47.42 41.9 49.59 64.95 60.3 47.57 40.08 87.05 80.75; 52.02 46.49 61.59 55.43 42.28 50.26 46.18 54.07 67.47 63.43 52.03 43.44 87.97 83.5; NaN NaN NaN NaN NaN NaN NaN NaN NaN NaN NaN NaN NaN NaN; 52.02 46.49 61.59 55.43 42.28 50.26 46.18 54.07 67.47 63.43 52.03 43.44 87.97 83.5; 55.41 51.09 68.8 60.66 46.54 52.58 49.03 58.25 70.51 66.57 55.48 47.61 89.4 84.52; NaN NaN NaN NaN NaN NaN NaN NaN NaN NaN NaN NaN NaN NaN; 55.41 51.09 68.8 60.66 46.54 52.58 49.03 58.25 70.51 66.57 55.48 47.61 89.4 84.52; 58.15 54.55 72.81 64.45 49.65 54.78 52.5 61.2 73.84 69.39 58.82 51.17 90.21 86.46; NaN NaN NaN NaN NaN NaN NaN NaN NaN NaN NaN NaN NaN NaN; 58.15 54.55 72.81 64.45 49.65 54.78 52.5 61.2 73.84 69.39 58.82 51.17 90.21 86.46]
***** epoch: 1 ***** 
trn_loss: 0 
tst_loss: 0 
naive_trn_accuracy: 0 
naive_tst_accuracy: 0  
pck_val_accuracy: 0.3151761849261848  
[0.0 0.0 0.0 0.0 0.0 0.0 0.0 0.0 0.0 0.0 0.0 0.0 0.0 0.0; NaN NaN NaN NaN NaN NaN NaN NaN NaN NaN NaN NaN NaN NaN; 0.0 0.0 0.0 0.0 0.0 0.0 0.0 0.0 0.0 0.0 0.0 0.0 0.0 0.0; 0.91 1.04 0.62 2.46 0.46 1.68 1.33 1.02 2.73 4.14 1.62 1.73 8.26 4.18; NaN NaN NaN NaN NaN NaN NaN NaN NaN NaN NaN NaN NaN NaN; 0.91 1.04 0.62 2.46 0.46 1.68 1.33 1.02 2.73 4.14 1.62 1.73 8.26 4.18; 4.43 3.68 3.3 6.35 3.0 6.59 3.98 4.48 9.6 13.23 5.68 6.0 26.81 17.82; NaN NaN NaN NaN NaN NaN NaN NaN NaN NaN NaN NaN NaN NaN; 4.43 3.68 3.3 6.35 3.0 6.59 3.98 4.48 9.6 13.23 5.68 6.0 26.81 17.82; 10.17 6.56 7.52 11.48 7.95 14.34 8.97 10.08 21.11 25.35 12.37 10.27 45.36 33.81; NaN NaN NaN NaN NaN NaN NaN NaN NaN NaN NaN NaN NaN NaN; 10.17 6.56 7.52 11.48 7.95 14.34 8.97 10.08 21.11 25.35 12.37 10.27 45.36 33.81; 16.82 11.74 15.04 16.91 11.75 20.41 13.86 17.01 32.42 34.95 20.18 16.58 59.63 49.9; NaN NaN NaN NaN NaN NaN NaN NaN NaN NaN NaN NaN NaN NaN; 16.82 11.74 15.04 16.91 11.75 20.41 13.86 17.01 32.42 34.95 20.18 16.58 59.63 49.9; 21.12 17.84 23.27 23.67 15.55 25.06 20.69 24.85 41.82 41.92 25.86 21.26 67.99 58.25; NaN NaN NaN NaN NaN NaN NaN NaN NaN NaN NaN NaN NaN NaN; 21.12 17.84 23.27 23.67 15.55 25.06 20.69 24.85 41.82 41.92 25.86 21.26 67.99 58.25; 27.38 23.01 29.76 28.38 20.74 30.49 24.87 31.47 49.8 45.96 31.64 26.45 73.5 64.36; NaN NaN NaN NaN NaN NaN NaN NaN NaN NaN NaN NaN NaN NaN; 27.38 23.01 29.76 28.38 20.74 30.49 24.87 31.47 49.8 45.96 31.64 26.45 73.5 64.36; 32.07 28.65 36.77 33.2 25.12 34.11 29.15 37.27 54.44 51.72 37.83 30.11 75.74 68.23; NaN NaN NaN NaN NaN NaN NaN NaN NaN NaN NaN NaN NaN NaN; 32.07 28.65 36.77 33.2 25.12 34.11 29.15 37.27 54.44 51.72 37.83 30.11 75.74 68.23; 35.98 33.72 44.59 39.04 28.57 37.73 34.35 42.46 59.09 55.56 42.49 33.57 77.47 70.77; NaN NaN NaN NaN NaN NaN NaN NaN NaN NaN NaN NaN NaN NaN; 35.98 33.72 44.59 39.04 28.57 37.73 34.35 42.46 59.09 55.56 42.49 33.57 77.47 70.77; 40.55 37.4 49.74 45.08 33.29 39.92 37.92 46.95 63.43 58.48 45.74 38.35 78.9 73.52; NaN NaN NaN NaN NaN NaN NaN NaN NaN NaN NaN NaN NaN NaN; 40.55 37.4 49.74 45.08 33.29 39.92 37.92 46.95 63.43 58.48 45.74 38.35 78.9 73.52; 43.55 41.08 54.79 50.61 37.44 42.76 41.08 51.22 65.56 60.81 48.48 42.12 80.94 76.37; NaN NaN NaN NaN NaN NaN NaN NaN NaN NaN NaN NaN NaN NaN; 43.55 41.08 54.79 50.61 37.44 42.76 41.08 51.22 65.56 60.81 48.48 42.12 80.94 76.37]
***** epoch: 2 ***** 
trn_loss: 0 
tst_loss: 0 
naive_trn_accuracy: 0 
naive_tst_accuracy: 0  
pck_val_accuracy: 0.2805634115884113  
[0.0 0.0 0.0 0.0 0.0 0.0 0.0 0.0 0.0 0.0 0.0 0.0 0.0 0.0; NaN NaN NaN NaN NaN NaN NaN NaN NaN NaN NaN NaN NaN NaN; 0.0 0.0 0.0 0.0 0.0 0.0 0.0 0.0 0.0 0.0 0.0 0.0 0.0 0.0; 1.04 0.23 0.62 1.23 0.23 2.33 0.71 0.81 2.22 3.23 1.32 1.42 5.81 3.77; NaN NaN NaN NaN NaN NaN NaN NaN NaN NaN NaN NaN NaN NaN; 1.04 0.23 0.62 1.23 0.23 2.33 0.71 0.81 2.22 3.23 1.32 1.42 5.81 3.77; 5.08 1.84 2.57 3.89 1.73 6.59 3.06 3.46 8.28 11.01 5.17 4.68 20.39 18.02; NaN NaN NaN NaN NaN NaN NaN NaN NaN NaN NaN NaN NaN NaN; 5.08 1.84 2.57 3.89 1.73 6.59 3.06 3.46 8.28 11.01 5.17 4.68 20.39 18.02; 9.26 5.06 5.87 8.2 4.03 11.63 7.14 7.33 19.49 21.41 11.26 8.85 38.43 32.69; NaN NaN NaN NaN NaN NaN NaN NaN NaN NaN NaN NaN NaN NaN; 9.26 5.06 5.87 8.2 4.03 11.63 7.14 7.33 19.49 21.41 11.26 8.85 38.43 32.69; 15.78 7.83 11.84 14.24 8.06 18.22 10.4 15.27 29.6 29.8 17.04 12.72 55.56 47.25; NaN NaN NaN NaN NaN NaN NaN NaN NaN NaN NaN NaN NaN NaN; 15.78 7.83 11.84 14.24 8.06 18.22 10.4 15.27 29.6 29.8 17.04 12.72 55.56 47.25; 21.12 10.36 17.61 19.26 10.94 25.58 15.7 21.79 38.48 37.58 23.23 17.7 65.85 56.11; NaN NaN NaN NaN NaN NaN NaN NaN NaN NaN NaN NaN NaN NaN; 21.12 10.36 17.61 19.26 10.94 25.58 15.7 21.79 38.48 37.58 23.23 17.7 65.85 56.11; 27.25 15.65 23.38 23.67 14.17 30.1 20.18 27.7 46.46 42.02 28.8 21.87 72.88 62.22; NaN NaN NaN NaN NaN NaN NaN NaN NaN NaN NaN NaN NaN NaN; 27.25 15.65 23.38 23.67 14.17 30.1 20.18 27.7 46.46 42.02 28.8 21.87 72.88 62.22; 32.86 19.22 29.66 29.92 17.51 34.24 24.36 34.73 54.24 47.07 33.67 25.84 76.04 66.6; NaN NaN NaN NaN NaN NaN NaN NaN NaN NaN NaN NaN NaN NaN; 32.86 19.22 29.66 29.92 17.51 34.24 24.36 34.73 54.24 47.07 33.67 25.84 76.04 66.6; 36.51 23.48 36.77 34.94 20.62 37.47 28.54 40.22 58.79 51.31 38.13 29.6 77.88 70.16; NaN NaN NaN NaN NaN NaN NaN NaN NaN NaN NaN NaN NaN NaN; 36.51 23.48 36.77 34.94 20.62 37.47 28.54 40.22 58.79 51.31 38.13 29.6 77.88 70.16; 40.42 28.08 42.95 41.19 24.08 40.18 32.11 44.91 62.22 54.85 42.7 33.27 79.2 72.2; NaN NaN NaN NaN NaN NaN NaN NaN NaN NaN NaN NaN NaN NaN; 40.42 28.08 42.95 41.19 24.08 40.18 32.11 44.91 62.22 54.85 42.7 33.27 79.2 72.2; 43.29 31.65 48.92 46.0 27.53 42.25 36.39 49.19 65.25 57.88 45.94 35.91 80.73 74.24; NaN NaN NaN NaN NaN NaN NaN NaN NaN NaN NaN NaN NaN NaN; 43.29 31.65 48.92 46.0 27.53 42.25 36.39 49.19 65.25 57.88 45.94 35.91 80.73 74.24]
***** epoch: 3 ***** 
trn_loss: 0 
tst_loss: 0 
naive_trn_accuracy: 0 
naive_tst_accuracy: 0  
pck_val_accuracy: 0.2435440337440337  
[0.0 0.0 0.0 0.0 0.0 0.0 0.0 0.0 0.0 0.0 0.0 0.0 0.0 0.0; NaN NaN NaN NaN NaN NaN NaN NaN NaN NaN NaN NaN NaN NaN; 0.0 0.0 0.0 0.0 0.0 0.0 0.0 0.0 0.0 0.0 0.0 0.0 0.0 0.0; 0.52 0.46 0.41 1.02 0.46 0.65 0.82 0.92 2.63 2.42 0.81 0.81 5.3 3.26; NaN NaN NaN NaN NaN NaN NaN NaN NaN NaN NaN NaN NaN NaN; 0.52 0.46 0.41 1.02 0.46 0.65 0.82 0.92 2.63 2.42 0.81 0.81 5.3 3.26; 2.09 2.42 3.09 3.07 1.38 2.33 2.14 4.28 8.89 8.38 3.65 2.03 19.88 15.38; NaN NaN NaN NaN NaN NaN NaN NaN NaN NaN NaN NaN NaN NaN; 2.09 2.42 3.09 3.07 1.38 2.33 2.14 4.28 8.89 8.38 3.65 2.03 19.88 15.38; 5.08 4.03 5.25 7.17 3.0 5.94 5.4 8.45 17.58 19.29 8.72 5.9 37.82 28.62; NaN NaN NaN NaN NaN NaN NaN NaN NaN NaN NaN NaN NaN NaN; 5.08 4.03 5.25 7.17 3.0 5.94 5.4 8.45 17.58 19.29 8.72 5.9 37.82 28.62; 9.13 7.02 9.27 12.09 5.99 10.21 8.97 15.38 26.57 27.88 13.39 9.97 51.78 42.67; NaN NaN NaN NaN NaN NaN NaN NaN NaN NaN NaN NaN NaN NaN; 9.13 7.02 9.27 12.09 5.99 10.21 8.97 15.38 26.57 27.88 13.39 9.97 51.78 42.67; 12.91 10.24 15.65 16.19 8.29 14.73 12.64 22.1 34.95 34.95 19.07 13.63 60.75 52.34; NaN NaN NaN NaN NaN NaN NaN NaN NaN NaN NaN NaN NaN NaN; 12.91 10.24 15.65 16.19 8.29 14.73 12.64 22.1 34.95 34.95 19.07 13.63 60.75 52.34; 17.73 12.66 22.14 20.39 10.48 20.54 16.92 28.0 42.22 39.8 24.54 17.09 67.07 58.55; NaN NaN NaN NaN NaN NaN NaN NaN NaN NaN NaN NaN NaN NaN; 17.73 12.66 22.14 20.39 10.48 20.54 16.92 28.0 42.22 39.8 24.54 17.09 67.07 58.55; 21.51 16.69 28.53 27.05 12.79 23.39 21.1 34.32 48.38 44.85 29.61 21.87 70.34 63.85; NaN NaN NaN NaN NaN NaN NaN NaN NaN NaN NaN NaN NaN NaN; 21.51 16.69 28.53 27.05 12.79 23.39 21.1 34.32 48.38 44.85 29.61 21.87 70.34 63.85; 25.03 20.25 36.05 32.07 16.94 26.36 25.18 41.14 53.94 49.19 34.18 24.72 73.29 67.41; NaN NaN NaN NaN NaN NaN NaN NaN NaN NaN NaN NaN NaN NaN; 25.03 20.25 36.05 32.07 16.94 26.36 25.18 41.14 53.94 49.19 34.18 24.72 73.29 67.41; 29.6 25.43 40.58 37.81 20.28 29.72 30.07 45.01 58.28 52.02 39.25 29.2 75.33 68.94; NaN NaN NaN NaN NaN NaN NaN NaN NaN NaN NaN NaN NaN NaN; 29.6 25.43 40.58 37.81 20.28 29.72 30.07 45.01 58.28 52.02 39.25 29.2 75.33 68.94; 32.72 28.42 47.17 42.21 23.39 32.3 33.64 48.47 61.52 54.85 42.6 31.64 77.27 70.98; NaN NaN NaN NaN NaN NaN NaN NaN NaN NaN NaN NaN NaN NaN; 32.72 28.42 47.17 42.21 23.39 32.3 33.64 48.47 61.52 54.85 42.6 31.64 77.27 70.98]
***** epoch: 4 ***** 
trn_loss: 0 
tst_loss: 0 
naive_trn_accuracy: 0 
naive_tst_accuracy: 0  
pck_val_accuracy: 0.24000491452991415  
[0.0 0.0 0.0 0.0 0.0 0.0 0.0 0.0 0.0 0.0 0.0 0.0 0.0 0.0; NaN NaN NaN NaN NaN NaN NaN NaN NaN NaN NaN NaN NaN NaN; 0.0 0.0 0.0 0.0 0.0 0.0 0.0 0.0 0.0 0.0 0.0 0.0 0.0 0.0; 0.26 0.35 0.41 0.72 0.12 0.52 0.31 0.71 1.92 2.22 0.61 0.71 4.08 2.85; NaN NaN NaN NaN NaN NaN NaN NaN NaN NaN NaN NaN NaN NaN; 0.26 0.35 0.41 0.72 0.12 0.52 0.31 0.71 1.92 2.22 0.61 0.71 4.08 2.85; 2.35 1.38 3.09 3.18 0.58 2.2 1.94 3.87 8.99 8.99 3.25 2.44 18.76 14.97; NaN NaN NaN NaN NaN NaN NaN NaN NaN NaN NaN NaN NaN NaN; 2.35 1.38 3.09 3.18 0.58 2.2 1.94 3.87 8.99 8.99 3.25 2.44 18.76 14.97; 5.87 2.65 6.39 7.17 1.5 5.43 4.99 9.06 17.68 17.78 8.01 5.19 36.19 28.41; NaN NaN NaN NaN NaN NaN NaN NaN NaN NaN NaN NaN NaN NaN; 5.87 2.65 6.39 7.17 1.5 5.43 4.99 9.06 17.68 17.78 8.01 5.19 36.19 28.41; 11.21 4.83 10.5 11.58 4.61 10.34 7.95 15.38 25.56 26.67 12.37 8.14 50.66 41.55; NaN NaN NaN NaN NaN NaN NaN NaN NaN NaN NaN NaN NaN NaN; 11.21 4.83 10.5 11.58 4.61 10.34 7.95 15.38 25.56 26.67 12.37 8.14 50.66 41.55; 15.65 7.25 15.45 15.37 8.18 16.02 12.44 21.18 33.84 34.14 19.17 12.72 59.53 51.53; NaN NaN NaN NaN NaN NaN NaN NaN NaN NaN NaN NaN NaN NaN; 15.65 7.25 15.45 15.37 8.18 16.02 12.44 21.18 33.84 34.14 19.17 12.72 59.53 51.53; 22.03 10.36 21.83 21.21 9.45 22.22 15.9 26.78 41.01 40.61 24.75 15.97 65.04 58.35; NaN NaN NaN NaN NaN NaN NaN NaN NaN NaN NaN NaN NaN NaN; 22.03 10.36 21.83 21.21 9.45 22.22 15.9 26.78 41.01 40.61 24.75 15.97 65.04 58.35; 27.9 14.73 26.47 26.13 13.13 26.87 19.16 33.1 47.07 45.35 29.61 19.13 68.91 62.53; NaN NaN NaN NaN NaN NaN NaN NaN NaN NaN NaN NaN NaN NaN; 27.9 14.73 26.47 26.13 13.13 26.87 19.16 33.1 47.07 45.35 29.61 19.13 68.91 62.53; 31.29 19.68 34.81 31.66 16.24 31.4 24.26 38.9 52.32 50.4 33.77 22.08 71.56 66.09; NaN NaN NaN NaN NaN NaN NaN NaN NaN NaN NaN NaN NaN NaN; 31.29 19.68 34.81 31.66 16.24 31.4 24.26 38.9 52.32 50.4 33.77 22.08 71.56 66.09; 35.2 24.05 39.44 36.48 19.12 35.01 28.95 43.48 57.07 53.13 38.24 26.45 74.62 68.33; NaN NaN NaN NaN NaN NaN NaN NaN NaN NaN NaN NaN NaN NaN; 35.2 24.05 39.44 36.48 19.12 35.01 28.95 43.48 57.07 53.13 38.24 26.45 74.62 68.33; 39.24 27.39 45.42 41.29 22.12 36.56 33.23 47.86 61.62 55.66 42.29 29.4 76.55 70.67; NaN NaN NaN NaN NaN NaN NaN NaN NaN NaN NaN NaN NaN NaN; 39.24 27.39 45.42 41.29 22.12 36.56 33.23 47.86 61.62 55.66 42.29 29.4 76.55 70.67]
***** epoch: 5 ***** 
trn_loss: 0 
tst_loss: 0 
naive_trn_accuracy: 0 
naive_tst_accuracy: 0  
pck_val_accuracy: 0.2333150849150848  
[0.0 0.0 0.0 0.0 0.0 0.0 0.0 0.0 0.0 0.0 0.0 0.0 0.0 0.0; NaN NaN NaN NaN NaN NaN NaN NaN NaN NaN NaN NaN NaN NaN; 0.0 0.0 0.0 0.0 0.0 0.0 0.0 0.0 0.0 0.0 0.0 0.0 0.0 0.0; 0.65 0.23 0.62 1.02 0.0 0.9 0.82 1.53 2.22 1.92 0.91 0.31 4.28 3.36; NaN NaN NaN NaN NaN NaN NaN NaN NaN NaN NaN NaN NaN NaN; 0.65 0.23 0.62 1.02 0.0 0.9 0.82 1.53 2.22 1.92 0.91 0.31 4.28 3.36; 3.78 0.92 2.47 4.51 1.15 3.36 2.45 4.07 8.48 7.78 3.65 1.93 16.82 15.27; NaN NaN NaN NaN NaN NaN NaN NaN NaN NaN NaN NaN NaN NaN; 3.78 0.92 2.47 4.51 1.15 3.36 2.45 4.07 8.48 7.78 3.65 1.93 16.82 15.27; 6.91 3.11 5.66 8.91 2.88 5.56 5.81 8.04 16.77 16.06 8.52 4.37 35.78 27.39; NaN NaN NaN NaN NaN NaN NaN NaN NaN NaN NaN NaN NaN NaN; 6.91 3.11 5.66 8.91 2.88 5.56 5.81 8.04 16.77 16.06 8.52 4.37 35.78 27.39; 11.47 5.52 10.4 13.93 5.99 11.37 8.87 15.07 26.26 23.74 12.68 6.51 48.01 38.7; NaN NaN NaN NaN NaN NaN NaN NaN NaN NaN NaN NaN NaN NaN; 11.47 5.52 10.4 13.93 5.99 11.37 8.87 15.07 26.26 23.74 12.68 6.51 48.01 38.7; 16.95 7.59 15.86 18.55 9.22 15.89 13.46 19.96 34.85 30.91 17.14 10.99 56.27 47.86; NaN NaN NaN NaN NaN NaN NaN NaN NaN NaN NaN NaN NaN NaN; 16.95 7.59 15.86 18.55 9.22 15.89 13.46 19.96 34.85 30.91 17.14 10.99 56.27 47.86; 21.77 11.97 22.66 23.46 10.94 19.38 17.23 24.64 41.62 37.27 22.62 15.06 61.47 53.77; NaN NaN NaN NaN NaN NaN NaN NaN NaN NaN NaN NaN NaN NaN; 21.77 11.97 22.66 23.46 10.94 19.38 17.23 24.64 41.62 37.27 22.62 15.06 61.47 53.77; 26.34 15.3 29.25 28.79 13.94 25.71 21.51 30.24 47.37 42.42 28.19 18.82 65.85 58.55; NaN NaN NaN NaN NaN NaN NaN NaN NaN NaN NaN NaN NaN NaN; 26.34 15.3 29.25 28.79 13.94 25.71 21.51 30.24 47.37 42.42 28.19 18.82 65.85 58.55; 31.42 18.87 36.66 34.22 16.47 30.62 24.87 35.95 53.33 47.47 32.56 21.97 68.5 62.32; NaN NaN NaN NaN NaN NaN NaN NaN NaN NaN NaN NaN NaN NaN; 31.42 18.87 36.66 34.22 16.47 30.62 24.87 35.95 53.33 47.47 32.56 21.97 68.5 62.32; 34.94 22.09 42.84 39.14 19.59 34.37 27.83 40.22 57.68 50.1 36.41 26.45 71.25 65.17; NaN NaN NaN NaN NaN NaN NaN NaN NaN NaN NaN NaN NaN NaN; 34.94 22.09 42.84 39.14 19.59 34.37 27.83 40.22 57.68 50.1 36.41 26.45 71.25 65.17; 36.64 25.66 48.09 43.65 22.7 37.21 31.4 44.09 60.71 54.04 39.96 29.91 73.29 67.41; NaN NaN NaN NaN NaN NaN NaN NaN NaN NaN NaN NaN NaN NaN; 36.64 25.66 48.09 43.65 22.7 37.21 31.4 44.09 60.71 54.04 39.96 29.91 73.29 67.41]
***** epoch: 6 ***** 
trn_loss: 0 
tst_loss: 0 
naive_trn_accuracy: 0 
naive_tst_accuracy: 0  
pck_val_accuracy: 0.23512809690309677  
[0.0 0.0 0.0 0.0 0.0 0.0 0.0 0.0 0.0 0.0 0.0 0.0 0.0 0.0; NaN NaN NaN NaN NaN NaN NaN NaN NaN NaN NaN NaN NaN NaN; 0.0 0.0 0.0 0.0 0.0 0.0 0.0 0.0 0.0 0.0 0.0 0.0 0.0 0.0; 0.39 0.46 0.72 1.33 0.46 1.42 0.41 1.43 2.02 2.63 1.01 0.71 6.42 4.07; NaN NaN NaN NaN NaN NaN NaN NaN NaN NaN NaN NaN NaN NaN; 0.39 0.46 0.72 1.33 0.46 1.42 0.41 1.43 2.02 2.63 1.01 0.71 6.42 4.07; 2.35 1.61 2.47 4.1 1.38 4.01 2.14 4.18 7.37 7.47 4.26 2.14 23.34 16.19; NaN NaN NaN NaN NaN NaN NaN NaN NaN NaN NaN NaN NaN NaN; 2.35 1.61 2.47 4.1 1.38 4.01 2.14 4.18 7.37 7.47 4.26 2.14 23.34 16.19; 5.87 3.57 5.97 7.89 3.0 8.01 5.1 8.15 17.17 14.85 8.82 4.58 40.47 28.11; NaN NaN NaN NaN NaN NaN NaN NaN NaN NaN NaN NaN NaN NaN; 5.87 3.57 5.97 7.89 3.0 8.01 5.1 8.15 17.17 14.85 8.82 4.58 40.47 28.11; 10.3 5.29 11.02 12.4 5.18 13.82 8.15 13.75 26.16 23.84 13.49 7.02 52.29 40.43; NaN NaN NaN NaN NaN NaN NaN NaN NaN NaN NaN NaN NaN NaN; 10.3 5.29 11.02 12.4 5.18 13.82 8.15 13.75 26.16 23.84 13.49 7.02 52.29 40.43; 16.17 7.83 16.79 17.52 7.95 19.38 13.15 18.74 34.24 30.81 17.75 10.78 59.02 48.27; NaN NaN NaN NaN NaN NaN NaN NaN NaN NaN NaN NaN NaN NaN; 16.17 7.83 16.79 17.52 7.95 19.38 13.15 18.74 34.24 30.81 17.75 10.78 59.02 48.27; 21.38 9.9 23.27 22.75 10.71 23.51 16.72 23.63 40.81 35.96 23.63 14.45 62.49 54.18; NaN NaN NaN NaN NaN NaN NaN NaN NaN NaN NaN NaN NaN NaN; 21.38 9.9 23.27 22.75 10.71 23.51 16.72 23.63 40.81 35.96 23.63 14.45 62.49 54.18; 27.9 13.46 30.18 27.97 11.75 28.94 21.3 28.31 46.26 40.71 29.21 17.9 66.26 58.15; NaN NaN NaN NaN NaN NaN NaN NaN NaN NaN NaN NaN NaN NaN; 27.9 13.46 30.18 27.97 11.75 28.94 21.3 28.31 46.26 40.71 29.21 17.9 66.26 58.15; 31.81 17.38 36.15 33.4 14.29 33.46 25.69 33.2 50.61 45.96 33.77 21.36 68.81 62.12; NaN NaN NaN NaN NaN NaN NaN NaN NaN NaN NaN NaN NaN NaN; 31.81 17.38 36.15 33.4 14.29 33.46 25.69 33.2 50.61 45.96 33.77 21.36 68.81 62.12; 36.64 21.17 41.81 38.32 18.2 36.95 28.54 37.78 54.65 49.19 37.02 24.82 70.54 64.87; NaN NaN NaN NaN NaN NaN NaN NaN NaN NaN NaN NaN NaN NaN; 36.64 21.17 41.81 38.32 18.2 36.95 28.54 37.78 54.65 49.19 37.02 24.82 70.54 64.87; 39.9 25.32 47.37 44.36 21.66 39.02 31.5 43.08 57.78 51.82 40.87 27.87 72.99 67.01; NaN NaN NaN NaN NaN NaN NaN NaN NaN NaN NaN NaN NaN NaN; 39.9 25.32 47.37 44.36 21.66 39.02 31.5 43.08 57.78 51.82 40.87 27.87 72.99 67.01]
***** epoch: 7 ***** 
trn_loss: 0 
tst_loss: 0 
naive_trn_accuracy: 0 
naive_tst_accuracy: 0  
pck_val_accuracy: 0.23914767454767474  
[0.0 0.0 0.0 0.0 0.0 0.0 0.0 0.0 0.0 0.0 0.0 0.0 0.0 0.0; NaN NaN NaN NaN NaN NaN NaN NaN NaN NaN NaN NaN NaN NaN; 0.0 0.0 0.0 0.0 0.0 0.0 0.0 0.0 0.0 0.0 0.0 0.0 0.0 0.0; 1.17 0.35 0.31 1.23 0.69 1.42 0.82 1.12 2.73 2.73 1.42 0.51 4.69 4.18; NaN NaN NaN NaN NaN NaN NaN NaN NaN NaN NaN NaN NaN NaN; 1.17 0.35 0.31 1.23 0.69 1.42 0.82 1.12 2.73 2.73 1.42 0.51 4.69 4.18; 3.26 1.84 1.96 3.69 1.5 4.39 2.45 3.56 8.08 8.48 5.17 2.34 18.76 16.7; NaN NaN NaN NaN NaN NaN NaN NaN NaN NaN NaN NaN NaN NaN; 3.26 1.84 1.96 3.69 1.5 4.39 2.45 3.56 8.08 8.48 5.17 2.34 18.76 16.7; 7.3 3.22 5.46 7.48 2.65 9.3 6.01 7.64 16.97 16.97 11.26 4.88 37.51 29.53; NaN NaN NaN NaN NaN NaN NaN NaN NaN NaN NaN NaN NaN NaN; 7.3 3.22 5.46 7.48 2.65 9.3 6.01 7.64 16.97 16.97 11.26 4.88 37.51 29.53; 11.34 6.1 9.37 11.89 4.84 14.73 9.48 12.93 25.96 24.85 15.01 7.93 49.75 41.85; NaN NaN NaN NaN NaN NaN NaN NaN NaN NaN NaN NaN NaN NaN; 11.34 6.1 9.37 11.89 4.84 14.73 9.48 12.93 25.96 24.85 15.01 7.93 49.75 41.85; 16.3 8.63 14.93 16.7 7.72 18.86 14.17 18.94 34.55 32.42 19.98 11.5 58.51 51.22; NaN NaN NaN NaN NaN NaN NaN NaN NaN NaN NaN NaN NaN NaN; 16.3 8.63 14.93 16.7 7.72 18.86 14.17 18.94 34.55 32.42 19.98 11.5 58.51 51.22; 20.47 11.62 21.83 21.82 9.33 22.74 16.41 24.54 40.51 37.98 24.95 15.36 63.71 58.15; NaN NaN NaN NaN NaN NaN NaN NaN NaN NaN NaN NaN NaN NaN; 20.47 11.62 21.83 21.82 9.33 22.74 16.41 24.54 40.51 37.98 24.95 15.36 63.71 58.15; 25.68 15.54 27.91 26.74 10.94 26.49 20.39 30.55 46.97 43.84 30.32 18.72 68.09 62.32; NaN NaN NaN NaN NaN NaN NaN NaN NaN NaN NaN NaN NaN NaN; 25.68 15.54 27.91 26.74 10.94 26.49 20.39 30.55 46.97 43.84 30.32 18.72 68.09 62.32; 30.51 18.76 34.6 31.45 13.48 31.14 24.36 35.44 51.31 47.98 34.79 22.69 71.05 66.29; NaN NaN NaN NaN NaN NaN NaN NaN NaN NaN NaN NaN NaN NaN; 30.51 18.76 34.6 31.45 13.48 31.14 24.36 35.44 51.31 47.98 34.79 22.69 71.05 66.29; 33.64 21.86 41.4 36.89 16.36 34.24 29.15 41.65 55.25 50.91 39.55 26.86 72.88 69.14; NaN NaN NaN NaN NaN NaN NaN NaN NaN NaN NaN NaN NaN NaN; 33.64 21.86 41.4 36.89 16.36 34.24 29.15 41.65 55.25 50.91 39.55 26.86 72.88 69.14; 37.68 26.24 46.76 42.21 19.93 37.08 33.13 45.62 58.89 53.64 43.41 30.52 75.33 71.89; NaN NaN NaN NaN NaN NaN NaN NaN NaN NaN NaN NaN NaN NaN; 37.68 26.24 46.76 42.21 19.93 37.08 33.13 45.62 58.89 53.64 43.41 30.52 75.33 71.89]
***** epoch: 8 ***** 
trn_loss: 0 
tst_loss: 0 
naive_trn_accuracy: 0 
naive_tst_accuracy: 0  
pck_val_accuracy: 0.2334595987345985  
[0.0 0.0 0.0 0.0 0.0 0.0 0.0 0.0 0.0 0.0 0.0 0.0 0.0 0.0; NaN NaN NaN NaN NaN NaN NaN NaN NaN NaN NaN NaN NaN NaN; 0.0 0.0 0.0 0.0 0.0 0.0 0.0 0.0 0.0 0.0 0.0 0.0 0.0 0.0; 0.39 0.12 0.41 1.13 0.12 1.16 0.82 0.51 1.52 1.92 1.01 0.61 3.36 4.38; NaN NaN NaN NaN NaN NaN NaN NaN NaN NaN NaN NaN NaN NaN; 0.39 0.12 0.41 1.13 0.12 1.16 0.82 0.51 1.52 1.92 1.01 0.61 3.36 4.38; 2.61 1.27 2.57 3.18 1.27 3.75 2.75 2.55 7.58 7.68 4.77 2.03 14.48 17.82; NaN NaN NaN NaN NaN NaN NaN NaN NaN NaN NaN NaN NaN NaN; 2.61 1.27 2.57 3.18 1.27 3.75 2.75 2.55 7.58 7.68 4.77 2.03 14.48 17.82; 5.61 3.22 6.18 7.68 4.61 8.01 6.32 5.91 15.45 15.76 10.04 5.19 31.8 29.02; NaN NaN NaN NaN NaN NaN NaN NaN NaN NaN NaN NaN NaN NaN; 5.61 3.22 6.18 7.68 4.61 8.01 6.32 5.91 15.45 15.76 10.04 5.19 31.8 29.02; 9.52 6.56 10.92 11.27 6.57 13.31 10.09 11.61 24.04 23.94 15.92 8.04 46.38 40.63; NaN NaN NaN NaN NaN NaN NaN NaN NaN NaN NaN NaN NaN NaN; 9.52 6.56 10.92 11.27 6.57 13.31 10.09 11.61 24.04 23.94 15.92 8.04 46.38 40.63; 14.99 8.52 17.1 16.29 9.1 17.31 14.68 18.23 32.73 31.01 19.78 12.41 56.17 48.17; NaN NaN NaN NaN NaN NaN NaN NaN NaN NaN NaN NaN NaN NaN; 14.99 8.52 17.1 16.29 9.1 17.31 14.68 18.23 32.73 31.01 19.78 12.41 56.17 48.17; 19.69 11.85 22.55 22.13 12.21 21.58 17.64 23.83 38.89 36.36 24.65 16.68 61.98 56.52; NaN NaN NaN NaN NaN NaN NaN NaN NaN NaN NaN NaN NaN NaN; 19.69 11.85 22.55 22.13 12.21 21.58 17.64 23.83 38.89 36.36 24.65 16.68 61.98 56.52; 24.25 14.96 29.76 26.43 15.32 25.45 21.41 28.82 44.65 41.41 30.32 19.63 66.36 61.71; NaN NaN NaN NaN NaN NaN NaN NaN NaN NaN NaN NaN NaN NaN; 24.25 14.96 29.76 26.43 15.32 25.45 21.41 28.82 44.65 41.41 30.32 19.63 66.36 61.71; 27.77 18.53 37.08 31.97 17.86 29.2 25.59 35.44 49.29 45.96 35.6 23.7 69.11 66.5; NaN NaN NaN NaN NaN NaN NaN NaN NaN NaN NaN NaN NaN NaN; 27.77 18.53 37.08 31.97 17.86 29.2 25.59 35.44 49.29 45.96 35.6 23.7 69.11 66.5; 32.2 22.9 43.56 37.19 21.66 32.43 29.97 41.14 53.74 49.39 39.35 27.26 71.97 68.23; NaN NaN NaN NaN NaN NaN NaN NaN NaN NaN NaN NaN NaN NaN; 32.2 22.9 43.56 37.19 21.66 32.43 29.97 41.14 53.74 49.39 39.35 27.26 71.97 68.23; 35.98 27.85 48.4 43.65 25.46 35.92 34.76 45.21 57.78 52.32 43.31 29.6 73.5 72.0; NaN NaN NaN NaN NaN NaN NaN NaN NaN NaN NaN NaN NaN NaN; 35.98 27.85 48.4 43.65 25.46 35.92 34.76 45.21 57.78 52.32 43.31 29.6 73.5 72.0]
